pinheiros_v
first_area
     -46.734190      -23.545536
     -46.729821      -23.541249
     -46.726218      -23.537816
     -46.724758      -23.537061
     -46.723004      -23.537073
     -46.720388      -23.537368
     -46.720908      -23.537333
     -46.719791      -23.537010
     -46.719008      -23.536085
     -46.714277      -23.535298
     -46.711755      -23.535472
     -46.709718      -23.536020
     -46.709416      -23.536296
     -46.709405      -23.537103
     -46.708132      -23.538515
     -46.707639      -23.538732
     -46.706421      -23.538885
     -46.705442      -23.539856
     -46.704728      -23.540156
     -46.699851      -23.540992
     -46.698807      -23.541023
     -46.697262      -23.540698
     -46.696481      -23.541989
     -46.696115      -23.542425
     -46.695027      -23.543094
     -46.693269      -23.544733
     -46.691821      -23.545667
     -46.688726      -23.547546
     -46.687353      -23.547580
     -46.685770      -23.548150
     -46.684338      -23.549365
     -46.683566      -23.549557
     -46.680390      -23.549768
     -46.679457      -23.550073
     -46.676351      -23.551768
     -46.666297      -23.556119
     -46.666134      -23.556506
     -46.666350      -23.556959
     -46.668462      -23.558531
     -46.674991      -23.562385
     -46.676749      -23.563628
     -46.690886      -23.571093
     -46.699528      -23.572023
     -46.700601      -23.572190
     -46.701470      -23.570717
     -46.704644      -23.562740
     -46.707552      -23.559760    
     -46.711326      -23.558015
     -46.729601      -23.548748
     -46.733925      -23.545788
     
END
END
