ipiranga_v
first_area
     -46.608060  -23.568933
     -46.607880  -23.568543
     -46.608486  -23.568181
     -46.608811  -23.567886
     -46.608975  -23.567625
     -46.607114  -23.566863
     -46.605668  -23.566261
     -46.605451  -23.566211
     -46.604865  -23.567245
     -46.604532  -23.567368
     -46.603889  -23.567142
     -46.600170  -23.574497
     -46.597060  -23.581546
     -46.594816  -23.586152
     -46.593682  -23.587669
     -46.579326  -23.604687
     -46.580991  -23.611772
     -46.583412  -23.610974
     -46.588293  -23.610063
     -46.589435  -23.609765
     -46.593375  -23.606780
     -46.593933  -23.606249
     -46.596246  -23.604382
     -46.597115  -23.603664
     -46.597533  -23.603064
     -46.597866  -23.602710
     -46.598381  -23.601727
     -46.598837  -23.601324
     -46.599148  -23.601157
     -46.599808  -23.600985
     -46.600408  -23.600943
     -46.601894  -23.602762
     -46.602820  -23.602189
     -46.603115  -23.602570
     -46.603252  -23.602951
     -46.603504  -23.603302
     -46.603330  -23.603676
     -46.603628  -23.603624
     -46.604277  -23.603191
     -46.604572  -23.602567
     -46.604772  -23.602317
     -46.605310  -23.601915
     -46.605883  -23.601911
     -46.609265  -23.602155
     -46.613900  -23.602548
     -46.614890  -23.602619
     -46.616572  -23.602683
     -46.618246  -23.602555
     -46.619705  -23.602422
     -46.620311  -23.602309
     -46.620751  -23.602098
     -46.621631  -23.601316
     -46.622366  -23.600520
     -46.622966  -23.599755
     -46.623460  -23.599391
     -46.622457  -23.597541
     -46.621346  -23.595326
     -46.622988  -23.594211
     -46.622012  -23.593159
     -46.621679  -23.592908
     -46.620947  -23.592704
     -46.620143  -23.588725
     -46.619810  -23.587614
     -46.619617  -23.587240
     -46.618094  -23.584546
     -46.617817  -23.584131
     -46.617073  -23.583478
     -46.615367  -23.583050
     -46.615136  -23.582893
     -46.614127  -23.581379
     -46.612169  -23.578942
     -46.611910  -23.578813
     -46.611264  -23.578228
     -46.610888  -23.577727
     -46.610361  -23.577397
     -46.609543  -23.577208
     -46.609095  -23.577176
     -46.608767  -23.576305
     -46.607633  -23.573694
     -46.608073  -23.569082

     
END
END
