vilamaroa_19
first_area
     -46.567479  -23.503769
     -46.569048  -23.505082
     -46.570362  -23.506495
     -46.572140  -23.508311
     -46.573812  -23.510055
     -46.576306  -23.512678
     -46.578220  -23.514694
     -46.580494  -23.517083
     -46.582692  -23.519414
     -46.584896  -23.521736
     -46.589411  -23.527295
     -46.590841  -23.528133
     -46.590841  -23.528133
     -46.596184  -23.526569
     -46.595099  -23.525271
     -46.595283  -23.524313
     -46.595712  -23.523717
     -46.596050  -23.522117
     -46.595865  -23.521432
     -46.595150  -23.520549
     -46.595035  -23.519972
     -46.595057  -23.518872
     -46.594995  -23.515549
     -46.594898  -23.511913
     -46.594894  -23.510056
     -46.594926  -23.509512
     -46.595427  -23.508166
     -46.595804  -23.508036
     -46.595879  -23.507729
     -46.596224  -23.507144
     -46.596589  -23.506530
     -46.596428  -23.506461
     -46.596259  -23.506500
     -46.596114  -23.505870
     -46.595752  -23.505076
     -46.595341  -23.504515
     -46.594955  -23.504166
     -46.594558  -23.503924
     -46.594016  -23.503684
     -46.593550  -23.503494
     -46.593211  -23.503281
     -46.592960  -23.503152
     -46.592620  -23.503053
     -46.592347  -23.502954
     -46.592143  -23.502831
     -46.591970  -23.502671
     -46.591880  -23.502509
     -46.591892  -23.502374
     -46.590950  -23.502190
     -46.591526  -23.500938
     -46.591860  -23.500541
     -46.592248  -23.500361
     -46.590966  -23.499668
     -46.589950  -23.499053
     -46.589175  -23.498927
     -46.588440  -23.498785
     -46.587733  -23.497887
     -46.587022  -23.497207
     -46.586110  -23.496347
     -46.585210  -23.495474
     -46.584796  -23.495084
     -46.584228  -23.494907
     -46.583529  -23.494804
     -46.583017  -23.494751
     -46.582077  -23.494858
     -46.581320  -23.494955
     -46.579675  -23.495007
     -46.577954  -23.495260
     -46.577373  -23.495391
     -46.577011  -23.495592
     -46.576140  -23.496376
     -46.575199  -23.497222
     -46.574372  -23.497969
     -46.573279  -23.499100
     -46.572700  -23.499702
     -46.571562  -23.500786
     -46.570955  -23.501373
     -46.570759  -23.501575
     -46.570799  -23.502347
     -46.570750  -23.502507
     -46.570685  -23.502422
     -46.570261  -23.502846
     -46.569710  -23.503365
     -46.569471  -23.503542
     -46.568897  -23.503850
     -46.568487  -23.503978
     -46.568283  -23.503957
     -46.567998  -23.503818
     -46.567647  -23.503643
END
END
