aguafria_v
first_area
     -46.625635  -23.498992
     -46.625870  -23.497514
     -46.626976  -23.497168
     -46.627395  -23.497109
     -46.627821  -23.496897
     -46.629116  -23.496586
     -46.629690  -23.496094
     -46.632676  -23.492844
     -46.633771  -23.492300
     -46.634729  -23.491676
     -46.635219  -23.490703
     -46.636055  -23.489542
     -46.637862  -23.488448
     -46.638378  -23.487893
     -46.638925  -23.486686
     -46.639524  -23.486658
     -46.640298  -23.486209
     -46.640772  -23.485651
     -46.641174  -23.485400
     -46.641394  -23.484967
     -46.641855  -23.484627
     -46.642241  -23.483958
     -46.643566  -23.483769
     -46.644762  -23.483976
     -46.645124  -23.483742
     -46.646310  -23.482881
     -46.647347  -23.482168
     -46.646207  -23.481115
     -46.645357  -23.479516
     -46.644288  -23.478540
     -46.643099  -23.477658
     -46.638499  -23.475376
     -46.637590  -23.474851
     -46.636488  -23.474388
     -46.633393  -23.473090
     -46.633103  -23.473031
     -46.630360  -23.473205
     -46.630357  -23.472744
     -46.629941  -23.471858
     -46.629855  -23.470913
     -46.630397  -23.470327
     -46.630915  -23.467301
     -46.630826  -23.466887
     -46.630568  -23.466566
     -46.630071  -23.466163
     -46.629849  -23.465157
     -46.629385  -23.464384
     -46.629326  -23.463862
     -46.629461  -23.462416
     -46.629645  -23.461975
     -46.629650  -23.461060
     -46.628740  -23.458772
     -46.628759  -23.458465
     -46.629803  -23.456197
     -46.629824  -23.455942
     -46.629407  -23.454841
     -46.628958  -23.453320
     -46.628856  -23.452926
     -46.628660  -23.452687
     -46.628555  -23.452549
     -46.628190  -23.451678
     -46.627852  -23.450177
     -46.627504  -23.448643
     -46.627633  -23.448057
     -46.627215  -23.447338
     -46.617540  -23.446346
     -46.599092  -23.447523
     -46.599167  -23.448373
     -46.599078  -23.450196
     -46.600710  -23.451486
     -46.601622  -23.452647
     -46.601887  -23.453521
     -46.601996  -23.454398
     -46.602620  -23.455818
     -46.602710  -23.456364
     -46.602384  -23.458683
     -46.602776  -23.461440
     -46.603711  -23.464633
     -46.603742  -23.465301
     -46.603438  -23.465816
     -46.604257  -23.469532
     -46.605083  -23.470004
     -46.607512  -23.472875
     -46.608508  -23.474843
     -46.609629  -23.476494
     -46.609743  -23.476727
     -46.610370  -23.477286
     -46.610510  -23.477687
     -46.611492  -23.479299
     -46.611256  -23.480458
     -46.611545  -23.480964
     -46.611945  -23.481149
     -46.612468  -23.481316
     -46.613862  -23.483550
     -46.615692  -23.484964
     -46.617336  -23.486464
     -46.617691  -23.486593
     -46.619617  -23.486578
     -46.619882  -23.486641
     -46.622009  -23.487894
     -46.623427  -23.488246
     -46.623960  -23.488727
     -46.624225  -23.489168
     -46.624381  -23.489912
     -46.624834  -23.491349
     -46.624823  -23.491900
     -46.625328  -23.492375
     -46.625620  -23.493356
     -46.625019  -23.493986
     -46.624179  -23.495468
     -46.623420  -23.496507
     -46.623148  -23.496626
     -46.623140  -23.496947
     -46.623474  -23.499097
     -46.625535  -23.499009
END
END
