perdizes_v
first_area
     -46.691808  -23.545686
     -46.690021  -23.546994
     -46.689327  -23.547408
     -46.688280  -23.547608
     -46.687366  -23.547524
     -46.685910  -23.548031
     -46.684571  -23.549186
     -46.684233  -23.549422
     -46.683873  -23.549537
     -46.681286  -23.549645
     -46.679909  -23.549819
     -46.678543  -23.550225
     -46.677633  -23.550879
     -46.676571  -23.551554
     -46.675752  -23.552006
     -46.673783  -23.552781
     -46.671385  -23.553756
     -46.669819  -23.554462
     -46.667725  -23.555248
     -46.666883  -23.553541
     -46.666143  -23.552501
     -46.665506  -23.551924
     -46.665104  -23.551309
     -46.664766  -23.550929
     -46.664421  -23.550512
     -46.663775  -23.550274
     -46.663645  -23.549962
     -46.663895  -23.549706
     -46.664240  -23.549530
     -46.664272  -23.548449
     -46.664321  -23.546869
     -46.664398  -23.545975
     -46.664748  -23.544724
     -46.664818  -23.544290
     -46.664319  -23.542930
     -46.663993  -23.542438
     -46.663571  -23.541700
     -46.662477  -23.541003
     -46.662024  -23.540732
     -46.661909  -23.540215
     -46.661534  -23.540118
     -46.661460  -23.539053
     -46.661336  -23.537912
     -46.661336  -23.537912
     -46.660560  -23.535761
     -46.660091  -23.534831
     -46.659261  -23.533137
     -46.658729  -23.532041
     -46.658206  -23.531106
     -46.657432  -23.530345
     -46.656516  -23.529496
     -46.654782  -23.527886
     -46.654643  -23.527636
     -46.651559  -23.528095
     -46.648259  -23.527859
     -46.648380  -23.527143
     -46.648869  -23.526267
     -46.649703  -23.524803
     -46.650656  -23.523130
     -46.651668  -23.521450
     -46.652914  -23.519248
     -46.653286  -23.518698
     -46.654196  -23.517964
     -46.653999  -23.516764
     -46.661541  -23.515869
     -46.666768  -23.515348
     -46.677305  -23.513907
     -46.678923  -23.513467
     -46.679019  -23.515121
     -46.679045  -23.516898
     -46.678918  -23.517515
     -46.678724  -23.518243
     -46.678828  -23.518648
     -46.679121  -23.519132
     -46.679144  -23.520212
     -46.679220  -23.521167
     -46.679256  -23.521995
     -46.679509  -23.522669
     -46.680198  -23.523684
     -46.681163  -23.524954
     -46.682255  -23.526422
     -46.683942  -23.528855
     -46.685694  -23.531309
     -46.687534  -23.533815
     -46.689309  -23.536349
     -46.690542  -23.538015
     -46.690839  -23.538611
     -46.690706  -23.539792
     -46.690559  -23.540596
     -46.690342  -23.541976
     -46.690146  -23.542885
     -46.690315  -23.543559
     -46.690733  -23.544241
     -46.690947  -23.544713
     -46.691194  -23.544851
     -46.691814  -23.545685
END
END