sacoma_26
first_area
     -46.615968  -23.634247
     -46.614324  -23.633586
     -46.611888  -23.632685
     -46.609822  -23.631871
     -46.608685  -23.631441
     -46.606150  -23.631524
     -46.604549  -23.631596
     -46.604730  -23.632128
     -46.605401  -23.633667
     -46.605864  -23.634811
     -46.606033  -23.635184
     -46.606457  -23.635798
     -46.606397  -23.636437
     -46.606438  -23.636634
     -46.606730  -23.636966
     -46.607055  -23.637052
     -46.607511  -23.637108
     -46.607728  -23.637152
     -46.607806  -23.637663
     -46.608023  -23.638202
     -46.607972  -23.638482
     -46.607661  -23.638772
     -46.607471  -23.639188
     -46.607473  -23.639504
     -46.606941  -23.639134
     -46.606626  -23.638940
     -46.606411  -23.638869
     -46.605941  -23.638810
     -46.605189  -23.638680
     -46.605018  -23.638567
     -46.604899  -23.638324
     -46.604599  -23.638388
     -46.604273  -23.638316
     -46.604091  -23.638362
     -46.603480  -23.638337
     -46.603201  -23.638274
     -46.602558  -23.638260
     -46.601985  -23.638205
     -46.601497  -23.638659
     -46.601154  -23.638864
     -46.600908  -23.639242
     -46.600648  -23.639433
     -46.600370  -23.639533
     -46.600070  -23.639624
     -46.599430  -23.639815
     -46.599313  -23.639822
     -46.599166  -23.639766
     -46.598830  -23.639618
     -46.598241  -23.639339
     -46.598019  -23.639219
     -46.596039  -23.638278
     -46.594186  -23.637308
     -46.594815  -23.636507
     -46.595153  -23.635753
     -46.595711  -23.634099
     -46.596196  -23.632448
     -46.596636  -23.630411
     -46.596907  -23.629128
     -46.597162  -23.628588
     -46.597720  -23.627620
     -46.598907  -23.625662
     -46.599787  -23.624193
     -46.601066  -23.622074
     -46.601518  -23.622043
     -46.601646  -23.621435
     -46.601971  -23.621123
     -46.602210  -23.620737
     -46.602130  -23.619772
     -46.602341  -23.619273
     -46.602844  -23.618936
     -46.604020  -23.618397
     -46.605010  -23.618001
     -46.605590  -23.617723
     -46.606254  -23.616979
     -46.606455  -23.616329
     -46.606504  -23.615711
     -46.606292  -23.615370
     -46.605632  -23.615231
     -46.604938  -23.615130
     -46.604767  -23.614887
     -46.605230  -23.614171
     -46.605465  -23.613855
     -46.606374  -23.613382
     -46.606672  -23.612967
     -46.606952  -23.612539
     -46.607883  -23.611892
     -46.608341  -23.611520
     -46.608585  -23.611127
     -46.608569  -23.610491
     -46.608561  -23.609995
     -46.608628  -23.609730
     -46.608805  -23.609628
     -46.609287  -23.609481
     -46.609782  -23.609349
     -46.610199  -23.609185
     -46.611360  -23.609102
     -46.611948  -23.609208
     -46.612299  -23.609203
     -46.612664  -23.609101
     -46.613130  -23.608768
     -46.613776  -23.608309
     -46.613918  -23.608094
     -46.614024  -23.607847
     -46.614693  -23.608413
     -46.614875  -23.608656
     -46.615024  -23.608778
     -46.615271  -23.608876
     -46.616146  -23.609559
     -46.617285  -23.610460
     -46.617593  -23.610652
     -46.617747  -23.611144
     -46.617802  -23.611517
     -46.617771  -23.611759
     -46.617716  -23.612389
     -46.617664  -23.612849
     -46.617622  -23.613129
     -46.617622  -23.613129
     -46.617356  -23.613699
     -46.617292  -23.613856
     -46.617250  -23.614068
     -46.617238  -23.614550
     -46.617481  -23.615456
     -46.617821  -23.616665
     -46.618012  -23.617213
     -46.618124  -23.617626
     -46.618269  -23.617941
     -46.618527  -23.618228
     -46.618824  -23.618550
     -46.619954  -23.619307
     -46.620200  -23.619563
     -46.620399  -23.619789
     -46.620557  -23.620143
     -46.620702  -23.620558
     -46.620675  -23.620959
     -46.620643  -23.621303
     -46.620495  -23.621826
     -46.620123  -23.622863
     -46.619833  -23.623829
     -46.619457  -23.624989
     -46.619199  -23.625750
     -46.619128  -23.626059
     -46.619129  -23.626238
     -46.619193  -23.627267
     -46.619195  -23.627430
     -46.619136  -23.627787
     -46.618797  -23.628647
     -46.618476  -23.629497
     -46.617883  -23.630527
     -46.617400  -23.631311
     -46.617121  -23.632043
     -46.616818  -23.632805
     -46.616381  -23.633495
     -46.615966  -23.634254
END
END