tatuape_30
first_area
     -46.580375  -23.541988
     -46.579683  -23.541856
     -46.578921  -23.541605
     -46.578154  -23.541299
     -46.577648  -23.541099
     -46.577136  -23.541058
     -46.575913  -23.540768
     -46.575393  -23.540646
     -46.574824  -23.540572
     -46.574130  -23.540369
     -46.573288  -23.540002
     -46.572423  -23.539692
     -46.571431  -23.539447
     -46.570411  -23.539290
     -46.568637  -23.538979
     -46.567870  -23.538828
     -46.566816  -23.538694
     -46.565669  -23.538562
     -46.564459  -23.538319
     -46.563160  -23.538077
     -46.562092  -23.537853
     -46.560294  -23.537410
     -46.559102  -23.537163
     -46.558196  -23.536980
     -46.557033  -23.536764
     -46.556015  -23.536572
     -46.554691  -23.536357
     -46.552568  -23.535880
     -46.551487  -23.535634
     -46.550804  -23.535509
     -46.549200  -23.535148
     -46.548300  -23.534962
     -46.548228  -23.535241
     -46.548032  -23.535870
     -46.547958  -23.536424
     -46.547710  -23.537287
     -46.547584  -23.537685
     -46.547383  -23.538033
     -46.547026  -23.538352
     -46.546571  -23.538600
     -46.545767  -23.538880
     -46.545141  -23.539145
     -46.544732  -23.539298
     -46.544074  -23.539551
     -46.543867  -23.539637
     -46.543341  -23.539803
     -46.542789  -23.540013
     -46.542938  -23.540314
     -46.543249  -23.541049
     -46.544371  -23.541276
     -46.545738  -23.541550
     -46.547366  -23.541891
     -46.548552  -23.542138
     -46.549288  -23.542294
     -46.548871  -23.543924
     -46.548695  -23.544606
     -46.548768  -23.544895
     -46.548977  -23.545669
     -46.549289  -23.546935
     -46.549581  -23.547960
     -46.549830  -23.548924
     -46.549926  -23.548966
     -46.550693  -23.549110
     -46.551985  -23.549374
     -46.553492  -23.549680
     -46.554646  -23.549843
     -46.554220  -23.551418
     -46.553872  -23.552769
     -46.554007  -23.554358
     -46.554125  -23.556102
     -46.553353  -23.557055
     -46.553231  -23.557361
     -46.553100  -23.558492
     -46.552989  -23.559516
     -46.552984  -23.559707
     -46.553172  -23.559811
     -46.554073  -23.561065
     -46.554228  -23.561110
     -46.554894  -23.561559
     -46.555449  -23.561843
     -46.556004  -23.562005
     -46.556069  -23.562078
     -46.556467  -23.562136
     -46.558040  -23.562501
     -46.558485  -23.562573
     -46.559225  -23.562564
     -46.559931  -23.562573
     -46.560243  -23.562480
     -46.560975  -23.562227
     -46.562373  -23.561616
     -46.563157  -23.561414
     -46.564175  -23.561137
     -46.565824  -23.560350
     -46.566841  -23.559894
     -46.567987  -23.559413
     -46.568189  -23.559705
     -46.569254  -23.559220
     -46.569097  -23.558892
     -46.570103  -23.558464
     -46.571346  -23.557886
     -46.572363  -23.557419
     -46.574027  -23.556673
     -46.576079  -23.555766
     -46.576499  -23.555560
     -46.576967  -23.555333
     -46.576720  -23.554362
     -46.576681  -23.553827
     -46.576858  -23.552976
     -46.577802  -23.551317
     -46.578636  -23.549736
     -46.578982  -23.548779
     -46.579390  -23.546994
     -46.579806  -23.545184
     -46.580127  -23.543702
     -46.580184  -23.543077
     -46.580377  -23.541985
END
END