vilacarrao_31
first_area
     -46.516911 -23.555119
     -46.517263 -23.555258
     -46.517764 -23.555625
     -46.518168 -23.556134
     -46.518529 -23.556476
     -46.518967 -23.556873
     -46.519814 -23.557310
     -46.520696 -23.557838
     -46.521482 -23.558299
     -46.521988 -23.558302
     -46.522787 -23.557771
     -46.523863 -23.557449
     -46.524401 -23.557268
     -46.524810 -23.556943
     -46.525255 -23.556462
     -46.525686 -23.557155
     -46.526067 -23.557595
     -46.525724 -23.557781
     -46.526244 -23.558623
     -46.526804 -23.559510
     -46.527287 -23.560362
     -46.527831 -23.561242
     -46.528427 -23.562180
     -46.528958 -23.563028
     -46.529696 -23.564272
     -46.530314 -23.563945
     -46.531173 -23.563485
     -46.531436 -23.563863
     -46.532336 -23.563414
     -46.532117 -23.563003
     -46.533079 -23.562496
     -46.534011 -23.562022
     -46.534961 -23.561519
     -46.535599 -23.561208
     -46.535753 -23.561492
     -46.535725 -23.561849
     -46.536264 -23.561746
     -46.536874 -23.561668
     -46.537064 -23.562014
     -46.537440 -23.562242
     -46.537817 -23.562292
     -46.538437 -23.561802
     -46.538745 -23.561705
     -46.539795 -23.561772
     -46.540683 -23.561656
     -46.540613 -23.561220
     -46.540831 -23.560623
     -46.541129 -23.559803
     -46.541682 -23.558368
     -46.542050 -23.557452
     -46.542551 -23.556105
     -46.543038 -23.554916
     -46.543526 -23.553725
     -46.544859 -23.553485
     -46.545851 -23.553059
     -46.546906 -23.552588
     -46.546997 -23.552755
     -46.547509 -23.552592
     -46.548288 -23.552328
     -46.547897 -23.551624
     -46.547713 -23.551176
     -46.548283 -23.550951
     -46.547937 -23.550214
     -46.547755 -23.549779
     -46.548787 -23.549406
     -46.549784 -23.549011
     -46.549825 -23.548909
     -46.549568 -23.547951
     -46.549300 -23.546917
     -46.549031 -23.545907
     -46.548772 -23.544894
     -46.548670 -23.544609
     -46.548914 -23.543633
     -46.549066 -23.543062
     -46.549278 -23.542296
     -46.548565 -23.542140
     -46.547355 -23.541894
     -46.546282 -23.541653
     -46.545167 -23.541447
     -46.544133 -23.541243
     -46.543248 -23.541052
     -46.542522 -23.539506
     -46.541256 -23.540033
     -46.539821 -23.540643
     -46.539097 -23.540866
     -46.538193 -23.540945
     -46.537020 -23.540862
     -46.536113 -23.540934
     -46.535402 -23.541133
     -46.534440 -23.541765
     -46.533453 -23.542518
     -46.532860 -23.542808
     -46.531396 -23.543476
     -46.530055 -23.544078
     -46.529567 -23.544341
     -46.528911 -23.544976
     -46.528027 -23.545921
     -46.527335 -23.546582
     -46.526539 -23.547185
     -46.525890 -23.547623
     -46.525313 -23.548092
     -46.524725 -23.548847
     -46.524216 -23.549540
     -46.523763 -23.549949
     -46.522275 -23.550804
     -46.520407 -23.551869
     -46.519182 -23.552506
     -46.518477 -23.553003
     -46.518047 -23.553485
     -46.517469 -23.554335
     -46.516915 -23.555116
END
END