vilamariana_36
first_area
     -46.651128  -23.569840
     -46.650492  -23.570373
     -46.650356  -23.570493
     -46.649959  -23.570805
     -46.649431  -23.571205
     -46.648910  -23.571623
     -46.648552  -23.571864
     -46.647683  -23.572533
     -46.647190  -23.572932
     -46.646763  -23.573821
     -46.646289  -23.574820
     -46.645870  -23.575768
     -46.644836  -23.575354
     -46.643631  -23.574891
     -46.643111  -23.574683
     -46.642844  -23.575246
     -46.642664  -23.575643
     -46.642087  -23.575400
     -46.641894  -23.575292
     -46.641790  -23.575087
     -46.642038  -23.574560
     -46.642166  -23.574305
     -46.642463  -23.573627
     -46.642583  -23.573338
     -46.642791  -23.572902
     -46.642911  -23.572681
     -46.642987  -23.572506
     -46.643026  -23.572221
     -46.642900  -23.572282
     -46.642756  -23.572392
     -46.642225  -23.572826
     -46.641929  -23.573043
     -46.641399  -23.573252
     -46.641065  -23.573385
     -46.640676  -23.573525
     -46.640608  -23.573517
     -46.640199  -23.573626
     -46.639718  -23.573776
     -46.639298  -23.573908
     -46.639330  -23.574249
     -46.639367  -23.574846
     -46.639397  -23.575155
     -46.639447  -23.575893
     -46.639505  -23.576644
     -46.639573  -23.577388
     -46.639614  -23.577820
     -46.639860  -23.577834
     -46.640453  -23.578043
     -46.640327  -23.578229
     -46.640093  -23.578596
     -46.639905  -23.578892
     -46.639618  -23.579350
     -46.639351  -23.579754
     -46.639017  -23.580304
     -46.638762  -23.580695
     -46.638567  -23.580995
     -46.638198  -23.581564
     -46.637917  -23.581989
     -46.637601  -23.582495
     -46.637472  -23.582690
     -46.637125  -23.583216
     -46.636739  -23.583809
     -46.636400  -23.584323
     -46.636179  -23.584648
     -46.635779  -23.584454
     -46.635355  -23.584245
     -46.634651  -23.583890
     -46.634049  -23.583566
     -46.633660  -23.584050
     -46.633425  -23.584350
     -46.633339  -23.584449
     -46.632611  -23.585397
     -46.632233  -23.585867
     -46.631940  -23.586270
     -46.631490  -23.586836
     -46.630885  -23.587602
     -46.630529  -23.588075
     -46.630782  -23.588117
     -46.631051  -23.588197
     -46.631875  -23.588490
     -46.632211  -23.588608
     -46.631934  -23.588845
     -46.631696  -23.589131
     -46.631618  -23.589332
     -46.631618  -23.589332
     -46.631628  -23.589510
     -46.631980  -23.589516
     -46.632550  -23.589553
     -46.633270  -23.589619
     -46.633679  -23.589663
     -46.634738  -23.589721
     -46.634970  -23.590220
     -46.635234  -23.590768
     -46.635390  -23.591034
     -46.635690  -23.591428
     -46.636104  -23.591850
     -46.636317  -23.592195
     -46.636558  -23.592070
     -46.637213  -23.592733
     -46.638312  -23.593398
     -46.639452  -23.593477
     -46.640074  -23.593558
     -46.642255  -23.593939
     -46.643996  -23.594067
     -46.645179  -23.593694
     -46.647630  -23.592755
     -46.648816  -23.592251
     -46.648902  -23.592427
     -46.649824  -23.592342
     -46.650143  -23.592503
     -46.650207  -23.592953
     -46.650282  -23.593535
     -46.650358  -23.594873
     -46.650466  -23.596456
     -46.650594  -23.597742
     -46.650671  -23.598827
     -46.650809  -23.600310
     -46.650932  -23.601553
     -46.651099  -23.603345
     -46.651172  -23.603850
     -46.651295  -23.605255
     -46.651379  -23.605952
     -46.651506  -23.606413
     -46.651695  -23.606850
     -46.651969  -23.607350
     -46.652544  -23.608007
     -46.652755  -23.607490
     -46.653028  -23.606762
     -46.653342  -23.606062
     -46.653639  -23.605365
     -46.653972  -23.604570
     -46.654296  -23.603821
     -46.654519  -23.603506
     -46.655375  -23.602809
     -46.656207  -23.602123
     -46.657070  -23.601442
     -46.657907  -23.600757
     -46.658633  -23.600194
     -46.658945  -23.599927
     -46.659969  -23.599128
     -46.661837  -23.597642
     -46.663369  -23.596357
     -46.664100  -23.595625
     -46.664643  -23.594730
     -46.664820  -23.593702
     -46.664815  -23.592962
     -46.664703  -23.591991
     -46.664505  -23.590781
     -46.664286  -23.589100
     -46.664055  -23.587316
     -46.663754  -23.585292
     -46.663569  -23.583634
     -46.663339  -23.582195
     -46.663203  -23.581329
     -46.663077  -23.581133
     -46.663264  -23.581085
     -46.663833  -23.580445
     -46.661709  -23.579208
     -46.660906  -23.578727
     -46.660521  -23.578384
     -46.659653  -23.577593
     -46.658880  -23.576890
     -46.658205  -23.576289
     -46.657848  -23.575954
     -46.657378  -23.575543
     -46.656711  -23.574940
     -46.656069  -23.574351
     -46.655464  -23.573772
     -46.654822  -23.573214
     -46.654203  -23.572635
     -46.653609  -23.572116
     -46.653030  -23.571556
     -46.652353  -23.570948
     -46.651527  -23.570204
     -46.651128  -23.569839
END
END