vilagustavo_39
first_area
     -46.571575  -23.485267
     -46.573437  -23.486170
     -46.575338  -23.487118
     -46.576874  -23.487871
     -46.577524  -23.488190
     -46.578588  -23.489169
     -46.580587  -23.491084
     -46.582048  -23.492511
     -46.582235  -23.492749
     -46.583431  -23.493824
     -46.584779  -23.495071
     -46.586332  -23.496541
     -46.587008  -23.497190
     -46.587673  -23.497806
     -46.588346  -23.498680
     -46.588487  -23.498803
     -46.589767  -23.499022
     -46.589989  -23.499075
     -46.591587  -23.499975
     -46.592240  -23.500367
     -46.593155  -23.500001
     -46.593510  -23.499816
     -46.593795  -23.499556
     -46.594011  -23.499399
     -46.594285  -23.499290
     -46.594619  -23.499128
     -46.594947  -23.498902
     -46.595132  -23.498744
     -46.595255  -23.498609
     -46.595387  -23.498420
     -46.595501  -23.498299
     -46.595672  -23.498196
     -46.595932  -23.498147
     -46.596261  -23.498123
     -46.596888  -23.498192
     -46.596938  -23.497309
     -46.596946  -23.496774
     -46.597466  -23.496459
     -46.597835  -23.496230
     -46.598191  -23.496010
     -46.597973  -23.494680
     -46.597801  -23.493704
     -46.597633  -23.492735
     -46.598482  -23.492214
     -46.599043  -23.491874
     -46.599276  -23.491728
     -46.601089  -23.492030
     -46.602008  -23.492253
     -46.604531  -23.492844
     -46.605797  -23.493101
     -46.606649  -23.493198
     -46.608222  -23.492961
     -46.609191  -23.492771
     -46.610579  -23.492539
     -46.610700  -23.492518
     -46.611427  -23.492633
     -46.611674  -23.492632
     -46.611698  -23.492196
     -46.611778  -23.491677
     -46.611915  -23.491332
     -46.611936  -23.491097
     -46.611872  -23.490881
     -46.611636  -23.490588
     -46.611853  -23.490507
     -46.612320  -23.490069
     -46.612361  -23.489874
     -46.612369  -23.489674
     -46.612402  -23.489596
     -46.612398  -23.489297
     -46.612438  -23.489161
     -46.612736  -23.488788
     -46.612960  -23.488622
     -46.613200  -23.488423
     -46.613974  -23.487648
     -46.614171  -23.487486
     -46.614208  -23.487243
     -46.614283  -23.487050
     -46.614827  -23.486567
     -46.615214  -23.486215
     -46.615552  -23.486007
     -46.616137  -23.485697
     -46.616312  -23.485565
     -46.615513  -23.484824
     -46.614796  -23.484194
     -46.614478  -23.483942
     -46.613915  -23.483591
     -46.613797  -23.483466
     -46.613198  -23.482481
     -46.613001  -23.482151
     -46.612647  -23.481595
     -46.612506  -23.481354
     -46.612339  -23.481240
     -46.611753  -23.481095
     -46.611579  -23.480984
     -46.611407  -23.480797
     -46.611229  -23.480438
     -46.611346  -23.479859
     -46.611505  -23.479386
     -46.611150  -23.478734
     -46.610732  -23.478089
     -46.610529  -23.477719
     -46.610441  -23.477392
     -46.610373  -23.477274
     -46.609829  -23.476802
     -46.609628  -23.476532
     -46.609250  -23.475965
     -46.608996  -23.475584
     -46.608482  -23.474852
     -46.608086  -23.474089
     -46.607701  -23.473308
     -46.607527  -23.472865
     -46.607280  -23.472543
     -46.606727  -23.471889
     -46.606118  -23.471129
     -46.605557  -23.470393
     -46.605232  -23.470058
     -46.604943  -23.469878
     -46.604488  -23.469659
     -46.604314  -23.469467
     -46.604149  -23.468971
     -46.604088  -23.468885
     -46.603895  -23.468142
     -46.603720  -23.467259
     -46.603607  -23.466619
     -46.603450  -23.465870
     -46.603755  -23.465280
     -46.603819  -23.464898
     -46.603702  -23.464433
     -46.603450  -23.463608
     -46.603318  -23.463065
     -46.603192  -23.462783
     -46.603090  -23.463162
     -46.602639  -23.463629
     -46.602335  -23.463755
     -46.601881  -23.463782
     -46.601303  -23.463703
     -46.600989  -23.463729
     -46.600742  -23.463804
     -46.600421  -23.463974
     -46.600178  -23.464234
     -46.599882  -23.464694
     -46.599804  -23.464815
     -46.599570  -23.464989
     -46.599237  -23.465108
     -46.598586  -23.465196
     -46.598167  -23.465266
     -46.597756  -23.465491
     -46.597177  -23.465805
     -46.596779  -23.466017
     -46.596105  -23.466381
     -46.595567  -23.466693
     -46.595019  -23.466972
     -46.594827  -23.467062
     -46.594510  -23.467356
     -46.593950  -23.467818
     -46.593772  -23.467958
     -46.593345  -23.468134
     -46.593122  -23.468321
     -46.592791  -23.468444
     -46.592370  -23.468613
     -46.592009  -23.468683
     -46.591660  -23.468658
     -46.591304  -23.468553
     -46.590572  -23.468191
     -46.590352  -23.468117
     -46.590068  -23.468036
     -46.589768  -23.467995
     -46.589123  -23.467976
     -46.588327  -23.468100
     -46.587974  -23.468095
     -46.587557  -23.467963
     -46.587055  -23.467702
     -46.586178  -23.467206
     -46.585631  -23.466878
     -46.585131  -23.466414
     -46.584978  -23.466279
     -46.584134  -23.465322
     -46.583712  -23.464819
     -46.583512  -23.464749
     -46.583749  -23.465600
     -46.583827  -23.465936
     -46.583924  -23.466534
     -46.584091  -23.467267
     -46.584212  -23.467729
     -46.584396  -23.468665
     -46.584591  -23.469454
     -46.584677  -23.469875
     -46.583369  -23.470305
     -46.582528  -23.470646
     -46.581846  -23.470852
     -46.581495  -23.470983
     -46.580828  -23.470965
     -46.579936  -23.470894
     -46.579284  -23.470813
     -46.578552  -23.470729
     -46.578203  -23.470702
     -46.577884  -23.470688
     -46.577556  -23.470719
     -46.577269  -23.470749
     -46.577077  -23.471130
     -46.576844  -23.471613
     -46.576662  -23.471954
     -46.576373  -23.472491
     -46.576014  -23.473199
     -46.575686  -23.473705
     -46.576287  -23.473980
     -46.576926  -23.474292
     -46.577468  -23.474532
     -46.577073  -23.475351
     -46.576553  -23.476407
     -46.576255  -23.476884
     -46.575697  -23.477886
     -46.575201  -23.478745
     -46.574796  -23.479483
     -46.574607  -23.479903
     -46.574170  -23.480604
     -46.573886  -23.481055
     -46.573632  -23.481571
     -46.573337  -23.482099
     -46.573054  -23.482672
     -46.572639  -23.483393
     -46.572388  -23.483837
     -46.572139  -23.484250
     -46.571859  -23.484751
     -46.571573  -23.485268
END
END