cidadeademar_43
first_area
     -46.671972  -23.644846
     -46.671327  -23.646059
     -46.670700  -23.647183
     -46.670465  -23.648060
     -46.670232  -23.648609
     -46.670092  -23.649203
     -46.670022  -23.649544
     -46.669515  -23.651084
     -46.668932  -23.652799
     -46.668588  -23.653381
     -46.668058  -23.653871
     -46.667253  -23.654439
     -46.666593  -23.655253
     -46.666080  -23.655825
     -46.664994  -23.656957
     -46.663922  -23.658096
     -46.663390  -23.658724
     -46.663195  -23.659341
     -46.663112  -23.660463
     -46.662819  -23.661120
     -46.661737  -23.662411
     -46.661304  -23.663048
     -46.660861  -23.663640
     -46.660137  -23.664251
     -46.658705  -23.664952
     -46.657123  -23.665785
     -46.655567  -23.666453
     -46.653824  -23.667217
     -46.652424  -23.667797
     -46.650975  -23.668396
     -46.649366  -23.669086
     -46.648274  -23.669813
     -46.647018  -23.670708
     -46.646109  -23.671376
     -46.644633  -23.672466
     -46.643703  -23.673135
     -46.643205  -23.673665
     -46.642800  -23.674309
     -46.642362  -23.675220
     -46.641990  -23.676085
     -46.641561  -23.677312
     -46.641006  -23.678171
     -46.643667  -23.679740
     -46.646492  -23.681406
     -46.648975  -23.682700
     -46.649905  -23.683265
     -46.650411  -23.683572
     -46.652007  -23.682366
     -46.653627  -23.681116
     -46.655089  -23.679998
     -46.656655  -23.678792
     -46.657825  -23.677910
     -46.659332  -23.676709
     -46.660842  -23.675520
     -46.660177  -23.674994
     -46.659488  -23.674333
     -46.659903  -23.673899
     -46.660030  -23.673683
     -46.659720  -23.673420
     -46.659278  -23.672912
     -46.659131  -23.672741
     -46.659144  -23.672606
     -46.659447  -23.672371
     -46.659803  -23.672165
     -46.660030  -23.672265
     -46.660218  -23.671964
     -46.660715  -23.671495
     -46.661097  -23.671824
     -46.661541  -23.672205
     -46.662161  -23.672693
     -46.662386  -23.672867
     -46.662833  -23.673247
     -46.663237  -23.673597
     -46.663670  -23.673946
     -46.663820  -23.674102
     -46.664487  -23.673890
     -46.664987  -23.673653
     -46.665453  -23.673270
     -46.665749  -23.673035
     -46.667207  -23.672106
     -46.668283  -23.671420
     -46.669013  -23.670941
     -46.669534  -23.670509
     -46.670047  -23.670002
     -46.670379  -23.669594
     -46.671514  -23.669293
     -46.671937  -23.669172
     -46.672793  -23.668764
     -46.673428  -23.668343
     -46.673618  -23.667743
     -46.673905  -23.667481
     -46.674264  -23.667278
     -46.674693  -23.667195
     -46.676206  -23.666369
     -46.677116  -23.665860
     -46.678120  -23.665315
     -46.678521  -23.664061
     -46.678790  -23.663291
     -46.679069  -23.662395
     -46.679282  -23.661651
     -46.679348  -23.661366
     -46.679417  -23.660669
     -46.679467  -23.660107
     -46.679509  -23.659227
     -46.679554  -23.658380
     -46.679614  -23.657625
     -46.679676  -23.656689
     -46.679774  -23.654464
     -46.679849  -23.653461
     -46.679782  -23.653120
     -46.678969  -23.652088
     -46.677843  -23.650729
     -46.676242  -23.648791
     -46.674849  -23.647072
     -46.673166  -23.645007
     -46.672791  -23.644557
     -46.671962  -23.644858
END
END