guaianazes_v
first_area
     -46.422020  -23.540189
     -46.419181  -23.541532
     -46.414067  -23.542658
     -46.409851  -23.543809
     -46.405648  -23.545064
     -46.402204  -23.546038
     -46.399243  -23.547513
     -46.398225  -23.548244
     -46.395950  -23.550703
     -46.393118  -23.552699
     -46.392453  -23.553387
     -46.391262  -23.554833
     -46.392317  -23.556487
     -46.393519  -23.557972
     -46.397113  -23.558906
     -46.399203  -23.559501
     -46.398673  -23.560127
     -46.398753  -23.560575
     -46.399360  -23.561197
     -46.400155  -23.562260
     -46.399650  -23.562533
     -46.399289  -23.562972
     -46.399488  -23.563162
     -46.399082  -23.565457
     -46.399601  -23.565781
     -46.400761  -23.567237
     -46.401905  -23.568396
     -46.404156  -23.566926
     -46.404947  -23.565381
     -46.405959  -23.565449
     -46.407245  -23.565080
     -46.406535  -23.567119
     -46.406363  -23.567444
     -46.406474  -23.569865
     -46.406609  -23.570115
     -46.406867  -23.570219
     -46.407675  -23.570035
     -46.407782  -23.570453
     -46.408161  -23.570742
     -46.409412  -23.569642
     -46.410040  -23.569490
     -46.410210  -23.569316
     -46.410261  -23.569043
     -46.410085  -23.568459
     -46.409512  -23.566827
     -46.409116  -23.565702
     -46.408590  -23.564045
     -46.410427  -23.564232
     -46.413418  -23.564288
     -46.414687  -23.564348
     -46.415878  -23.564623
     -46.416334  -23.563947
     -46.417157  -23.563652
     -46.417905  -23.563576
     -46.418297  -23.563441
     -46.418801  -23.563104
     -46.419160  -23.562627
     -46.420242  -23.560856
     -46.420555  -23.559855
     -46.421925  -23.558297
     -46.422510  -23.557476
     -46.424161  -23.554277
     -46.424870  -23.552870
     -46.425886  -23.549796
     -46.426438  -23.547475
     -46.426458  -23.547163
     -46.426177  -23.546047
     -46.425882  -23.545609
     -46.425533  -23.545137
     -46.425404  -23.544660
     -46.425474  -23.544252
     -46.425436  -23.543691
     -46.425313  -23.543344
     -46.424891  -23.542697
     -46.425073  -23.542486
     -46.423225  -23.539645

     
END
END
