vilabrasilandia_45
first_area
     -46.714360  -23.462254
     -46.713843  -23.462027
     -46.713551  -23.461930
     -46.713170  -23.461867
     -46.712700  -23.461642
     -46.711885  -23.461147
     -46.711573  -23.461050
     -46.711293  -23.461115
     -46.711111  -23.461266
     -46.710880  -23.461608
     -46.710644  -23.461620
     -46.710106  -23.461524
     -46.709636  -23.461553
     -46.708044  -23.461686
     -46.707248  -23.461510
     -46.705149  -23.461299
     -46.704790  -23.461360
     -46.704413  -23.461562
     -46.704213  -23.461781
     -46.704406  -23.462176
     -46.704401  -23.462370
     -46.704271  -23.462544
     -46.703925  -23.462744
     -46.703612  -23.462911
     -46.703127  -23.463120
     -46.702214  -23.463618
     -46.701962  -23.463695
     -46.701229  -23.463603
     -46.701256  -23.463456
     -46.700689  -23.463283
     -46.700055  -23.462953
     -46.699973  -23.462797
     -46.700237  -23.462606
     -46.700477  -23.462344
     -46.700772  -23.462220
     -46.700111  -23.461781
     -46.699735  -23.461631
     -46.699318  -23.461537
     -46.698945  -23.461370
     -46.698945  -23.461370
     -46.699774  -23.460237
     -46.699480  -23.459877
     -46.699284  -23.459786
     -46.699124  -23.459780
     -46.698494  -23.459870
     -46.697876  -23.459936
     -46.697671  -23.459964
     -46.697532  -23.460148
     -46.697369  -23.460332
     -46.697125  -23.460517
     -46.696793  -23.460519
     -46.695674  -23.460670
     -46.694574  -23.460795
     -46.693510  -23.461029
     -46.692791  -23.461293
     -46.692449  -23.461666
     -46.692255  -23.462002
     -46.692107  -23.461946
     -46.691799  -23.461729
     -46.691639  -23.461640
     -46.691454  -23.461603
     -46.690766  -23.461578
     -46.690020  -23.461548
     -46.689326  -23.461533
     -46.688306  -23.461488
     -46.688097  -23.461446
     -46.687361  -23.461163
     -46.687171  -23.461162
     -46.686812  -23.460721
     -46.686506  -23.460334
     -46.686153  -23.459697
     -46.686011  -23.459428
     -46.684658  -23.460062
     -46.684363  -23.460465
     -46.684123  -23.461400
     -46.684064  -23.461624
     -46.683732  -23.462366
     -46.683221  -23.462802
     -46.681505  -23.463479
     -46.680318  -23.464065
     -46.680028  -23.464269
     -46.679642  -23.465101
     -46.679369  -23.465738
     -46.679298  -23.465989
     -46.679271  -23.466417
     -46.679257  -23.466827
     -46.679150  -23.466995
     -46.678878  -23.467152
     -46.678517  -23.467297
     -46.678225  -23.467484
     -46.677657  -23.467906
     -46.677404  -23.468254
     -46.677297  -23.468542
     -46.677198  -23.468888
     -46.677034  -23.469424
     -46.676913  -23.469753
     -46.677018  -23.469932
     -46.677198  -23.470438
     -46.677375  -23.470865
     -46.677543  -23.471154
     -46.677763  -23.471473
     -46.678205  -23.471969
     -46.678329  -23.472134
     -46.678450  -23.472444
     -46.678502  -23.472820
     -46.678557  -23.473279
     -46.678591  -23.473417
     -46.678721  -23.473651
     -46.678878  -23.473998
     -46.678903  -23.474594
     -46.678982  -23.474918
     -46.679163  -23.475371
     -46.679222  -23.475478
     -46.679318  -23.475775
     -46.679379  -23.476073
     -46.679440  -23.476289
     -46.679522  -23.476440
     -46.679787  -23.476743
     -46.680026  -23.476836
     -46.680415  -23.476945
     -46.680797  -23.477058
     -46.681267  -23.477270
     -46.681589  -23.477446
     -46.681909  -23.477711
     -46.682363  -23.478139
     -46.682579  -23.478322
     -46.682724  -23.478608
     -46.682720  -23.478855
     -46.682625  -23.479099
     -46.682345  -23.479628
     -46.682132  -23.480134
     -46.682071  -23.480412
     -46.682133  -23.480728
     -46.682479  -23.481200
     -46.682723  -23.481047
     -46.682839  -23.480918
     -46.683500  -23.481193
     -46.684383  -23.481344
     -46.685196  -23.481163
     -46.686516  -23.480810
     -46.687172  -23.480603
     -46.686709  -23.479269
     -46.686617  -23.478857
     -46.686778  -23.478708
     -46.687010  -23.478668
     -46.688049  -23.478556
     -46.688597  -23.478487
     -46.688491  -23.477965
     -46.689070  -23.477907
     -46.689841  -23.477825
     -46.690470  -23.477753
     -46.691013  -23.477702
     -46.690929  -23.478474
     -46.690944  -23.478719
     -46.691078  -23.479225
     -46.691919  -23.479193
     -46.693278  -23.479169
     -46.694158  -23.479273
     -46.695373  -23.479332
     -46.695640  -23.479247
     -46.696082  -23.479040
     -46.696324  -23.479265
     -46.696764  -23.479158
     -46.697404  -23.479265
     -46.698019  -23.479358
     -46.698520  -23.479443
     -46.699123  -23.479556
     -46.699375  -23.479583
     -46.699535  -23.479538
     -46.699836  -23.479382
     -46.700376  -23.479296
     -46.700344  -23.478945
     -46.700341  -23.478785
     -46.701683  -23.478798
     -46.702911  -23.478779
     -46.703329  -23.478769
     -46.703634  -23.478199
     -46.703858  -23.477681
     -46.703979  -23.477184
     -46.704231  -23.476209
     -46.704353  -23.475667
     -46.704999  -23.475402
     -46.705178  -23.475251
     -46.705369  -23.474374
     -46.705496  -23.473806
     -46.705722  -23.472957
     -46.705710  -23.472596
     -46.705661  -23.472083
     -46.705752  -23.471972
     -46.706353  -23.471870
     -46.707197  -23.471697
     -46.708115  -23.471777
     -46.708500  -23.471529
     -46.708569  -23.470947
     -46.708861  -23.470457
     -46.709186  -23.470039
     -46.709242  -23.469208
     -46.708995  -23.468251
     -46.708993  -23.467924
     -46.709187  -23.467701
     -46.710350  -23.467419
     -46.710780  -23.467214
     -46.711598  -23.466193
     -46.712485  -23.465243
     -46.712681  -23.464714
     -46.713084  -23.464423
     -46.713714  -23.463938
     -46.713917  -23.463552
     -46.714351  -23.462250
END
END