perus_46
first_area
     -46.756783  -23.494179
     -46.761680  -23.494275
     -46.764498  -23.493635
     -46.766329  -23.491647
     -46.768352  -23.486588
     -46.770183  -23.483761
     -46.770809  -23.480624
     -46.770134  -23.476581
     -46.770881  -23.474924
     -46.772543  -23.473842
     -46.778564  -23.471058
     -46.779046  -23.469269
     -46.777914  -23.465689
     -46.778998  -23.463789
     -46.779393  -23.464939
     -46.781802  -23.465904
     -46.787287  -23.464792
     -46.787885  -23.465450
     -46.787595  -23.466344
     -46.788214  -23.467339
     -46.797200  -23.468707
     -46.798075  -23.469279
     -46.799185  -23.469103
     -46.799493  -23.468285
     -46.803992  -23.463576
     -46.806442  -23.458988
     -46.809504  -23.448782
     -46.809197  -23.444755
     -46.811529  -23.440125
     -46.811787  -23.436660
     -46.816765  -23.430439
     -46.821056  -23.427446
     -46.823460  -23.422406
     -46.822488  -23.420514
     -46.820323  -23.419786
     -46.819818  -23.418262
     -46.820467  -23.416342
     -46.820323  -23.415282
     -46.821911  -23.413891
     -46.822488  -23.411772
     -46.824870  -23.410712
     -46.826097  -23.408857
     -46.824581  -23.407135
     -46.824365  -23.406142
     -46.825520  -23.404353
     -46.823643  -23.402830
     -46.823066  -23.401174
     -46.823138  -23.388323
     -46.823354  -23.367985
     -46.823643  -23.349962
     -46.823436  -23.343995
     -46.821797  -23.343995
     -46.820037  -23.346279
     -46.817063  -23.348564
     -46.813240  -23.350235
     -46.801769  -23.353189
     -46.792969  -23.357145
     -46.786717  -23.362048
     -46.784290  -23.367118
     -46.782894  -23.370906
     -46.779313  -23.375753
     -46.775125  -23.379207
     -46.769481  -23.387786
     -46.769391  -23.388003
     -46.770179  -23.388244
     -46.770862  -23.389208
     -46.771125  -23.390172
     -46.772123  -23.390269
     -46.773016  -23.390799
     -46.772175  -23.392294
     -46.763403  -23.385736
     -46.753527  -23.381590
     -46.747591  -23.379613
     -46.742548  -23.384311
     -46.743588  -23.385471
     -46.742028  -23.388266
     -46.741062  -23.387243
     -46.741062  -23.388403
     -46.735268  -23.387380
     -46.732890  -23.390789
     -46.730736  -23.392630
     -46.727764  -23.391607
     -46.723707  -23.392949
     -46.719938  -23.394802
     -46.720120  -23.396362
     -46.719149  -23.397587
     -46.717936  -23.397866
     -46.717389  -23.399481
     -46.719210  -23.400651
     -46.719878  -23.401375
     -46.710471  -23.404048
     -46.709378  -23.406221
     -46.709257  -23.408560
     -46.711646  -23.414784
     -46.715716  -23.422104
     -46.715597  -23.422192
     -46.715265  -23.422207
     -46.715034  -23.422483
     -46.714171  -23.423000
     -46.713661  -23.423442
     -46.713860  -23.424004
     -46.714349  -23.424327
     -46.714578  -23.424856
     -46.714948  -23.425023
     -46.715143  -23.425225
     -46.714652  -23.425588
     -46.714160  -23.425670
     -46.714524  -23.426854
     -46.714764  -23.428714
     -46.717779  -23.428369
     -46.718626  -23.431608
     -46.720255  -23.432107
     -46.720380  -23.431880
     -46.720881  -23.432050
     -46.720528  -23.432617
     -46.720757  -23.433823
     -46.722034  -23.433665
     -46.724437  -23.432317
     -46.726293  -23.431382
     -46.726797  -23.431756
     -46.726937  -23.432346
     -46.727505  -23.433400
     -46.728428  -23.435142
     -46.728354  -23.436823
     -46.728913  -23.438636
     -46.730355  -23.438729
     -46.731529  -23.439174
     -46.732320  -23.439771
     -46.732435  -23.441059
     -46.732983  -23.441796
     -46.733539  -23.441814
     -46.734789  -23.442217
     -46.735181  -23.442724
     -46.735135  -23.442174
     -46.735382  -23.441579
     -46.736181  -23.441048
     -46.736895  -23.441053
     -46.737630  -23.441186
     -46.740264  -23.441862
     -46.743460  -23.442536
     -46.742804  -23.443563
     -46.742023  -23.446349
     -46.742013  -23.448110
     -46.742501  -23.450699
     -46.742095  -23.452520
     -46.740841  -23.453778
     -46.739209  -23.454845
     -46.739930  -23.454833
     -46.741565  -23.454499
     -46.742028  -23.454547
     -46.743282  -23.454721 
     -46.744730  -23.454580
     -46.746553  -23.455205
     -46.748055  -23.454754
     -46.749254  -23.454835
     -46.749287  -23.454582
     -46.749243  -23.454228
     -46.749160  -23.453965
     -46.749150  -23.453598
     -46.749571  -23.453297
     -46.750169  -23.453521
     -46.750379  -23.453726
     -46.750550  -23.454098
     -46.751193  -23.454413
     -46.752172  -23.454309
     -46.752543  -23.454073
     -46.752797  -23.453614
     -46.753120  -23.453457
     -46.754876  -23.453729
     -46.755381  -23.454132
     -46.756144  -23.455431
     -46.756243  -23.456649
     -46.755883  -23.457352
     -46.755800  -23.458681
     -46.753668  -23.459447
     -46.753167  -23.460212
     -46.753531  -23.462158
     -46.753393  -23.462690
     -46.753425  -23.463170
     -46.753696  -23.463674
     -46.755443  -23.464386
     -46.756232  -23.465847
     -46.756034  -23.466462
     -46.754680  -23.467623
     -46.754229  -23.468716
     -46.754299  -23.470177
     -46.754594  -23.472313
     -46.754680  -23.473552
     -46.754364  -23.474418
     -46.753440  -23.475577
     -46.753252  -23.476629
     -46.753355  -23.478591
     -46.753708  -23.479144
     -46.754541  -23.479433
     -46.754431  -23.480300
     -46.754632  -23.480836
     -46.755489  -23.481650
     -46.755709  -23.482329
     -46.755704  -23.482998
     -46.755234  -23.483970
     -46.755578  -23.485678
     -46.755840  -23.486071
     -46.756430  -23.486278
     -46.756828  -23.486784
     -46.756713  -23.487551
     -46.756217  -23.488029
     -46.755976  -23.488550
     -46.755876  -23.489427
     -46.756066  -23.490429
     -46.756274  -23.492056
     -46.756501  -23.493385
     -46.756833  -23.494162
END
END
