parquedocarmo_53
first_area
     -46.476264  -23.556897
     -46.474835  -23.556988
     -46.472430  -23.557134
     -46.469885  -23.556424
     -46.468774  -23.555934
     -46.465982  -23.553650
     -46.464855  -23.552600
     -46.463192  -23.550740
     -46.462300  -23.550582
     -46.462303  -23.550490
     -46.461038  -23.551181
     -46.460107  -23.551723
     -46.459938  -23.551481
     -46.459004  -23.552005
     -46.458097  -23.552525
     -46.457107  -23.553098
     -46.456193  -23.553644
     -46.455252  -23.554160
     -46.454324  -23.554725
     -46.453351  -23.555282
     -46.452417  -23.555796
     -46.451486  -23.556345
     -46.448953  -23.556411
     -46.447355  -23.556505
     -46.446177  -23.556531
     -46.445847  -23.556611
     -46.445233  -23.556493
     -46.445156  -23.556680
     -46.445158  -23.556996
     -46.444007  -23.557585
     -46.441618  -23.558091
     -46.440095  -23.558428
     -46.439047  -23.558647
     -46.438264  -23.558501
     -46.437873  -23.559175
     -46.436384  -23.559818
     -46.435736  -23.559892
     -46.435227  -23.559796
     -46.434981  -23.560923
     -46.434685  -23.562298
     -46.434460  -23.563333
     -46.434230  -23.563591
     -46.433911  -23.563463
     -46.433639  -23.562963
     -46.433305  -23.562824
     -46.432329  -23.563379
     -46.431841  -23.563398
     -46.431376  -23.563128
     -46.430904  -23.562663
     -46.430578  -23.562621
     -46.429329  -23.563271
     -46.428749  -23.563469
     -46.427620  -23.563309
     -46.426859  -23.563382
     -46.426349  -23.563727
     -46.426211  -23.563976
     -46.424802  -23.563712
     -46.424394  -23.563646
     -46.424108  -23.563747   
     -46.423275  -23.563131
     -46.422597  -23.563866
     -46.421725  -23.563260
     -46.420888  -23.562640
     -46.420213  -23.563406
     -46.419624  -23.562956
     -46.419142  -23.562620
     -46.417945  -23.562159
     -46.416873  -23.561784
     -46.416596  -23.562793
     -46.416352  -23.563893
     -46.415943  -23.564526
     -46.415688  -23.565183
     -46.415984  -23.566756
     -46.416220  -23.567865
     -46.416212  -23.568511
     -46.415727  -23.569942
     -46.415566  -23.571401
     -46.415672  -23.572571
     -46.415975  -23.573269
     -46.415999  -23.573930
     -46.415963  -23.574656
     -46.416093  -23.575373
     -46.416396  -23.576250
     -46.416370  -23.576769
     -46.415325  -23.579349
     -46.415297  -23.579918
     -46.415394  -23.580907
     -46.415430  -23.581469
     -46.415169  -23.582480
     -46.414981  -23.583854
     -46.414836  -23.585792
     -46.414866  -23.586671
     -46.415177  -23.588515
     -46.415578  -23.589213
     -46.416462  -23.589895
     -46.417048  -23.591384
     -46.418776  -23.593748
     -46.419295  -23.594100
     -46.420179  -23.594190
     -46.421036  -23.593992
     -46.425461  -23.594501
     -46.430635  -23.595257
     -46.431971  -23.595013
     -46.433906  -23.595530
     -46.435567  -23.596270
     -46.438448  -23.595567
     -46.440768  -23.594925
     -46.442905  -23.594706
     -46.446004  -23.594753
     -46.447527  -23.594559
     -46.448410  -23.594623
     -46.450883  -23.595105
     -46.452106  -23.595764
     -46.452664  -23.594505
     -46.453468  -23.593763
     -46.456016  -23.594063
     -46.458224  -23.596204
     -46.459265  -23.597168
     -46.459335  -23.597743
     -46.460585  -23.597772
     -46.461572  -23.596548
     -46.462891  -23.595339
     -46.464404  -23.594528
     -46.465890  -23.594100
     -46.467188  -23.593014
     -46.473609  -23.592512
     -46.477482  -23.590408
     -46.480100  -23.589484
     -46.482552  -23.587185
     -46.483748  -23.586934
     -46.485958  -23.586914
     -46.487466  -23.586398
     -46.488340  -23.585670
     -46.490997  -23.582320
     -46.490128  -23.581682
     -46.489047  -23.580937
     -46.488260  -23.580525
     -46.487883  -23.580272
     -46.487387  -23.579552
     -46.487124  -23.578918
     -46.486997  -23.578219
     -46.486846  -23.577821
     -46.486580  -23.577464
     -46.485383  -23.576501
     -46.485032  -23.576032
     -46.484937  -23.574805
     -46.484840  -23.573454
     -46.484582  -23.572640
     -46.483535  -23.571218
     -46.483236  -23.570788
     -46.483076  -23.570872
     -46.482739  -23.571132
     -46.482443  -23.571569
     -46.482388  -23.571690
     -46.482259  -23.572395
     -46.482068  -23.572275
     -46.481913  -23.572109
     -46.481808  -23.571898
     -46.481855  -23.571359
     -46.481809  -23.571087
     -46.481700  -23.570894
     -46.481688  -23.570541
     -46.481655  -23.570324
     -46.481655  -23.569986
     -46.481828  -23.569812
     -46.482355  -23.569769
     -46.482546  -23.569703
     -46.482611  -23.569525
     -46.482585  -23.569195
     -46.482640  -23.568949
     -46.482893  -23.568582   
     -46.482283  -23.568280
     -46.482166  -23.568668
     -46.481939  -23.569025
     -46.481027  -23.569469
     -46.479715  -23.570031
     -46.479331  -23.569700
     -46.478869  -23.569470
     -46.478322  -23.569343
     -46.477171  -23.569111
     -46.476128  -23.568926
     -46.475546  -23.568751
     -46.475184  -23.568526
     -46.474860  -23.568086
     -46.474627  -23.567050
     -46.474481  -23.566362
     -46.474441  -23.565708
     -46.474426  -23.564504
     -46.474421  -23.563933
     -46.474408  -23.562883
     -46.474399  -23.561687
     -46.474391  -23.560841
     -46.474446  -23.559719
     -46.474922  -23.558848
     -46.475622  -23.557887
     -46.476243  -23.556930
END
END