vilaalpina_56
first_area
     -46.575880  -23.577632
     -46.576259  -23.577724
     -46.576731  -23.577684
     -46.576933  -23.577305
     -46.577200  -23.576732
     -46.577523  -23.576149
     -46.577820  -23.575858
     -46.578257  -23.576009
     -46.579250  -23.575822
     -46.579387  -23.575602
     -46.578615  -23.577085
     -46.580343  -23.577903
     -46.582673  -23.578921
     -46.584974  -23.579868
     -46.585451  -23.580908
     -46.585610  -23.581180
     -46.586075  -23.581345
     -46.586583  -23.581489
     -46.587293  -23.581705
     -46.588151  -23.581882
     -46.589302  -23.581936
     -46.590163  -23.581938
     -46.591048  -23.581889
     -46.592664  -23.581735
     -46.593141  -23.581731
     -46.593887  -23.581782
     -46.595217  -23.581635
     -46.596731  -23.581531
     -46.597108  -23.581567
     -46.596232  -23.583368
     -46.595051  -23.585802
     -46.594611  -23.586510
     -46.592843  -23.588687
     -46.588531  -23.593793
     -46.585828  -23.597128
     -46.582420  -23.600976
     -46.579892  -23.599254
     -46.577016  -23.600785
     -46.576015  -23.600865
     -46.575047  -23.601143
     -46.570902  -23.603755
     -46.569508  -23.604629
     -46.569393  -23.604246
     -46.569125  -23.602629
     -46.569073  -23.601894
     -46.568911  -23.601024
     -46.568746  -23.600070
     -46.568739  -23.599318
     -46.568436  -23.598956
     -46.567852  -23.598742
     -46.566835  -23.598906
     -46.566270  -23.598751
     -46.566060  -23.598488
     -46.565258  -23.597355
     -46.563776  -23.597358
     -46.563099  -23.597331
     -46.561365  -23.597752
     -46.561174  -23.597782
     -46.560730  -23.597737
     -46.559446  -23.597358
     -46.558843  -23.596703
     -46.558644  -23.596246
     -46.558239  -23.595738
     -46.558007  -23.595669
     -46.557733  -23.595699
     -46.556294  -23.596170
     -46.556404  -23.595877
     -46.556876  -23.595248
     -46.557585  -23.594865
     -46.559636  -23.594041
     -46.560092  -23.593167
     -46.559661  -23.592927
     -46.559030  -23.592486
     -46.559740  -23.591631
     -46.560509  -23.590647
     -46.561240  -23.589835
     -46.562018  -23.588873
     -46.563322  -23.587230
     -46.563859  -23.586071
     -46.564482  -23.584689
     -46.563868  -23.583985
     -46.563760  -23.583718
     -46.563004  -23.582847
     -46.562888  -23.582801
     -46.562814  -23.582787
     -46.562885  -23.582474
     -46.562946  -23.582263
     -46.563184  -23.581423
     -46.564335  -23.581385
     -46.565499  -23.581368
     -46.567237  -23.581119
     -46.569857  -23.580011
     -46.571863  -23.579570
     -46.572458  -23.579388
     -46.575084  -23.578053
     -46.575887  -23.577627
END
END