vilajoaniza_80
first_area
     -46.678209  -23.665251
     -46.677547  -23.665631
     -46.676796  -23.666036
     -46.676086  -23.666459
     -46.675573  -23.666712 
     -46.674747  -23.667189
     -46.674506  -23.667206
     -46.674074  -23.667380
     -46.673655  -23.667680
     -46.673470  -23.668279
     -46.673312  -23.668476
     -46.672727  -23.668793
     -46.671920  -23.669188
     -46.671083  -23.669395
     -46.670372  -23.669596
     -46.670115  -23.669917
     -46.669824  -23.670251
     -46.669415  -23.670593
     -46.669002  -23.670950
     -46.668525  -23.671254
     -46.668094  -23.671518
     -46.667597  -23.671848
     -46.666994  -23.672218
     -46.666316  -23.672669
     -46.665730  -23.673037
     -46.665454  -23.673284
     -46.664987  -23.673647
     -46.664764  -23.673783
     -46.664477  -23.673897
     -46.663957  -23.674069
     -46.663825  -23.674104
     -46.663555  -23.673856
     -46.663089  -23.673464
     -46.662542  -23.672997
     -46.662163  -23.672689
     -46.661956  -23.672531
     -46.661745  -23.672369
     -46.661545  -23.672202
     -46.661342  -23.672027
     -46.661113  -23.671837
     -46.660722  -23.671510
     -46.660678  -23.671385
     -46.660623  -23.671167
     -46.660533  -23.670660
     -46.660422  -23.670436
     -46.660025  -23.670500
     -46.659537  -23.670592
     -46.659700  -23.671416 
     -46.659744  -23.671744
     -46.660191  -23.671739
     -46.660220  -23.671966
     -46.660027  -23.672279
     -46.659791  -23.672164
     -46.659709  -23.672233
     -46.659681  -23.672405
     -46.659437  -23.672580
     -46.659133  -23.672735
     -46.659417  -23.673082
     -46.659704  -23.673407
     -46.660037  -23.673685
     -46.660000  -23.673800
     -46.659892  -23.673910
     -46.659493  -23.674301
     -46.659522  -23.674407
     -46.659826  -23.674677
     -46.660208  -23.675014
     -46.660498  -23.675284
     -46.660833  -23.675543
     -46.660156  -23.676057
     -46.658802  -23.677129
     -46.657801  -23.677941
     -46.656945  -23.678562
     -46.656136  -23.679228
     -46.654910  -23.680133
     -46.653632  -23.681115
     -46.652382  -23.682102
     -46.650444  -23.683533
     -46.654586  -23.685948
     -46.656286  -23.686859
     -46.660623  -23.689323
     -46.663822  -23.691187
     -46.667503  -23.693253
     -46.669672  -23.694550
     -46.672404  -23.696147
     -46.673955  -23.697081
     -46.674326  -23.697348
     -46.675184  -23.696663
     -46.676222  -23.695673
     -46.676876  -23.694898
     -46.677608  -23.693877
     -46.677820  -23.692919
     -46.677718  -23.691804
     -46.678049  -23.690689
     -46.678395  -23.690183
     -46.679438  -23.689353
     -46.680152  -23.688668
     -46.680581  -23.687843
     -46.680873  -23.686732
     -46.680779  -23.685590
     -46.680819  -23.684895
     -46.681385  -23.683714
     -46.682439  -23.681614
     -46.683067  -23.680832
     -46.684357  -23.679761
     -46.684910  -23.678469
     -46.679876  -23.676541
     -46.677669  -23.673421
     -46.677580  -23.672375
     -46.677987  -23.669944
     -46.677835  -23.666562
     -46.678180  -23.665257
END
END
