jardimirna_v
first_area
     -46.698208         -23.733270
     -46.697884         -23.733339
     -46.697294         -23.733236
     -46.697306         -23.733250
     -46.696630         -23.733385
     -46.696265         -23.733822
     -46.696077         -23.734723
     -46.691995         -23.738400
     -46.691840         -23.738635
     -46.691602         -23.739398
     -46.691463         -23.740437
     -46.691602         -23.741176 
     -46.691964         -23.742205
     -46.691634         -23.743337
     -46.691401         -23.743620
     -46.688339         -23.746265
     -46.687882         -23.746927
     -46.687485         -23.748872
     -46.688130         -23.750370
     -46.688244         -23.750775
     -46.688252         -23.751729
     -46.688735         -23.752971
     -46.688549         -23.753270
     -46.688311         -23.753552
     -46.687978         -23.753704
     -46.687785         -23.753768
     -46.687789         -23.753847
     -46.687515         -23.754080
     -46.687853         -23.754723
     -46.687775         -23.755166
     -46.687539         -23.755443
     -46.687258         -23.755561
     -46.684892         -23.755701
     -46.684730         -23.755856
     -46.684328         -23.757250
     -46.684162         -23.757410
     -46.683550         -23.758014
     -46.683317         -23.758006
     -46.682166         -23.756842
     -46.681506         -23.757382
     -46.681179         -23.757358
     -46.679152         -23.756677
     -46.678968         -23.756486
     -46.678909         -23.756135
     -46.678979         -23.755966
     -46.679502         -23.755259
     -46.679333         -23.754947
     -46.676726         -23.755200
     -46.673023         -23.754357
     -46.672779         -23.754462
     -46.670664         -23.756102
     -46.667937         -23.756396
     -46.667378         -23.756690
     -46.666762         -23.757711
     -46.665762         -23.758463
     -46.664287         -23.759150
     -46.662731         -23.759184
     -46.659035         -23.759518
     -46.657651         -23.759641
     -46.656648         -23.760868
     -46.656198         -23.761246
     -46.655803         -23.761560
     -46.655189         -23.762348
     -46.653322         -23.764142
     -46.657815         -23.774477
     -46.659188         -23.775577
     -46.660164         -23.777536
     -46.661425         -23.776908
     -46.664467         -23.776864
     -46.666021         -23.778482
     -46.667493         -23.779437
     -46.669139         -23.779264
     -46.669427         -23.780840
     -46.670654         -23.781174
     -46.671188         -23.780862
     -46.671463         -23.780828
     -46.672852         -23.780401
     -46.673375         -23.780385
     -46.674715         -23.779944
     -46.676430         -23.778628
     -46.676937         -23.778203
     -46.677537         -23.778228
     -46.678755         -23.778032
     -46.680177         -23.778351
     -46.680890         -23.778415
     -46.682242         -23.777973
     -46.683880         -23.778558
     -46.684266         -23.778833
     -46.684670         -23.779906
     -46.684827         -23.781330
     -46.686417         -23.782490
     -46.687703         -23.783109
     -46.688052         -23.783330
     -46.688315         -23.783561
     -46.688760         -23.784503
     -46.688921         -23.784685
     -46.689372         -23.784906
     -46.689958         -23.784300
     -46.690022         -23.781895
     -46.692468         -23.778532
     -46.692768         -23.778321
     -46.694018         -23.777864
     -46.700069         -23.773772
     -46.700536         -23.772727
     -46.701055         -23.772607
     -46.703356         -23.773236
     -46.704761         -23.773943
     -46.706735         -23.774051
     -46.708731         -23.772863
     -46.711220         -23.771680
     -46.712803         -23.771150
     -46.714261         -23.770206
     -46.715944         -23.768535
     -46.717245         -23.767498
     -46.717645         -23.768404 
     -46.717931         -23.769525
     -46.718908         -23.771141
     -46.719775         -23.772092
     -46.721790         -23.774512
     -46.722632         -23.775165
     -46.723074         -23.775784
     -46.726183         -23.775560
     -46.728930         -23.776002
     -46.729230         -23.775825
     -46.730424         -23.772298
     -46.731525         -23.772260
     -46.731686         -23.770552
     -46.734356         -23.771326
     -46.735055         -23.771415
     -46.735817         -23.772200
     -46.736858         -23.772269
     -46.737974         -23.773457
     -46.739487         -23.773261
     -46.740420         -23.773860
     -46.742734         -23.776962
     -46.744115         -23.778096
     -46.745488         -23.778391
     -46.746711         -23.780070
     -46.747703         -23.781172
     -46.748150         -23.782038
     -46.748729         -23.782725
     -46.751883         -23.783501
     -46.752806         -23.783108
     -46.754566         -23.783334 
     -46.756533         -23.782774
     -46.757810         -23.783795
     -46.758400         -23.785032
     -46.759754         -23.786066
     -46.761936         -23.787436
     -46.762381         -23.787510
     -46.763325         -23.786857
     -46.765020         -23.787525
     -46.765637         -23.788158
     -46.770715         -23.764542
     -46.764879         -23.748445
     -46.763334         -23.742725
     -46.729163         -23.742160
     -46.722630         -23.737852
     -46.720859         -23.737318
     -46.717994         -23.735118
     -46.716771         -23.736431
     -46.716267         -23.737501
     -46.715387         -23.738002
     -46.714988         -23.738665
     -46.714031         -23.739503
     -46.713234         -23.739676
     -46.711995         -23.740378  
     -46.711780         -23.740722
     -46.711710         -23.741611
     -46.711491         -23.741892
     -46.710700         -23.742214
     -46.711617         -23.743456
     -46.712082         -23.743576
     -46.714151         -23.745524
     -46.714394         -23.745657
     -46.714757         -23.746195
     -46.714174         -23.746403
     -46.713710         -23.746964
     -46.713177         -23.747192
     -46.712479         -23.747996
     -46.712150         -23.748695
     -46.711276         -23.751203
     -46.710912         -23.751544
     -46.707785         -23.746788
     -46.707415         -23.745983
     -46.706508         -23.742130
     -46.706020         -23.741346
     -46.701074         -23.738846
     -46.699864         -23.737590
     -46.699403         -23.736834
     -46.699313         -23.736383
     -46.699203         -23.734753
     -46.698370         -23.733144
END
END

