parquesantoantonio_92
first_area
     -46.737263  -23.669942
     -46.737829  -23.670586
     -46.736898  -23.671332
     -46.737926  -23.672484
     -46.737733  -23.673287
     -46.737020  -23.672438
     -46.736588  -23.672256
     -46.735293  -23.672379
     -46.734442  -23.672453
     -46.734349  -23.672846
     -46.733176  -23.673172
     -46.732676  -23.672984
     -46.732612  -23.674856
     -46.725707  -23.674537
     -46.724763  -23.668386
     -46.720407  -23.656043
     -46.725685  -23.649616
     -46.726415  -23.646628
     -46.726361  -23.644672
     -46.728637  -23.644454
     -46.730165  -23.644367
     -46.731519  -23.644093
     -46.732602  -23.643981
     -46.734363  -23.644139
     -46.735999  -23.643210
     -46.736858  -23.642957
     -46.738577  -23.642665
     -46.739641  -23.642460
     -46.740594  -23.642470
     -46.741936  -23.642950
     -46.742153  -23.643255
     -46.742600  -23.644009
     -46.743067  -23.644246
     -46.744197  -23.644218
     -46.745278  -23.644610
     -46.746515  -23.645820
     -46.746932  -23.646549
     -46.747235  -23.647345
     -46.747873  -23.647957
     -46.749716  -23.648707
     -46.751116  -23.649545
     -46.751848  -23.649552
     -46.752975  -23.649103
     -46.753934  -23.648982
     -46.754905  -23.649256
     -46.757039  -23.650916
     -46.756412  -23.651346
     -46.756586  -23.651563
     -46.755189  -23.652561
     -46.755621  -23.653008
     -46.755609  -23.653359
     -46.755211  -23.653624
     -46.755062  -23.654139
     -46.752827  -23.655004
     -46.752104  -23.655482
     -46.751861  -23.655820
     -46.751417  -23.656369
     -46.750669  -23.657136
     -46.750303  -23.657813
     -46.750023  -23.658468
     -46.749556  -23.659499
     -46.749053  -23.660614
     -46.748963  -23.660747
     -46.748470  -23.661223
     -46.748161  -23.661157
     -46.746813  -23.660371
     -46.745236  -23.659889
     -46.744744  -23.660498
     -46.744038  -23.661231
     -46.743704  -23.661298
     -46.743261  -23.661441
     -46.743079  -23.661625
     -46.742855  -23.662131
     -46.742745  -23.662344
     -46.742089  -23.662987
     -46.741773  -23.663572
     -46.741723  -23.664037
     -46.741298  -23.664600
     -46.741353  -23.664828
     -46.741670  -23.665523
     -46.742021  -23.665813
     -46.742887  -23.666108
     -46.743521  -23.666227
     -46.743610  -23.666453
     -46.743739  -23.666837
     -46.743642  -23.666980
     -46.742922  -23.667729
     -46.743810  -23.668435
     -46.744462  -23.667789
     -46.745039  -23.668288
     -46.745400  -23.668057
     -46.745849  -23.667033
     -46.746381  -23.667223
     -46.746738  -23.667016
     -46.747002  -23.667590
     -46.747240  -23.667766
     -46.747704  -23.667955
     -46.747853  -23.667751
     -46.748125  -23.667770
     -46.748230  -23.667983
     -46.747884  -23.668556
     -46.749776  -23.669459
     -46.749275  -23.670105
     -46.749525  -23.670545
     -46.749675  -23.670574
     -46.749699  -23.670695
     -46.749584  -23.670798
     -46.749437  -23.670690
     -46.748159  -23.670813
     -46.746966  -23.671181
     -46.746452  -23.671444
     -46.745519  -23.672318
     -46.744159  -23.672308
     -46.743511  -23.672617
     -46.742197  -23.672059
     -46.741328  -23.671679
     -46.740611  -23.671240
     -46.740166  -23.670868
     -46.739447  -23.670520
     -46.737266  -23.669940
END

second_area
     -46.737266  -23.669940
     -46.737491  -23.670205
     -46.737849  -23.670579
     -46.736891  -23.671325
     -46.737054  -23.671555
     -46.737917  -23.672504
     -46.737833  -23.672649
     -46.737744  -23.673282
     -46.737381  -23.672890
     -46.736954  -23.672399
     -46.736564  -23.672262
     -46.735290  -23.672389
     -46.734438  -23.672457
     -46.734347  -23.672841
     -46.733239  -23.673151
     -46.732744  -23.673023
     -46.732608  -23.674859
     -46.725800  -23.675282
     -46.727054  -23.686420
     -46.733408  -23.686644
     -46.733832  -23.686713
     -46.734343  -23.686660
     -46.734697  -23.686426
     -46.735973  -23.686681
     -46.736362  -23.686482
     -46.737146  -23.685725
     -46.737588  -23.685986
     -46.738064  -23.686109
     -46.739432  -23.685898
     -46.741524  -23.685230
     -46.743244  -23.685431
     -46.744880  -23.685063
     -46.746829  -23.684563
     -46.748022  -23.685170
     -46.749921  -23.685582
     -46.751655  -23.685591
     -46.752872  -23.685771
     -46.751950  -23.685050
     -46.751181  -23.684662
     -46.750073  -23.683571
     -46.749275  -23.682766
     -46.748905  -23.681495
     -46.749311  -23.680681
     -46.749557  -23.680138
     -46.750380  -23.679521
     -46.750281  -23.678583
     -46.749825  -23.677967
     -46.749690  -23.677438
     -46.749440  -23.676207
     -46.750134  -23.676347
     -46.750883  -23.676107
     -46.751041  -23.675976
     -46.752701  -23.675934
     -46.753987  -23.675835
     -46.755074  -23.675612
     -46.756589  -23.675457
     -46.757230  -23.675565
     -46.757928  -23.675629
     -46.758670  -23.675743
     -46.758888  -23.675722
     -46.758882  -23.675137
     -46.759009  -23.674584
     -46.759413  -23.673557
     -46.759793  -23.672865
     -46.759848  -23.672223
     -46.759962  -23.671460
     -46.760399  -23.670814
     -46.761775  -23.669912
     -46.762109  -23.669854
     -46.763907  -23.670169
     -46.765019  -23.670209
     -46.767097  -23.670054
     -46.767275  -23.670110
     -46.767505  -23.669928
     -46.768340  -23.669504
     -46.768967  -23.669162
     -46.769642  -23.668952
     -46.770067  -23.668808
     -46.771088  -23.668378
     -46.771421  -23.668149
     -46.771843  -23.667974
     -46.772616  -23.668035
     -46.773096  -23.667921
     -46.773088  -23.667609
     -46.772912  -23.667179
     -46.772707  -23.666960
     -46.771712  -23.666514
     -46.771044  -23.665905
     -46.770357  -23.664759
     -46.769887  -23.663820
     -46.769405  -23.663032
     -46.769041  -23.661990
     -46.767968  -23.660628
     -46.767163  -23.660242
     -46.766643  -23.659677
     -46.766291  -23.659378
     -46.765587  -23.658877
     -46.765346  -23.658740
     -46.764672  -23.658026
     -46.764516  -23.657827
     -46.763882  -23.657100
     -46.763000  -23.656407
     -46.762529  -23.656129
     -46.761375  -23.655400
     -46.760499  -23.654857
     -46.758562  -23.652688
     -46.757441  -23.651373
     -46.757004  -23.650944
     -46.756412  -23.651348
     -46.756587  -23.651556
     -46.755872  -23.652055
     -46.755187  -23.652559
     -46.755564  -23.652912
     -46.755629  -23.653021
     -46.755595  -23.653389
     -46.755237  -23.653611
     -46.755035  -23.654151
     -46.752695  -23.655071
     -46.752064  -23.655526
     -46.751450  -23.656323
     -46.750674  -23.657137   
     -46.750047  -23.658410
     -46.749041  -23.660670
     -46.748474  -23.661218
     -46.747999  -23.661070
     -46.747490  -23.660803
     -46.746796  -23.660375
     -46.745989  -23.660111
     -46.745246  -23.659884
     -46.744742  -23.660511
     -46.744048  -23.661228
     -46.743691  -23.661294
     -46.743257  -23.661448
     -46.743069  -23.661639
     -46.742799  -23.662290
     -46.742088  -23.662968
     -46.741843  -23.663387
     -46.741697  -23.664083
     -46.741314  -23.664589
     -46.741399  -23.665000
     -46.741659  -23.665477
     -46.742019  -23.665826
     -46.742883  -23.666109
     -46.743567  -23.666235
     -46.743627  -23.666465
     -46.743728  -23.666726
     -46.743696  -23.666926
     -46.742933  -23.667733
     -46.743392  -23.668105
     -46.743819  -23.668446
     -46.744203  -23.668044
     -46.745160  -23.667000
     -46.745801  -23.667108
     -46.745871  -23.667015
     -46.745775  -23.667882
     -46.746724  -23.667022
     -46.746998  -23.667617
     -46.747704  -23.667938
     -46.747845  -23.667753
     -46.748128  -23.667769
     -46.748245  -23.667993
     -46.747892  -23.668556
     -46.749736  -23.669441
     -46.749294  -23.670098
     -46.749551  -23.670515
     -46.749424  -23.670696
     -46.748157  -23.670799
     -46.746558  -23.671350
     -46.745500  -23.672313
     -46.744119  -23.672344
     -46.743378  -23.672689
     -46.742068  -23.672157
     -46.741150  -23.671688
     -46.739618  -23.670752 
     -46.738746  -23.670436
     -46.737266  -23.669942
END
END