moncoes_96
first_area
     -46.700760  -23.618135
     -46.698655  -23.618567
     -46.697732  -23.618862
     -46.698225  -23.620212
     -46.698295  -23.620608
     -46.698221  -23.621074
     -46.697048  -23.622496
     -46.696299  -23.623366
     -46.695827  -23.623752
     -46.693968  -23.624676
     -46.692541  -23.625354
     -46.691364  -23.625735
     -46.688491  -23.625628
     -46.687351  -23.626193
     -46.686456  -23.624961
     -46.685021  -23.622994
     -46.684227  -23.621817
     -46.683701  -23.620922
     -46.683251  -23.619862
     -46.682524  -23.618745
     -46.681427  -23.617570
     -46.680951  -23.617065
     -46.679953  -23.615621
     -46.678416  -23.613333
     -46.677459  -23.610880
     -46.676712  -23.608612
     -46.676066  -23.609205
     -46.674659  -23.611062
     -46.673650  -23.611764
     -46.671153  -23.612952
     -46.669580  -23.611346
     -46.667667  -23.609221
     -46.666407  -23.607955
     -46.664239  -23.605598
     -46.662727  -23.604029
     -46.660501  -23.601633
     -46.658991  -23.600069
     -46.661042  -23.598414
     -46.663727  -23.596273
     -46.664475  -23.595192
     -46.664911  -23.594048
     -46.664900  -23.592592
     -46.665153  -23.592655
     -46.665452  -23.593224
     -46.666205  -23.594462
     -46.666902  -23.595691
     -46.669588  -23.595368
     -46.671834  -23.595083
     -46.672969  -23.594949
     -46.673027  -23.595318
     -46.673214  -23.595981
     -46.673777  -23.597206
     -46.676091  -23.597026
     -46.678481  -23.596810
     -46.679607  -23.596376
     -46.679930  -23.596153
     -46.682217  -23.595069
     -46.682999  -23.595281
     -46.683848  -23.595204
     -46.685458  -23.595654
     -46.687149  -23.596025
     -46.688927  -23.595199
     -46.690215  -23.594668
     -46.691727  -23.593803
     -46.693417  -23.592972
     -46.694293  -23.595417
     -46.695834  -23.600292
     -46.697744  -23.605397
     -46.698999  -23.609971
     -46.700189  -23.615393
     -46.700743  -23.618136
END
END