americanopolis_97
first_area
     -46.630171  -23.635991
     -46.630021  -23.636069
     -46.629942  -23.636195
     -46.629958  -23.636500
     -46.630028  -23.636817
     -46.629991  -23.636923
     -46.629616  -23.637003
     -46.628717  -23.637192
     -46.627872  -23.637367
     -46.627124  -23.637527
     -46.627225  -23.637780
     -46.627279  -23.637941
     -46.627359  -23.638478
     -46.627438  -23.639120
     -46.627455  -23.639370
     -46.627409  -23.641067
     -46.626849  -23.642372
     -46.626770  -23.643232
     -46.626159  -23.644638
     -46.626014  -23.645282
     -46.624975  -23.646713
     -46.624512  -23.647631
     -46.623573  -23.648452
     -46.622605  -23.649197
     -46.621906  -23.649703
     -46.621491  -23.650062
     -46.621102  -23.650784
     -46.620545  -23.651241
     -46.619584  -23.651535
     -46.619073  -23.651921
     -46.618621  -23.652637
     -46.617527  -23.653604
     -46.616987  -23.654440
     -46.616825  -23.654998
     -46.616800  -23.655758
     -46.616551  -23.656705
     -46.617132  -23.657532
     -46.619504  -23.658262
     -46.622426  -23.660621
     -46.626877  -23.660037
     -46.627666  -23.661232
     -46.627859  -23.667194
     -46.630185  -23.671210
     -46.630325  -23.679658
     -46.632882  -23.682264
     -46.633672  -23.683798
     -46.635192  -23.682955
     -46.636382  -23.682160
     -46.637619  -23.681439
     -46.638768  -23.680711
     -46.639900  -23.679496
     -46.640956  -23.678240
     -46.641308  -23.677803
     -46.641626  -23.677153
     -46.642177  -23.675608
     -46.642603  -23.674825
     -46.642950  -23.674048
     -46.643314  -23.673573
     -46.643837  -23.673090
     -46.644563  -23.672488
     -46.645301  -23.671976
     -46.646115  -23.671340
     -46.647006  -23.670679
     -46.647784  -23.670105
     -46.648212  -23.669826
     -46.648404  -23.669667
     -46.649383  -23.669030
     -46.650073  -23.668778
     -46.651142  -23.668328
     -46.652184  -23.667921
     -46.653202  -23.667487
     -46.652803  -23.666739
     -46.652307  -23.666530
     -46.651596  -23.666054
     -46.651312  -23.665587
     -46.651183  -23.664886
     -46.650778  -23.664284
     -46.649596  -23.663448
     -46.649063  -23.663131
     -46.648558  -23.663003
     -46.648022  -23.662833
     -46.648129  -23.662670
     -46.648573  -23.662191
     -46.649029  -23.661748
     -46.649420  -23.661694
     -46.648999  -23.659943
     -46.648739  -23.658966
     -46.648503  -23.657972
     -46.648212  -23.656637
     -46.647918  -23.656500
     -46.647830  -23.656303
     -46.648039  -23.656175
     -46.648213  -23.654659
     -46.648345  -23.653396
     -46.648465  -23.652750
     -46.648455  -23.652525
     -46.648327  -23.652267
     -46.647989  -23.651630
     -46.647477  -23.650790
     -46.646923  -23.649937
     -46.646633  -23.649697
     -46.645724  -23.649402
     -46.645077  -23.649008
     -46.644934  -23.649110
     -46.643882  -23.648608
     -46.642765  -23.647969
     -46.641295  -23.647157
     -46.641188  -23.647050
     -46.641101  -23.646808
     -46.640873  -23.647000
     -46.640644  -23.647177
     -46.640290  -23.647285
     -46.640067  -23.647255
     -46.639616  -23.647270
     -46.639331  -23.647367
     -46.639067  -23.647471
     -46.638938  -23.647177
     -46.638720  -23.646668
     -46.639042  -23.646526
     -46.639263  -23.646459
     -46.639907  -23.646161
     -46.639565  -23.645431
     -46.639229  -23.644622
     -46.638916  -23.644070
     -46.638722  -23.643973
     -46.638478  -23.643766
     -46.637990  -23.643272
     -46.637835  -23.643005
     -46.637719  -23.642553
     -46.637683  -23.642183
     -46.637746  -23.641851
     -46.637685  -23.640965
     -46.637617  -23.640320
     -46.637437  -23.639733
     -46.637095  -23.638970
     -46.636691  -23.638498
     -46.636213  -23.638138
     -46.635154  -23.637711
     -46.634111  -23.637273
     -46.633276  -23.636954
     -46.632663  -23.636688
     -46.631467  -23.636294
     -46.630421  -23.636046
     -46.630159  -23.636019
END
END