jardimmiriam_v
first_area
     -46.648373         -23.669669
     -46.643888         -23.673000
     -46.643137         -23.673776
     -46.642729         -23.674483
     -46.641302         -23.677834
     -46.638877         -23.680664
     -46.638255         -23.681086
     -46.633508         -23.683877
     -46.633394         -23.688042
     -46.631356         -23.696815
     -46.626108         -23.702730
     -46.620860         -23.705687
     -46.616015         -23.711601
     -46.647504         -23.727863
     -46.672187         -23.705193
     -46.671381         -23.700488
     -46.672918         -23.698627
     -46.675286         -23.696546
     -46.676842         -23.695210
     -46.683327         -23.694077
     -46.706377         -23.666486
     -46.707664         -23.665729
     -46.709413         -23.664658
     -46.708481         -23.664219
     -46.706078         -23.662057
     -46.704211         -23.660553
     -46.700741         -23.659691
     -46.693731         -23.656143
     -46.686420         -23.651429
     -46.685562         -23.651203
     -46.681850         -23.651999
     -46.680219         -23.653434
     -46.672555         -23.644118
     -46.670792         -23.647027
     -46.668680         -23.653459
     -46.663414         -23.658721
     -46.663310         -23.661048
     -46.662988         -23.661706
     -46.661561         -23.663445
     -46.660295         -23.664329
     -46.649508         -23.669222
END
END
