campogrande_99
first_area
     -46.679980  -23.653500
     -46.679649  -23.657594
     -46.679482  -23.660549
     -46.679451  -23.661372
     -46.678750  -23.663728
     -46.677870  -23.666544
     -46.677857  -23.667051
     -46.677900  -23.668363
     -46.678034  -23.670122
     -46.677942  -23.670864
     -46.677787  -23.671621
     -46.677610  -23.672544
     -46.677663  -23.672972
     -46.677760  -23.673429
     -46.678028  -23.673895
     -46.678935  -23.675374
     -46.679332  -23.676067
     -46.679906  -23.676524
     -46.680936  -23.676966
     -46.683865  -23.677929
     -46.684884  -23.678430
     -46.684412  -23.679781
     -46.684203  -23.679982
     -46.683138  -23.680843
     -46.682744  -23.681260
     -46.681845  -23.682952
     -46.681008  -23.684621
     -46.680891  -23.684885
     -46.680868  -23.685264
     -46.680864  -23.685917
     -46.680944  -23.686806
     -46.680599  -23.688102
     -46.680405  -23.688501
     -46.679734  -23.689262
     -46.678588  -23.690106
     -46.678312  -23.690377
     -46.678057  -23.690756
     -46.677849  -23.691523
     -46.677835  -23.692113
     -46.677945  -23.692665
     -46.677953  -23.693034
     -46.677801  -23.693794
     -46.676925  -23.694899
     -46.676079  -23.695941
     -46.675241  -23.696545
     -46.673841  -23.697744
     -46.672411  -23.699164
     -46.671368  -23.700522
     -46.675869  -23.702603
     -46.681869  -23.700959
     -46.687453  -23.698407
     -46.689699  -23.695895
     -46.693453  -23.690071
     -46.695329  -23.687601
     -46.697242  -23.683883
     -46.698631  -23.681677
     -46.702159  -23.678017
     -46.705921  -23.671845
     -46.708925  -23.666945
     -46.710242  -23.664921
     -46.708231  -23.663969
     -46.706101  -23.661988
     -46.704267  -23.660603
     -46.701547  -23.659974
     -46.700404  -23.659453
     -46.698248  -23.658421
     -46.693726  -23.656161
     -46.693066  -23.655822
     -46.691725  -23.654952
     -46.690035  -23.653896
     -46.688592  -23.652987
     -46.686140  -23.651257
     -46.685609  -23.651193
     -46.682187  -23.651906
     -46.681248  -23.652358
     -46.679944  -23.653498
END
END