83720016
203809353
25932877
89313278
55748108
1561429252242915330
842809918294048774
20102067
579387724
90679489
206388461
1394698048027168768
86780048
144811662
996114205345533952
1278359767153549318
21259353
55310560
1520499965822484483
930464635806978048
1047614019509657602
1521510305649602564
2516966574
1526699031249944582
774469015
371479366
3786253882
31515394
2787216415
42212423
60211118
1389581689354129431
1254905639274512384
371563985
358558153
14097839
46538982
254242619
123251468
139372457
35131751
52268517
68175604
2935545856
179141510
1327010696425508865
36097495
1238048388622450688
1091113990405660672
1339966377726275586
2327419462
72283901
2983019729
35127266
526528864
33249379
2753967938
17251023
18223301
45235681
790154939645489153
371309907
1311654107585839110
1477678363510726658
1550117509604331526
1537080131717578753
875193215439302656
220713428
48545208
1213595685573914624
63542310
1554768912159473665
1337087329236824067
29736519
956447000
1315675731574300672
59743531
290269131
258164047
726198157521113088
1479644155236298755
1047741595
303528533
191568677
233592511
1424712148643635204
45462135
1183471371197792256
379239422
1354462997700345865
1298450101166387202
14293099
396917337
105790977
273000760
1400883477621395465
2165665577
64323310
1490504955555454976
1514016987378245641
304014522
1066219272
104029156
59038937
1077716723590221824
35809851
53929018
328700491
149710185
1495158768576995331
2730737541
204486962
3187652103
96347605
9232442
1446216188732788736
1098591459798892545
143443643
783164929
14511662
57220858
3033546384
120556049
36362637
3735378196
82635920
40372040
1083157047410114560
1488438884216225792
1059555337215205376
1027604819509432320
1194339711722151936
56851995
1090296931342004224
1634688198453460993
263770885
144628954
1568639931597164544
1067864439284736008
1479305188192276490
73503309
757203159966244864
388331867
224648416
73493771
24886744
915423942080331776
2886790366
42485592
1329154927231455236
151521144
96373058
745269332842844164
71581273
1087529434259865601
23579118
1525838597592580096
196780891
1272888458760138754
1269813173135212549
1201304740908478465
68753538
298757506
14418146
63964146
1341044467
16169263
1277396396040208385
47966229
59248723
94665847
74441013
22576338
1229433583464566785
1501250618958270464
1482876322368081935
4025043988
1504955619106856960
1621200086133870594
253331028
173819903
14590316
198696596
174726387
1621357735584342016
48212160
66372700
1527082163908317185
2251797826
1431918863407624194
976117022022127617
1191898342072160263
35614608
50478237
35588436
443268298
2434411259
1031612925885276161
78992868
42611569
229945618
1188246174442098690
1432908066610089988
65072009
2399277516
31922677
1006730962976280577
58541236
73490029
40234836
160771880
16338620
267293166
1628781343873146886
1628070769832996864
85912836
152803013
28108895
3724233975
170497442
167933536
81382190
3068711452
54459099
31138182
28425406
26388799
989446997504675840
986780435496755206
49516173
367965762
158874220
49053242
1560742847506178048
1560747027075563520
1560736745112698881
730400785905889285
1470472356439150598
266280318
875396521214320641
45037591
773238929516535808
767552771390316544
56248472
63532307
36163246
34660926
391478238
1105077015445676033
1470878423002267651
984708302
173957663
147034786
1646320284629180419
299347616
1424609036838768642
1267830556789620738
133426384
110014742
1059649540586905602
1085338250359853058
20440933
1545571816760025088
83464953
1512442312479199232
73424735
1437023028425150474
231919295
