1056943726717747200
39241133
907346179167588353
47172916
498878203
20743783
216919802
895844185668038657
245543855
75410224
1531422346539634690
35127266
1489648216362688518
425915181
358496843
341735428
1530650789827563521
64391577
1426335056726040585
1514128143539486722
3228963727
3380642199
1482876322368081935
1630224374228738050
1609047748518576128
1359665212819914753
1147869797646045186
1432825788479442949
518563317
786404470934626304
1502741905561559042
2872253778
54679791
1435830690520645635
120956551
714520805087055873
779481158807613440
162476497
1197158166242484225
1534657685936824323
16203527
1538302503200112641
337596942
176757404
1372520950823018499
1537709696513196032
126456667
286977567
1030656151376093184
1550984272747659265
1191800118003019777
153007960
330536692
56441617
1549861147121258497
1538603271052460032
1300917995380891648
1525455394520309762
1014613808793387008
1506822338569977856
1534111747694551040
1539084066003243011
1548485114476126209
1375151199373131777
478632389
1327329809396064257
1547597363539107840
954021609391771649
1546640638078328832
2966384362
1522607057706303491
1467967557848162305
58612085
1546139835496284160
1408824025636278276
14418146
476273354
1465460969023361024
1561136655725207553
44912035
1567083404847419392
1565838514557751299
831626274787426304
3187521897
1386794191762698250
23579118
1539553070912348162
479443694
1527835934527471616
125509173
1224025830927544322
65547548
78158660
1271987573569851392
1518702194882715651
1206772620970119169
1356444495135571970
439617020
1485912093773766657
4503196341
1262146160585818112
1518321897041186825
1526152073015853056
739677337810276352
1553148064868835330
322309282
1549561670829330432
124521984
1959546864
283734221
1466220101896658960
1234512537883947009
1562856877586669568
743419567213518848
1577346553781665794
203973686
1597488268064559104
2739532631
1263205339849199616
1412738677739081729
1567240674595971077
1437846448264159239
62530992
752889203109888000
1541979995689607168
858057419682979841
1643798915890774016
4407068775
1584219862150381569
1267108568685314050
1213479596475084802
1369074778108203017
1331295892423499779
1343080778
1170883964724269057
1562329395624230912
816112262
1077745633950400512
1498113589512744964
2650361937
40125120
1086222596272738304
1495185977479991299
75877617
1516429790064095233
1519439165045329921
101379793
54344246
1623757144808988677
193559220
128747845
1353922787275124737
1524098790021640200
37949658
1439572476
128898155
1520185883995033606
1526740293894152193
1450636458738475011
1506441114806624262
1560727610182844417
890243812576067585
1542053975561756672
1588574493957656583
841395937071226880
26898129
1614924359528857603
1524917929439117312
1569878234023759873
1629507386770702341
1458035712046112770
1574977365721186310
174726387
1569322896375353349
1561076465525047298
1548711110492266503
36822970
1366426420847730688
1448045730963275783
115452445
1426619384332701699
1208908201577590784
3981288737
987110184651763712
1563595890366902275
1552443186747940870
1550623729780199425
332391992
1099104643559362560
1613905112
1390057113121083403
1605633047306567686
881660641563607040
49677255
841791474584948736
73378570
1481068303141548035
1275922210696441857
1620378159442001921
1559194700355190791
1559671100430290945
143443643
1558312869963390981
95315910
109706111
2379350681
977815036126203904
1493095291750395929
4861440319
1039490615451508736
1555145706037452800
952369078924185600
614696668
375652973
1545058444868128769
1290116118426914817
385605452
1519702921461567491
438473416
2802309007
15475908
1484178637293121540
55590887
