1502435750096392194
33739218
36417316
1356096757
159219312
352732194
60953179
55586515
184560247
1519041825574694920
193784534
75562956
312699472
1545351713921679362
2501785851
517407592
1515376600510091275
857624090936528898
217581868
137207381
1146050531326078977
3638069663
994314952075816961
3349916668
196564620
1532862470439804928
1202225857974145024
46138265
1492477695493652480
117774134
462983425
1530207366372896770
66716207
909136642216218626
2149691104
180554602
130350583
148573210
164438826
158874220
53834975
1434640736092295172
1077878489574002688
1484143780030726145
186092431
96373058
1314423043
795776824697618436
1518942606864048128
1276860184560914432
1531996409418883072
4286004615
174726387
1206406747239469058
378409027
182035840
51917644
1541060810243547139
1272221087422611459
179560202
1366569497788882946
222181835
240009102
1528004226747711490
2763944991
1528177812
344495889
33932726
880350901
318228108
1288888019685183491
143235784
1485459493806907488
421393762
734102573150523392
47117743
239080365
1306003282620538882
1351384256656920576
37949658
423985972
1552405832914112512
1410716779907792898
828236112
3387282047
345084245
77353285
1450889285700304899
1520320583338237954
53929018
1220139903272484865
300676857
211017495
70141650
47838170
1048590958948995072
846240794805702657
1544125330914516992
59634299
1504358840971796482
1380900708405411845
1440604975311122434
118876845
624543449
18346652
1051521099861774336
1330658166338711553
55909919
632878035
48161519
62412925
760513127461126144
208234563
2622036550
97291488
1628525454498967552
2403377324
1529171001531056129
955095370706685953
103806332
1145005491254378497
1550547731177000961
993669513106395136
1421428030736683010
1334641151123582984
2412633505
1022840668882972672
46761175
1455713749965459464
1267252983852654595
3321082973
63278871
116014894
78097690
1039209306015588359
1437556943334281218
177263785
1546305040629088257
1199780333253746689
1524771917709905922
1248096856795746304
1278718583066025984
767552771390316544
481953120
322551079
1473187590685745158
371563985
1488275421976223749
1253758623123214339
1554257571908882432
1304075424587296769
216945561
4888578795
1101575305
1519271381183213568
1428493698464157706
1165077376197439488
1325450848797855744
1482876322368081935
1457707304636325893
719680025528819712
1540467017416851456
824629956676313094
3735378196
1085234291691454467
1356397907369467905
846058081641549825
1635298032173604865
154264360
1516724558920884230
1492579135079727108
1471600430824181760
1520717241045725185
1395070604324311044
503851879
192286146
2421472337
1149167825954713600
201064805
1611428846326190083
210473173
553597680
1416996523
560633268
1610058832738148358
245484248
25520209
1237829917930328064
1436137363277848578
53544857
1591948928349511686
1339375922642886656
104118447
46019283
1276781570687410177
776138319281451009
1365427084634521609
971857600114552833
3218718741
1432083748116385793
1192549999223222280
55467929
417364479
1197707770025435136
1434240578007482375
1221956880
35010203
1367071368521670656
3370008941
1560747035980095488
1560730344902610945
1425511283554717697
158160208
