1969021752
10713962
596519318
2750393776
2951109208
177423719
382927727
1322719074435190791
56851995
1434351578786541575
1060318682780483584
3043211619
1309849690947702785
67093822
83720016
16631711
62487346
59038937
19996223
192399845
261271624
52268517
1052735544344633344
19907731
161696522
179264135
136435677
1440604975311122434
260008425
826208760683167747
565578272
78507844
1279435111516299266
41709648
190316221
328700491
46651017
149710185
2730737541
47090792
15410917
1256186895878455298
1556263365277892609
1230494548482285568
2956717882
89981519
1051521099861774336
1329051085957427202
1522405187369017347
74603576
1433149665382387722
1383195265503531009
3854474182
24740045
57748745
275252257
9232442
61943489
757203159966244864
1199071563242496000
176278609
1305624515523874824
1465558882701434883
101838740
1534010211505213441
1304075424587296769
42212423
1055152529716187141
203809353
1268921487085502465
371479366
176943108
1482352338039984131
76805739
921364987129532417
1708421444
1437975009121771520
54761461
711352570317508608
78419582
20783135
105790977
1447817696112951296
184992427
3033546384
137960258
286315335
1463501695099576328
57017730
272030887
1425981471068770304
1085470427886088193
1301004763253932033
1523674437056401414
976185744443236352
717270899901247488
546455261
47832422
770975169347194882
173819903
441870722
51430514
1432372524139044868
14493220
336725598
112563459
1173426626681614336
139391159
1507476252080459778
1445511583421984769
1538284880538247175
1670375816
1543608972833443841
325215969
1487695198104739847
1117466502284890112
1258382487186702338
1524444623233556482
87244850
94801030
138974693
1531668259988295684
177628137
713180659
51323185
1474908485775241218
1047741595
790741780727734272
2973994137
1520408693497643010
1055660328460136448
35237516
71343053
75327006
1665327607
999056285235666945
34660926
1047614019509657602
39431538
1290292825637224448
1174039881183576064
137547006
26677260
218625907
11334252
1432362293040459780
35540986
56427931
1556311296668213248
1541915243298922497
1518923288956833795
104029156
1380189294275477506
69734883
3294099032
1531009089656037376
227080119
1116063488785485827
64727308
66809146
344523098
427074908
68185739
196149192
4438462828
2510988508
1363333814676783106
1296306585795547137
737803404467146757
1629656962194456577
765248121316270080
1482876322368081935
1250882942655750151
1224729917553872898
893896843725295621
1002214998033223680
1579120746269384704
2920453637
3067730349
259986546
1435632226167889926
267293166
1525600748976873477
1147977986198712321
67763936
47499936
1319767367686230017
1360083179428798464
28358467
1501250618958270464
1587579115326132226
143665196
1626891088123379714
1496842349695188995
48698285
86454721
1311654107585839110
66716207
2237610920
31515394
76257183
955373902997479424
1447347664408961028
13382522
187679561
20440933
1498484845449818113
83464953
73424735
54783971
1179882883504381952
86780048
89025231
196843664
54459099
1366569497788882946
92839566
1232213706660089857
371563985
606016840
1487538400827695104
73460270
1006300207108194304
487695939
184541699
328610164
1531666956281122818
158874220
319690351
125509173
1558631224863768576
319057922
3232502200
1444033341783744514
380068921
1220139903272484865
1542053975561756672
1521237149206683655
137207381
337408358
1477453276610273295
75831397
1463994487567523840
330378043
1189320004770193408
56541510
40234836
158160208
2727813235
206388461
771943792702283776
72723160
1525656082852499456
579387724
1590545601376256002
166995676
93988861
375958134
32465221
1632736846240202754
2567140247
327436826
223885778
17121480
1269543969018519553
99585571
55033959
65072009
1455414150977425412
1562282056960610306
1621262869957419013
3233005113
