209026290
20743783
302741662
53554742
74325248
55970374
1486058855268294656
1347077785
164796545
438473416
1528842277153538049
1542352796430761989
857624090936528898
932900692762808320
607737998
76481710
196743696
173819903
340590353
52058931
3691625422
109626658
233592511
21415271
1390016160918294529
77233601
114581418
1161961828219596800
4331665120
282731659
1522691205410308096
28356964
22157406
3053063052
125864433
74835944
27991603
14164165
306307341
1326946766583951360
201519238
252593537
1542192579151904768
2818411502
853994633411670018
1445743452004618245
1093169613662244864
48825283
209570167
34123254
58070434
817779697903894529
573309143
169155251
221759428
46705163
18688345
1304509993358708739
3929009307
78099686
166634136
774469015
15165399
765913081088241664
1282772919421206529
1053256480068169728
1390358520
1500160402897973252
78632358
954003020240637952
166270232
174806999
86137639
348475556
22576338
26576437
70424635
1420869957609574401
1443399233260986371
44141697
562107096
22428146
17230271
421902687
22402665
144876699
1485704671490625542
50791870
53796569
1535359741001613314
23579118
107427568
51421519
66410762
147665151
1522883136664838146
55968440
1121631714382503937
2787216415
1460081320630140932
273556388
41958045
22530598
391688865
1552112744
1562987573785800706
116918749
25574151
1000528474992455680
73284427
1243426227597139969
133907400
93191831
1474013297980624897
19746328
138597946
15281396
151540195
217871086
1322719074435190791
17154660
239063669
379939247
95433357
78158660
41292330
17432419
51731225
282198621
1330507960037027846
1235646481622855688
1511058555985702912
132471365
41177838
9254922
174726387
75022159
1522734726041190402
367270447
61104253
289063916
600718851
1085642720381685761
72904940
1262383370908114945
61477367
41499336
1577213985660747777
1581776192851566598
172561008
126127543
49713441
1540474363618656256
70210944
1390501788713984002
58541236
23988291
16864622
173513369
16631711
67092014
31422618
143816792
1601579179
1605732924589998081
58227834
1099092342
82419757
295283339
47656062
375925260
329085796
68795532
801099001
1227725024552984577
1247724960128421889
68757553
1505200048430276610
2283779741
39899805
2214807172
53073948
103169020
2885097263
14291626
20050633
1438472281
102565249
21210064
2267384157
1005823371144318977
1035634444315570181
1061087437454221312
2730737541
900908930766950400
118925906
1257892099552403457
157137761
169254972
245975911
22288598
905063668689379328
31280404
966186884769644544
972996482906378240
1246072929772646401
22027802
1036811344186691586
7619202
1247350118992547844
1432316742718656522
62673437
356497773
15430166
36533572
45691554
102992758
129336320
1442235364979064833
41819297
2177060390
862513225
35024931
989488413857517569
25042231
1038158083
1221966172880547842
60743669
286834507
60369902
52741674
501131995
1431275220
1139560171351552024
1325498305019834369
1538818370673463296
239176770
1107429430069260288
864853114142289920
1450017805282185223
1327453874412793860
8644932
1491818497298604040
133753965
94247033
1485767426704822278
233166705
231950915
166797952
17516438
15052095
1515879410599092227
505334289
133426384
1708851235
1134601281669128192
1534558402332045322
2812627751
49480741
1272619092114096132
1375539398
1407109304449220616
1080199851302965248
102065736
4699948116
880229392403886080
25939664
907060965467987968
65503972
1246450413815160834
1031577647971807232
208860386
54908597
1528627029163352066
16243142
1246774681
1131825372
935247710
1438242019726462980
31150678
46223918
17331476
860440363
1535442433105870848
15692857
1440351893046251522
3326092553
85892521
234544680
73503309
52500909
889984327257378816
1086059886222426113
48839257
4919229467
65805485
1512446707392552966
68819250
1169408620959846400
2953014478
71562250
1059422348854657024
1898283902
2167390714
440380027
94453606
1249758495374807042
280194491
1326550492147671040
17581343
1434564571289772036
733487737047764992
109049442
30216274
69676999
356978482
1520945384671092737
110132295
2894082837
738484040882343941
76365636
1508582235393380355
920707676081983490
1533442014259425281
37339121
811024642592899073
53371678
1430363674309533700
27947163
762464802769809408
1497318285162991626
214291275
1443683081588723719
1274396000493461511
251109370
1332019271589900303
35105584
1608871488
103969971
1327365418722484225
62426768
34327581
620196212
58921547
355026225
131521886
34264727
161326582
1531190122871410688
109409580
621544152
323631766
45235681
14837227
1486789983486763015
19571230
1335325411539087362
41947182
25835736
46799765
281769866
43370903
3386584791
25617433
31020063
3288782332
345311598
170798680
1284477620168658945
3291345878
1164893212592525312
1105471538923487232
101355768
19907731
16334980
1477683354472439810
48820526
39091214
64405389
5815152
1519634734497865728
4286004615
1279141399
3333336976
1208161086433832962
704673118485352449
1315607062831861760
3670019717
1316890925117865990
499147484
38747650
468959392
97758287
3864453645
59869334
138796935
204518161
35552367
58695983
215381775
52126093
122790142
1521625431639736320
1254448955607392256
22283171
42090199
428695708
2601778294
1353968539447697409
69343364
1473379902560817152
188090798
1532115517594644481
70803859
1210285695866200064
18371861
1385918919794470916
68196571
126971811
1704841506
1085192260428255233
2669926658
1059736961307545602
1468311833056624647
4205949137
83475622
901407982013042691
14244243
888605054139326464
167265815
61801911
1448969742367268879
1481662192781074436
1252390876887896064
1463897153626066945
245764760
511076026
20704620
172450495
1507070421564276739
1358415967957712901
39260087
1117204727031373826
113214662
80628503
372601594
1959923005
72601613
1151515249759141888
2316257917
148573210
1411408721897529357
1046198124904140800
1558913280005005322
99023218
64270985
39682585
52294113
835302276331933696
1414249903874879492
1167091093651038208
51538765
1535359842222805003
1083493813379891200
1266425439288995841
143126709
1494447863505510405
1105567416208318464
48398806
1559247489886310402
52809507
79796496
1552405832914112512
1410290274199289859
719427905760202752
1366917535103406085
1550547731177000961
1374893882362769410
2639898065
980443530
76420932
1282773009032523776
325238685
26262276
1063804299174662144
1393255608594403332
41910027
73891134
1375977413012774914
1549373798931218434
975842633615540225
100061522
124440750
4180595267
956447000
153625114
51884947
41708682
49756621
2484199258
1231267069762691072
27008217
706629892
1503570328823418882
38359909
60660175
983761072644648960
34118957
15946117
2984844466
333376246
1506481613667983366
28273980
553554326
85299365
162424619
254050963
2902560759
15419776
14813467
80051818
26327667
1383869697972572164
13484842
1521522379704483841
14409620
82206849
240063567
1208534560910262277
2306707293
151564993
134649778
1482417351316447234
1508214357582356482
22635254
1211824460010905601
92370066
39788592
152337601
1537233594950754306
113444196
950761322
1148403612844003328
1064740464199385088
89999916
94878293
14177719
1110348628592418816
1358832120572108806
2369876893
1542866357959753731
1503835985897041924
1002073590425116672
1213847318195101696
1131638717544837120
51609735
1069219163934203905
3217646565
150419791
242688743
2700841241
1363141512700301314
1431574572915113985
128124649
2356629355
312923675
184541699
81593903
71890905
222312829
13821652
1217118279686336512
1540377865992212480
1361149541110738949
1478206907999477762
82998437
203809353
60896393
42027444
1103140138530553856
44418941
211921444
40966580
97047212
1277396396040208385
45940626
1335440376996524032
1354962864839270413
81013744
1476023289789222915
213225933
1518908815009329156
1494717321922949129
1170490477
1019528599207104512
36169291
23881044
1038239209872666624
24250530
19826881
68058272
1070317696972144645
97181154
56372027
1234566411101622276
1316510641000247298
1478239042919710721
121212107
1530352296361590787
1255555287160885249
788779496417726464
1363104077987602439
1420927006535995398
54356823
249993355
1065396546651504641
1352769294418014209
76580569
1504358840971796482
2965095953
1408752956
67895112
1417510425713852416
274077339
70708267
1041139561496104960
332291733
1343031721445511169
14503489
743178570093072384
58068140
43572875
1371667306733010945
107799831
149226398
1464931280387285000
1327431442780069890
71576055
28436011
53202504
899771594
610171401
1070402868937658369
1428222142295027712
41709648
1312786972163928064
4339611
294946677
38993755
28688054
248824571
16595668
91267816
51640426
3092453777
473444838
27494620
1230074138
82940542
1537988462489444354
1527960748005199872
1588206816277708801
317478010
1644476686862368770
1626727997570002944
1587667877397778432
69044546
1649052020677165059
1499694012630020096
1261042129
113716022
1095822244813643777
456176493
1531860051824201728
1090249021413834753
1177109527860326400
57100510
1440745314588131333
2753954699
1530266753875443712
57531053
1600715860062126081
29720850
1530941396504412163
1487187862386794499
4823011349
1640195303801225218
57581510
1416916804929269760
999191135728947201
1645839099750645775
1212123042
175596925
163846201
32127227
739634772486524928
7407942
893896843725295621
1487969360316620804
2973994137
1569645488621916160
10164502
55298352
253164228
724693836694478848
1512997952603705353
3290793863
82427060
1444730024150634502
1027288927
1508091205237850122
1526647126486355969
108998279
133778741
132909997
423985972
1207489299895205888
3072319151
79274410
1282760525110284290
389212885
3667115362
1702543254
26810678
89356585
58950809
68737051
191430081
1056897457139933184
1224790884551622656
1225821762371411969
1032820485376159745
143203397
52950333
138257731
1425095959059603471
2646145216
1022601341124919296
839858300
1304357571298557952
1274373450015158273
1443367208537804811
1012317915947945985
1526014984085458950
94805811
20783135
1600331461
1284699214598017025
1526109103579340801
23166886
157508037
21341906
1425606809327476738
1274229214183673856
1470915850442100740
43554075
1476740176403738642
14933354
76394338
1457879946
58090517
16888542
18464533
1146764959008940032
29837396
2439943881
1387185770767822850
49883959
35315811
3549387736
1507503673479507973
42512093
1219384348824215552
1005603515924959234
1499117002664853507
93409913
3643141
8791982
313008092
36764360
46576649
51405210
1095311701094871041
1478018527466557445
258571765
78071191
42085048
2784967459
1254240676759339008
56398558
292372208
1538600576010833921
1530056505550053377
427046764
90423509
484015235
1194585649749340160
37571692
58852093
64801033
2237933274
1242970609413488641
1300834299910991878
202808816
922660494388944897
40733072
62017362
46498411
357822208
6609882
88621088
1289124620231221248
52672339
156769386
363245657
1540483570371907584
60408775
426676871
2765176287
1245840775239344129
1390931250
142463461
1346171018558234628
43749754
1003800302380814336
967061455223783426
480714833
158783104
1265464535986720774
59214302
1442607235
1218943863823511552
1374017196414885888
192287573
177065182
26817727
70958226
43096142
1444776903022370819
1078857420976410624
209685597
70573414
83720016
53219816
54270728
860469355
136349177
57460575
339183004
1547445700761423873
51776863
17940959
1474457047198576643
1538272366542958592
1164185887086972928
37320725
1329823177065844738
56004888
8151272
920597438439804928
1121401968604450816
1340986739247202306
58743760
57778160
104311824
126639212
186612406
94305291
99779295
1212741318964727808
49053242
942619364
38670003
1552856239041912832
87892052
2402425004
1494900462243487745
131146407
3188443457
730400785905889285
981699021038346240
848205260451696641
1554088744352976897
18293936
526528864
2716711203
1516193230378913803
33085798
184546595
1090681428
11784472
1484166797251293190
15349705
48611031
183806396
103842719
1309515249788358659
591961954
94162216
225064867
1263213544453128192
1152195258714918912
1202190203718438913
3166579396
726163659286810624
180875727
979817201749430272
309928447
1254464763024850944
1249983240951267329
14119329
44300313
83494348
120956551
137708759
51909265
971378756702167040
114826954
1257054706297376770
702248484536262658
1521996680496885761
98659030
71581273
1078132260
215776349
1468768897872633862
1447998003600572416
1361821886104092682
135692805
70469872
199357852
1183394074528813056
758424
73490029
61940367
102160355
1025802635595722759
1441960652646477825
996126330726043651
1135656600503496704
58498894
1228837021
41833433
19474391
1197158166242484225
1518759122593800192
1316214160938631169
18161004
28318414
1089325133569896448
210258990
51559588
154350254
1153787864855040000
798238569789788162
133397211
81496812
1194733160241803265
329593223
25577896
159584853
66826639
425829392
31443928
118821424
1077238737816481799
39789302
1243862365457854465
75873979
30088269
93294126
1531702325693321216
93275623
1483930638696816641
324675661
1498465674854871045
626237487
23067792
79717192
45937238
2663965709
51644295
981327172156747776
44948170
28985814
1551934025949974530
1312862255625707532
225475300
1531762071389487110
71598198
1307682617807036416
40128996
1350814370662592513
1495886474297888770
206392950
43692060
200954288
75348255
1551936722010865667
129136971
88919496
15817024
1272907131293970442
64550233
163874389
1362572914286096387
876196397825097729
273545379
27152664
35072625
1285788053697699843
18319377
1023746093216149504
46202442
167931308
1254978737281683456
997954268786319360
73002111
146193954
1463438926232887299
95905414
437615886
778628746895130624
788592443960782850
1705879176
1516917373726597122
113515730
8373162
80993653
96032300
4706720667
3095036010
89981519
81907987
1415342203954679810
52866878
1563638317572243456
2783202761
1616308016
67193655
99001288
298496404
103806332
912482847344164865
90764542
38431770
6457932
33048362
125414499
2996358261
1346696453218041857
1567983192195448833
942889543581294592
1361512546029740034
1550220259608739842
1324382006680129536
1061941299966820352
118224319
1004473003072245760
105317409
908072845443567616
58803509
84648084
191288665
1214749838996312070
1022928903034363905
95674345
1482876322368081935
768878510249275392
93007074
1241116260064202752
17593432
1260097627
1478913170831982593
2402019150
1324897824
64547382
51303342
33320749
1539701608262631424
788510574
1389312129107378181
1145008392295071744
23001395
1228179174726066177
1620817218010234880
792315093912588288
3257520879
1423837019919237122
594613020
727083578278993920
1390335267622596609
1446141523083636740
1480296219616423936
283725069
1536864711429480450
170497442
1205266233161064462
67147947
2849156723
41915011
595755969
2733769329
1492162185971351556
1258812706410450944
61211873
1246251641722068992
206877215
17546422
1503461140516454404
978499635575738368
45447020
10907922
729505869604528128
21189671
54194322
163707938
1534192004892082178
1452679699319111681
201285499
104228041
145289944
56230286
1511557194910777346
16894066
99602134
1274917361489973262
15735007
501339977
1372435235632246786
1011751272
21232907
52560164
1254804437580857345
130642509
146918505
64580805
52095465
1354041908243419143
1524206615913771009
956199676579020805
1547676697952079873
201580498
53501679
895399550067912704
79282891
59038937
8535022
182038489
36417316
4280297357
86733176
191723258
62842687
2669395046
64810427
985647642574229505
46890707
8205502
1456967893942509574
1423871670914330624
2236651340
224648416
1544121585631625217
83714348
1507361530022670369
76022404
1441302198
1078327421269671946
1191465826953650178
59248723
1115911847524347904
1324327472326991873
99162230
556284030
1495404615659139076
1390383755190222856
164868548
381620204
52960171
26509116
152447348
1005484708711534592
15301575
1670375816
1220139903272484865
177386330
2673406817
24875696
158788166
180081874
1564700354104774656
40255368
106277093
60336166
1114519107234406405
51884308
170190923
59575049
1358794799235690507
49408808
4794212859
37961146
1252992431223693313
86765582
27285952
1448782808785293315
2551018152
2571909060
19667101
46484768
218809012
291876364
52792186
167095721
169964377
23548095
1514061274736381958
729486204
1014174368
1036400365388922882
53587588
108439036
357561011
108137590
24956368
62090194
1552328468444102656
1488654025381879813
1054021259250597889
803067272466153476
104623717
1629275874
78029513
53569392
311565004
1480173060787482625
67059847
201782220
3290884168
40227183
62695011
1327636676361981952
1348869748084375560
238771880
1832686855
48907216
1226381700168474624
822929250437177345
1181938948702162945
1260458882335465472
11351602
1058570406175694848
305758981
35291115
934879761956065281
790449313
82648434
119103924
2912213903
193043317
1477046463393935369
1427345464232497161
108637786
1500611048830914563
1359672332990701571
1418387537282883585
847753393900666880
629649182
14502791
1265649820225753089
14963281
3724233975
3404698167
1170883964724269057
100640766
32411283
550611367
22134912
2614388485
137547006
2347607418
1613027815
936496012453171201
1391818601888354307
1238288915083210752
70753923
24307707
57017730
194233318
1105557560084623360
3332801477
521503771
17110057
1510339063064285185
200843297
256560116
100227419
60721389
52467327
143443643
1526240047967649794
1287167909215776774
107445075
478050507
89680261
27412034
1181321981469368320
17059242
1020386330101108736
81192305
14407123
1522829621120712710
17626269
482978541
16339549
26612847
190312750
1065964061010141184
135363695
214292151
631577596
105962343
704112799753113600
16564364
1308158267986714625
1250202398544605191
1557245294315806721
335059302
25758090
1344856486967701504
1005892708324532224
64391577
77088222
52503080
163581731
19888362
988779552246829056
25700962
2761521628
2962136217
1203207687628099584
490691138
14328502
1498018090692579329
299835847
1170324261313155073
1376409747587526656
984266631554707456
288826231
1388160342619004929
1449752296930349060
93411175
367966084
1115033743830462465
74256272
187683455
1561041587223789570
1319322904492900353
3306316870
1105498899668705280
18984823
3064408054
1513547809857105920
53448908
15453801
977306570
73411807
1260174921906479106
865567426842435584
305750238
53520976
1550100149514522625
1007302454650851328
1383829819587063822
1390538330
1295762514580512777
57164481
28210390
3347136850
53276311
142649833
190316221
48412931
1396146261712060417
1359248564749279234
53480040
3403501810
979497194
89012683
45358415
1462915411121295360
1443395854077992965
1525611627357343745
254807654
17222497
87503852
54367271
782008051066925057
230560129
82505023
141447734
263721734
1561234334861901829
10745692
1382928143560929280
213925738
405779831
65126460
81713344
115523358
47022710
1377276638187098119
23823514
55448310
226493516
1242082406
50677247
221909853
39482950
1335026342
1362536497514168320
1559201715269865474
1308989283525591041
115799618
48211906
1558512795485982720
465134507
1284198199381590019
95306909
1385336377580130312
63880800
1522330905557229568
1466186253804654601
1227731423500656642
3572574796
113048871
116449879
33377005
1439105270064496643
1470841262349725701
1505650243215446016
63279367
101790191
32527755
1564049320021839872
957806266088292352
957087965645279234
1389793802722889731
53103492
218244535
1422971628049379335
35588436
73770504
33654540
59026739
764132163147161600
45384117
284058920
58318482
15591680
1268557713744723968
102879087
33290764
1091499218563448832
61097173
1280959943630295042
64631305
41724125
1290712371502239746
1205124909522915328
1402106878902030339
33631090
167471254
16030618
127625246
59916086
1488111475789082624
1360212608515792897
155421066
1455234068812111883
57794600
1248229525663735808
82268715
42611569
1398883573432737795
109695751
1150111070280925185
10668022
91840976
1513134594035531781
1528131399806509056
49502064
281130563
1213929585097658368
36164543
100353774
71672841
1270899980228837377
1130249719555481600
1498114366138466309
158107810
415073795
1061055113048088576
1146491593849004032
55466334
1118317793886314496
163250069
67423254
22248152
57956355
1080896760741052418
1532652296
51532034
32847062
1350358507850231809
1490381334958718980
1533826063163396098
33384655
907277877217042434
49516173
22912995
58065601
3378841539
46075848
288086248
35393643
348841175
1185751186927955969
990251781778214913
1458452998255005699
1206527863530409984
1542225434292768769
35021879
1158537169876738048
1395118695320522760
2548871665
57694980
191519304
299330235
1471150831
836329067603443713
46400543
56449447
1534267732849565702
19383548
153240430
1436523242639040512
1418096947420930048
169512806
1524811071818719239
1283003492488089606
768209683995918336
3080614023
1306268457751674885
3381522531
1617909829
1518174572490731520
176277837
14418146
153095286
41647014
1495887384176648199
1550127107895750658
134757283
61677491
1483968874869628929
720736575072636929
160700133
710778089849167873
1192796032201101312
97832019
1236804406869401600
22152627
1408410275343220740
1378444875394396169
1427660256
1319341609767653376
188132193
1509605196074258443
864616609071149056
750812062708854784
275671461
796248562116005888
1421505300784373771
556352866
793259180299849728
69185502
477766920
300491185
15410917
19006395
1434351578786541575
92607517
1336860080273285120
76293572
4351146081
166259652
407054185
3300536362
1524741696617017344
2992345509
27921108
187730397
1529704538
49750062
4019938570
489863350
1395569917420875780
46664465
36723490
1503487333529800706
1106415392510173184
1629241
130477658
251786148
19812925
139696469
1422803083692855296
1530614408078053377
73135603
202053649
90834290
2723241508
1295383206825545730
19666641
35540550
730801006993379329
78361665
40146795
1172964489609830401
1250049498
1107867521904979969
316465921
1568246693543518209
1147977986198712321
709772040
1508885249790521345
2505597843
25348322
244904932
2237610920
1537788153636978689
35331454
2888345027
1461928835478429696
284209453
39241133
13471382
1456253509960183814
1520135710547849216
1324931421501272067
44277741
68256685
1011675096522608641
2586624728
1246991087115341824
82587805
29093125
18195583
58977902
564311843
109325390
1325921464500023298
1542376893428662276
318853812
1309336024636686336
195620564
1616219755106471939
300560958
43698189
69408870
81353726
94109704
254384623
1391846820800876544
1632153730169618433
1299532468236816386
3955458700
1553583804920610816
1356393730295652353
1571453514181746690
1389901118810034177
315486897
1362927043894272002
1184589840266027008
1614773188239441922
55974691
2995202884
985993389136011264
72894474
1431680147749490692
1597018267746537473
8201582
62104573
349189269
1477138553461219328
783255681830879232
1572593283594944512
33111943
68887227
1354788522763423752
604716918
283818529
1412003169241112576
1591171559229718541
1319222805297287171
1133534641758064643
1126946148969799680
1085663976548114433
234564287
1456447129162035209
167832963
168169793
957983145994932225
1103994126339579904
1611113017697095680
37035780
144546802
40325461
167794263
2903952989
1123389425654927360
28935088
2954902437
415582470
42498771
1468423847087153157
886726786117238784
37821061
4873778199
3585902953
1503833789134426115
1164510141431058434
1546510323196231681
137495039
43143000
96589602
66784188
207290297
1248786897352130560
4091483601
53755255
1563754403231895553
1609176531573641216
14948284
33660604
1627335034779713536
867294176
1482054965107560451
69685873
1410293610554212358
1196989485336137728
307588007
817385286451789825
1086985552228962305
703961955623706624
1607133993794768896
1262643881608445954
1459151632965554177
1562544215870935042
1531819312004071424
1564568198359416833
312966352
3243666556
1357154217580978176
1023762642123538432
37530699
944563878
1352620403521425408
253659758
53123781
53578746
784458770571202561
46925709
578503647
1242746868167323648
1564444360321769473
78617110
1626545662434201605
95657591
79356784
1043147802879160322
182589764
76316099
59050587
66123954
1613893770600128513
82212249
1474184452045684736
1542591550437326848
79348128
143995884
32792380
17675080
1603195759171715081
1216236878409670658
896920183901753344
245079310
1470606485382176772
15493820
1592678926056316929
928252346131509248
23974117
1540921049407176709
1516772359612551177
1502427899890225158
1377043974767194113
888911525561475072
1528735431440977921
92010174
1448106965599723524
1596574069964562435
1316254803115290625
27878775
54112369
25632653
1636312614547464193
10184582
1359665212819914753
1035339344318529541
71686598
1386017826335494147
257639970
2774956546
1371871804994764801
199405515
198227223
60674445
1600905663064023040
1291992388630700033
1153186153710772229
942976411211583488
263703054
1436345528636346371
1624348146380701696
1635135262006149120
1085302782574452736
3054464278
1508173872662728704
1169970228727599110
1479632199704059908
821093015045468160
1325622400969568258
2403761336
51617816
74531956
68544620
873273650849492992
1515542167305043968
