1483805961290665984
299347526
459332230
162376873
1505728351721431040
35940234
83256959
526528864
2991833872
1345849754962550786
1173005828116426752
1546687144726601730
946478460515639296
1533498778472402946
1283794088047923202
233349723
2993957515
1343656146524106753
1546298849957928960
1276341342
154241961
1541168126
1245537117494824970
747802270423728128
4438539795
1216999831
1525063931064115203
1391624474122928130
975047028869918722
83857340
94602545
366148261
15659203
2720697947
1177005181541769216
1259555882347769858
2982747843
1544125421062684673
1565097207069659136
1136128923580928001
1635724125086908427
1482876322368081935
1270304869186969600
1171172654881153029
1237381505921495040
84728415
751233364347260929
68262605
1253860848730341382
1636323449713881094
1621925412442882048
103806332
1519779641250258944
55463909
1116525093491027974
298651149
1476357907746803712
973566042407690241
288732031
1056901001217761280
1500638229128753153
264485409
96577034
72180781
408130226
292976465
745251339878432768
1514714551379451913
174726387
143443643
1623859841537114114
1552856239041912832
1634281925266362372
1369417560878383111
1590929854727331840
339382893
1359619452594245636
1087315035293208576
517741923
1356973056086933504
1641803985752301568
226650443
76257183
1133081081966731264
1235513679757615104
859111550623387649
140579684
156049334
201601766
1101214225626775552
1338129926726291456
2786057416
241533539
1351148295012425729
345747265
1182814246310166529
51297662
1441638115450318857
1058891297258381312
1310676242371432448
186524011
126062040
148573210
1459325755561807876
1429505332733169667
2583345503
95684648
2820942663
1477515059186311169
65503972
1902686497
3685487001
342310228
1514399624731238407
111064481
183292706
1229635531711053824
1542893816146960384
1167132978335670272
236833250
101562598
985688810980864000
1575157058017558530
1575615103579422721
214253846
2505437941
1012015480146747395
1021802206176178177
517816540
335713264
95934216
1327261352377847810
190623192
4047390712
43080440
1051577618049454088
274824683
1462564953647456258
1489826729988349953
1427636239495221260
64477391
724106672264851456
1046745940202270721
1484950205929771017
1321137076516065283
1259011096138133505
197554331
1440462452483784712
1122679155370483712
1295843997395619843
831836683830169600
820826820115316736
1305357132435468288
42110498
1500189122744487937
1192920273449824256
1482685735
1211308415256915969
1082657773333159937
51575500
2892106515
299196660
133597590
113115757
126807249
57638186
1043897510
239618281
728888856703963136
714633397
1441259361527951369
783027805659496448
1564621412979163139
1645267265976258561
232093850
1526754101614333953
345923803
1403541600014319617
410834589
2306707293
2623604374
155598728
1178042436628688898
501177937
2774956546
1333259609533001729
72921445
91228249
23001395
133029243
1270720282655813634
954918709553922048
1097786900105048065
55909800
921364987129532417
99398069
410760828
772616539006705664
1494032893072584704
272000243
981408967153930240
467789573
66867484
90982544
1533797012868677632
71988480
41405898
1350110199005274115
1103337709848969219
158470247
538477611
1521064752830631936
27566436
64727308
1252384861450637312
1490542561051791364
968182400521068546
902518291217907712
48462578
96213846
968446028482523136
1389771035453665281
1560752714199490565
1560752756524257282
1560727244561158145
1033779759845724160
1312919941532745728
1560724033242632192
306512888
153918456
95303457
59586911
2562781103
1305187992257146880
84052703
1109007224
773521090731704320
1133829143861309440
218625907
731367564933246977
234578293
1518532495670661122
759544449915650048
4076513001
76647407
1282345225994883072
391333778
330556270
1546196386840027137
1447893742766206985
608667796
251427835
1335788784798093314
198621311
14350111
47220478
1555153026725314560
402715144
1255877747974590466
720613394
338606985
40476036
99383268
718532652672933888
71674128
1239048675692892160
737000383
1540506129251328000
192283229
1439534897878781955
138597946
1014282328829497344
912594109
1145508420004536321
1377673259324477444
1538189822912765952
221693018
379739211
1460625008846376973
1248220145417322496
1520893680676179969
388331867
1530586309051527171
977653340
214562966
40917089
1455240346296795147
1569639652260446209
1424725634765541381
547453857
86868691
99143055
1065692193019609090
1538769982363942913
52560164
1525777931624189953
4492579047
391478238
1133737191581061121
1493370585337978880
907394105763909632
164920903
1434992222164893703
1636143670314295298
62174202
1015591140295368705
1334200708141375489
1177599427198029824
1313966560202100736
1498372687445569540
1547543685629345796
1525444210807152642
27034840
325903563
1420257025804623876
206915817
227456866
1071618782144139264
1332830746101362688
1541079598707924997
1485488776625459201
1521666931857756164
760287586422231040
1518908815009329156
313947284
344523098
2223860654
906509749
438473416
1550339974867861506
16982569
58977902
83940489
194046354
718623140855865345
1476326754574909440
16631711
42541553
1074715205639303169
83599815
241571903
52568346
1393771477611302913
1261434370059055105
1182958458678792192
31423989
126039340
2662408269
243559724
45235681
1618254408
3044667964
45233070
3318768405
87819478
57694980
52304230
115722934
147232996
1534376776566177794
1421527293336461322
999995760094732288
508706735
887035232989446144
1039271264299479040
1402562396078723073
799458345828618240
857624090936528898
2645598697
2438272409
1317879399576993793
1516508434560135176
1183825986787389441
1543555379908444161
3172460555
342815291
771217566794600448
61178974
252806783
931277060550680576
1525995829814763522
49859718
346048937
1147158493302087681
75428103
1522533992951595010
742082823205584897
1393505043710717954
1567219851592142848
1521354594189815811
1230610292985466881
2308830899
2413288789
50800192
257425127
791768377995980801
1554658140305719298
1336042317015289856
1111050171146739712
1535069224007245824
1474897877130481670
58463979
71581273
1018241704644763648
34553064
165065280
754496911885893632
3158149418
391358045
41479382
1179944118950256641
1346926865274064899
118704127
282303911
1608613584862339073
1393327961315676160
316775437
1611113017697095680
2196238149
555563466
1432372524139044868
1143647520037507077
1634323547957915651
1370098641050992645
246326445
1549955108489797632
457884263
1305826813382406149
97080310
318096834
51617816
110516766
1302395462809464839
1619015580547256322
1242930063915581443
27008217
39789302
1319222805297287171
1605640980899708930
2875544134
1184113707514814469
2516966574
73183704
80692778
1507010441846820871
1442668074931458049
34263804
108292520
1427097923301564417
1559123095448846337
1119784163618504705
1458452998255005699
44836249
220050919
1598180829544472577
1264702871809003522
1036492384757075970
1522225281011965953
100374829
1376741500592226305
1558885275039834118
1609263338751496192
1283129456438267948
112763770
1590813840987529232
1225860773051760646
263850032
1556255724333932547
55619560
1551888842361380866
1378726668936810508
1314018548432408576
1196941293483626501
