3685487001
88057012
1331579873584885761
1405610534968385551
1040808864940281856
1387216514248593416
1402030088661635075
51609735
83464953
276270452
2348685380
89261335
1482500379107639299
490969579
989866789487218689
4431611895
176871954
57220858
1175001457084588032
55656174
221759428
1507189544055193601
1279422677581729792
59307516
1532580486043795456
1280893000609083394
1286638172
1255061588484272128
1668541
1238133359542484992
402688868
1513650185041285123
1452349772388515849
816613480895836162
1106262439539150850
161024464
1124543151069442048
288447679
252806783
1152101736
1258915761025925126
1305357132435468288
1125497722180657152
1390631078877089792
129910370
1443333788847722499
889880509639270400
1103384012427534336
157137761
4853982353
226338570
174473830
856848872039223296
43089906
1549374935637938176
63240588
1369028014097522690
1345149011947384832
316072613
1402713680882638853
67056782
3016186557
4580783727
1517912604638908416
112726540
316775437
53076416
76481710
1215301828948131840
315868919
1477240402700865539
1201687514463002625
1403486767148322817
44636743
1357317334629830659
179202013
162957667
37530699
27173397
895312398734831616
61116586
1498833903334961157
1481609883132776451
548931845
76370616
2830006150
914547528619708418
1414383998961397763
1371148583538462721
1363597781366095873
1618293509814947852
318056797
69585226
3074905265
1318366374855659521
192757257
1204803284789342210
1358744887659741185
1360196855968194560
518476845
305270814
52198105
63279367
1565660581926998016
3387282047
1260339991613526018
1534639560826683393
93294126
129395056
1078705196
1513867517114073089
194748230
1498372687445569540
86326835
1035677432190304256
1525489716510052352
347885587
1551227455482089474
1182841224
1447532562126196738
1482876322368081935
771943792702283776
1339305846908575747
1526673943326822401
105776392
981327746
47832422
929117191370412032
53371678
1265765254425911298
1039487681003171841
337596942
1471123369726816262
2323875848
1558861490681257987
74899968
108504990
318421849
3950775615
1523559181906849793
72339424
71437422
55619560
2787216415
253149282
937770899557748738
1325498305019834369
1640185716083654657
1630263491956187141
508706735
2938501479
743442920
1523989826340597761
2736444460
61290302
1441485250421395457
67435321
71306184
64405389
866752441
1016045780480733184
41384930
873657434107236353
83720016
1533498778472402946
1445795472258605060
975434108502528000
1361378693856317447
94162216
62695011
1501673861250789377
24752989
34779125
1059519024671965186
1438887757728948230
1120461981671202816
1358615540068212742
1604524056140718081
2506510798
1630421013266612224
1575923983911997440
1611103412933873677
233930739
346923154
1627838907688620032
1621947895992795139
874746148409536512
