187397507
148348455
3526560147
2709394009
1337566745536712709
4852248274
33739218
1258800752417476608
2844308621
828236112
1356096757
1256252439952572418
1484143780030726145
1439534897878781955
1500691524451020800
1147523863716204544
234000865
255666130
300676857
898210857389355008
516953047
58822283
1592643384
1529852546919153665
2249207570
324511695
163274935
1272221087422611459
1366569497788882946
1500151776271556613
1513711168677892103
262875011
222181835
186092431
264321736
1429480337588068352
1453382184337817611
130350583
217581868
1408006051820097538
909136642216218626
226997479
1477535535996493826
1191808401325666305
718465305761214464
91478456
910581641357258753
1446701899596640258
57220858
1528177812
1360080901506543616
266164723
46138265
1560447540717391872
1334641151123582984
312699472
1367071368521670656
1064632099670540289
1452150116987674627
1560747035980095488
1560735805638844418
1459298852368965639
1560738670298251264
1560739403143823361
1470851405078568961
30123111
131699367
1264343123662196738
1489345004757827588
78097690
3009970959
1433506662334222336
1039209306015588359
3387282047
1087467855971565568
137155875
1048590958948995072
846240794805702657
216945561
1544125330914516992
151521144
81966287
55909919
182035840
1917950784
65632196
371563985
1425511283554717697
103806332
4235414309
1145005491254378497
159219312
1216375381533634565
136742137
991642812
1552405832914112512
1410716779907792898
1286207048309452801
1450889285700304899
1564388400379093004
985055043350130688
1554257571908882432
4888578795
1571453514181746690
1482876322368081935
1326184631801163776
1526921370944380928
1646942025692880913
192286146
1543752723211902979
387346334
76802219
3288782332
1440604975311122434
378409027
1062668661847195648
1515376600510091275
1549192248025354240
137207381
94104405
4820154629
1291867919320842241
758424
1430143757110980608
143235784
499153720
2612574338
230336106
78402916
760513127461126144
2935444570
208234563
92019588
734102573150523392
1276860184560914432
994314952075816961
1057396966118834176
1640791956
4843593959
115146921
196564620
1532862470439804928
1362572914286096387
1492477695493652480
248824571
842809918294048774
1546305040629088257
1199780333253746689
1248096856795746304
50282663
1306003282620538882
10226052
1455713749965459464
270069773
108674783
999056285235666945
462983425
9232442
89255134
1379639051146366976
63278871
1356397907369467905
846058081641549825
50552751
238388733
594606766
1380900708405411845
2549182475
1417315922914824192
2533118216
1088590360400543744
1278718583066025984
1141212075248803841
177953094
158160208
816929265245687808
1325450848797855744
1056628711448035328
1609751852429574145
1291525187918340099
1865702010
815285238
1611428846326190083
1510599885145452544
1616836579938676737
1149167825954713600
1365427084634521609
553597680
1609814636563693568
1610058832738148358
1430845598601732101
1610667423643861001
203809353
97291488
1628525454498967552
2403377324
97100154
1237829917930328064
1545571816760025088
1342289722325020673
53544857
2990289599
1471125569769201664
1053637591218774020
1197707770025435136
60953179
1395500930397843457
1339375922642886656
18441452
46019283
1047864513901617155
1276781570687410177
42610195
955095370706685953
1518368730685882371
1501011299651760131
160967264
1308582852905312261
245484248
727653383956537344
1153167899311448078
3806851587
1522880480948928512
2421472337
