174726387
64519948
312699472
118876845
1448607396843200512
161696522
1440604975311122434
77233601
17194551
1410716779907792898
1678847384
1555491326904385538
828236112
4286004615
58822283
96379526
1554654738318348288
33387790
287771918
159219312
165895398
1478317364412362756
66716207
92012341
1455955638635405332
883116672214761473
1567927023867252739
64727308
1475825898804944902
417364479
228838735
2848301549
166634136
1262569527231107074
871924376979091456
1353111640401731587
40071096
198696596
1356096757
1376618362701242369
1526324189577240580
1429480337588068352
1515129011189522441
1212884945217024001
1399845374286774285
1539309157773287425
1109820195294584832
1209812851214487552
1072245432221425665
221156709
320445568
1276860184560914432
4258007134
239080365
69676999
4851540795
1463501695099576328
1206406747239469058
1484143780030726145
786035095391997952
274719530
708763547459854345
1446734718129614851
378409027
396652054
454346557
295360307
1291867919320842241
1047614019509657602
1434640736092295172
101390345
325854544
167931308
18682419
352732194
60953179
124819923
863821945556652034
114756193
55586515
1202225857974145024
131846639
1437556943334281218
1061771274
73148477
201917140
1199780333253746689
1524771917709905922
1549748492
1278718583066025984
1253758623123214339
1554257571908882432
22857872
235266818
1304075424587296769
216945561
1519271381183213568
1553442237413036032
1339717144213393408
1325450848797855744
535978923
3904944255
1191197756746022912
340611708
488212730
595755969
116014894
1615824106603126804
1482876322368081935
737803404467146757
3224608301
1480151212053913604
179560202
1310269849193644035
1556482990288535552
1626941734155321347
1624599201152630787
1149167825954713600
78402916
1554756848
518476845
1416996523
469457777
3371399722
882403578257842176
1392101048932868102
2196238149
509489317
1487119352369491968
1880377615
143443643
277589108
105939984
114287430
48161519
128124649
1531505145435017216
18346652
308148911
182454164
2321401561
212360430
1456442044327637026
53544857
51553243
1464739763164958723
3367714120
51430514
57220858
2288985993
517407592
1444686556850237449
1380246692046512130
175234504
64785602
240814091
1191808401325666305
1296154670340153345
1433628725178941445
906705546933305344
1628070769832996864
1574170525206810630
323528575
833189707978792960
1494900462243487745
41709648
1220139903272484865
314693307
3070085434
1628755425897095169
27888288
1329500102667497474
1389339985531260933
