2348685380
1487092624808988674
989866789487218689
129910370
1576105784
423635618
1295434345772089353
1298076561204101121
83205732
1216999831
1542515580644667398
1279422677581729792
83256959
1518908815009329156
1298816432478748673
1523456444644925441
86326835
241533539
44636743
88717821
4580783727
1512776620666458119
1536140598129872897
2983019729
47832422
137960258
411574921
1518698460601634817
105776392
166995676
1463559239763468292
165065280
1369028014097522690
305270814
52198105
55656174
118562008
608667796
402688868
217581868
1445109317313642507
1565660581926998016
3685487001
1526673943326822401
344347538
316072613
1105594227185061888
67056782
4836156178
55463909
66871019
316775437
1243135490607415297
1109007224
1531831957918822402
1373981918228779012
1482876322368081935
3409299071
1152101736
747802270423728128
1480566277160722438
128114727
276270452
1130294156147011584
52900463
1558861490681257987
1108422376117727232
1253795719942733826
1538369339249811458
72339424
1378383842
208882201
67435321
27921108
987316443946672130
860323361641156608
123405231
3074905265
1232757902982680578
1265765254425911298
1481989980528467975
3016186557
1557136874312982528
1407645356964319234
1345149011947384832
61116586
839488701772230656
288447679
456317075
76805739
1059597114538377216
1253750954136125453
1371148583538462721
228158097
43759153
1009980493847257088
33739218
1560734162142773250
1445795472258605060
1370098641050992645
1182841224
1472887280276754437
2557900273
1365427084634521609
1363597781366095873
1619959302319489024
58565393
94162216
1455240346296795147
1325498305019834369
24752989
975434108502528000
2474301012
722875567
