187486843
49836909
1484677885461946369
201580498
212382294
1196270485442629632
246914703
56200362
154209819
823540749316792321
61850588
91241219
1525592584948793344
283631374
1125630416
1530160640274448384
1493555969619546114
181977572
58612090
31194890
1376625199823605761
39936067
30877806
75365289
2831559801
1529063225710596097
337137527
46825412
52792563
1528496409623789572
79717192
188434574
1306583155235860480
60673769
8539842
311767182
126782699
41694143
1482876322368081935
1365427084634521609
1335429983322435584
1037050573600841728
1594014865517150208
1520769290844229638
1519712942245175298
1449668106440388608
1250096670915862530
1524081147927531520
169947248
127218249
292986447
1491241015470080003
1504068112920068099
2988372256
1545106914429788163
128898155
1007977518295592960
1506349373017501714
70682015
1520885520469053444
166047048
56835757
15349705
1354455548352147461
1561555655726604290
2992345509
1519524158622814209
54609136
1442191111200542723
1535342407193092098
66571468
1324873511085764608
276649801
3344013574
981780385393672192
605642569
1567648880296075275
2785413947
1349553449004883969
60731994
1544562967949213696
197145605
252145952
739634772486524928
1241866872464834566
193490454
77404999
1244871142365696000
1256857510784446464
49847593
53536000
2738834055
1391233893064392704
35660684
1198262062251757570
129336320
30579573
54270728
437539438
97689547
14328502
102016841
1417271300016549890
40125120
4046469016
1219531272
1545554128843186176
719932016360337408
4816705395
1077441440387616770
1479561377056497668
167070377
860533211767738370
36178080
922263848
1494101446287052810
1511528655448592388
2796019017
1163598600968036353
1441247359040589828
1264168353826037765
1548853037707526144
1268617113696112640
184390523
58552050
1249605079
113421133
1568957074062598144
66024631
74041019
1405886551360475149
1526620923633274881
67628737
182792084
124626164
1147977986198712321
25700962
59182236
1556973562346590215
50884646
78775711
1487650496366133256
110688963
30814741
1328140899063369733
3044667964
56557174
1366807489145171973
1594348593879687168
859065109821497348
1520962760355495936
51026951
108469741
15179493
2184831010
1601579179
1491740833179181056
885726991
728953547027533824
107866461
1299171064744939520
3351229679
