2834339283
434650077
1395070110600204290
1031610731379216384
1542704961359958023
74448066
48686905
2784624050
190088556
1421222685103861763
4706720667
2814078961
333376246
1345563389947482113
104874903
153095674
123404184
1018906093
1445743452004618245
138399207
949757718
1496431621
225000120
747577257795985409
301620461
70803859
1027733533786292225
113773688
62695011
995002436241719296
57222839
127557268
2909971737
366904011
34264727
37949658
423985972
890020970437767168
1014264572952432641
51884947
52583317
101355768
332476743
154263502
2774956546
4739137708
43089906
1372719414404079617
1506998859053998083
1556482990288535552
2877807772
1229635531711053824
48174723
27921108
212382294
1314300720225624070
111083452
54270728
53371678
857294353198436355
44993096
1561850177769639936
427153559
89541789
1527082163908317185
142325755
92667200
61766850
761332360168214530
151246302
3171067517
238388733
1242073489152057345
1533985741424009216
263279947
162937441
280326399
1296722762040397825
1540555236347203586
541189037
4840979716
1314781677655392257
21210064
1537840499175849986
32918556
579387724
857375905315999745
42290297
41411023
944142938870894592
1500763942943084546
43351341
23539355
1520939514826534914
2966377481
846721063862128640
53276311
1527724820787503106
56520516
1477440766460977156
109652052
1245099248464678914
1565114724
71258885
54367271
1052722154624684032
377639706
1084854806508945408
272203418
3394560593
1212716874653286400
1112447054
1539725300795408385
1539446763203043330
1096879430373392385
1258248591652634624
385415512
60174364
813943540694786050
19996223
1449752296930349060
138796935
932429052035526656
2787216415
1272907131293970442
830069567103844352
124272112
58940952
1397712115176255490
134627302
475757850
55310560
1215751550548824066
1060037768762613761
119594079
179909296
1047621367506587649
31412039
167185459
1243935564409319425
461244444
180858857
810115935235411968
99995954
196810454
249272560
339183004
3668516355
71365679
184541699
25520209
60181392
1489308197185900545
53535856
1505891382518599685
181078132
1568739750500081666
2653888775
1852388574
81702672
39936067
190049884
808395072421117953
223002989
158574495
215330380
326369034
227164618
1037036442545999872
2481081043
1263543529407680515
1567593754885857283
44636743
1547088735816323072
1466767084734590983
53577385
1320508572439109634
201442875
103988892
258113481
1020414994356342790
62530992
115109126
318178951
62429884
44069865
1212729438766370816
91025970
38103383
1398440333772574721
20743783
105105884
120956551
206211298
52418328
2875134167
996559222224670722
901138488
1474484473706201093
1541492935971246080
71886271
1613027815
64258447
1461666037838098432
39328633
15430166
210645252
55891961
757828298
1211186091174199296
899658002353049600
167931308
76926396
1148403612844003328
1550514396803252224
1541484529667424256
711999783695749120
208110296
1557142384596623362
143186864
4222596388
418127985
51181189
1282773009032523776
17970343
739824581112942592
4890103979
389903512
1103464755510030336
1529122225206575107
110014742
138710056
1264666308903415809
8205502
36764360
18346652
192120561
70235835
1453540776860848130
162476497
40351394
76580569
58881971
909136642216218626
57648654
247860298
1490449027627995136
1084600726624583686
130601827
95335083
887564194417082368
59803179
1463599973191274503
139735020
45476134
64391577
60721389
54917244
99019070
229097887
227811108
228012605
992025504344616960
405219179
38881228
1491889483201105920
1411959899848904704
1145863684511674369
1534192004892082178
163686818
31959150
68045020
982424038080483328
71877526
1525818755942600704
133562665
56610486
986660752441389057
458022787
792558258389184512
3295559122
106859192
82505023
2753967938
27921417
104889558
369782886
1515082043171950594
1898283902
348077645
8539842
501128352
1482876322368081935
376572368
4004191456
203973686
1384295646295773193
1397649314814496768
1511705865312735238
105962343
69801904
1271236317851136001
193850563
929222543625551872
70913385
1559663738621411328
278856202
319309081
15410917
1488781398907383811
288607569
104938275
73372157
148573210
1271081998937927680
1605322031599321088
59600399
1537429100771520512
2562208002
75202923
1598649998375256066
1444668586623180804
1513479827952705541
73987502
335044726
439197888
151185308
1030169692311351296
1267744616218050562
144623321
79594476
1420738065006530562
109706111
64808395
169825640
78632358
1534111747694551040
36582906
87296539
2521870481
109953338
79728031
52544422
1256397574636003328
905201118107533313
1563964420715433984
1612924414890332162
99023218
1091901575306661888
87420925
1478917367489048582
1570846373758570496
2781668697
86939399
993541703087869952
21415271
61850588
46403740
69902395
1613341318532694016
161775132
4839412919
41675970
1433330510487597056
191564266
3458277915
1030977257517592577
67466596
1431275220
44148599
1498716401653145603
1208585404422733824
1298596607009619969
131494231
124819923
22428146
266069332
94907395
1507775646503690247
762464802769809408
980197386877394947
113988684
1440842838346895365
49629990
79282891
95419614
66872748
1481989980528467975
4827676555
1422959266646925312
55269484
30893561
586314589
303478419
958162479795884034
51617816
1588592046461288451
831944488323002369
3087590120
111377606
1246251641722068992
1335230705647890433
53477518
2501838710
46455841
1320556409432526848
445826829
1518743092396007424
1366497708731756548
14164165
