503910942
2149085621
215596444
61850588
3157625183
42395056
1351173937770725382
1304509993358708739
39267584
62678617
240814091
77919101
2405282319
437539438
131494231
1442806289722118148
19056581
636324633
100560298
1522328177481236480
113622541
203973686
757742808375713792
1676923554
217543875
41395586
1485364917536530437
24987794
83736754
42518664
823760354425667584
1361502817039638536
63975681
1253804207121018881
217609213
1498745203246735363
1254891513076736007
338086978
53266199
1542679981171564544
50440588
951225807330045952
1518406889956118529
3097389142
52948774
764758259475615748
227343516
1197707770025435136
765329199297069056
1212798017822003200
54064975
1395070110600204290
60131952
1203435237142913025
78507844
457567031
601892372
236916576
1295458891321442311
190736764
1235361789820444673
1482432073919082505
3164866737
27463734
1191808401325666305
34839736
375250385
21415271
708065550426054656
1836792889
19721382
717430248783142912
1410683573359845378
40485496
903110053179392000
1485716231026008066
1092715947377479680
58958500
1118649181214781440
255310121
517391200
318528991
1378042691498430470
1267628653325795330
1154019561638891520
1481233225112510469
1090022231927914497
137198188
1062668661847195648
1353756728756731905
138710056
1346076736077889537
352594856
143921342
287799626
71453525
171144362
1358630664569040898
1530143586582413318
1197158166242484225
209026290
241361723
119591385
264228209
1536550155729653766
1041144605184471041
2615619241
1218622649695375362
266754085
315571106
1248409973694050304
1883578686
52502037
80109050
105888532
360918234
2516966574
1506615865386622977
1502403102359629826
32640324
1164150904121114629
77802114
367127755
964949259773759488
150413399
1546741641414844417
38635921
240800341
217871086
2669823832
4484332348
1535071416055382028
59855164
1299879679504142336
1634172151757414403
784561556734504960
44636743
1470998112441450510
764963965805981696
1482876322368081935
241303038
246102297
192283229
1139611326
310289274
299216088
1536134832513851393
1390050123602857989
1438142076223475714
3015888304
627480066
67433229
1255899711011241984
1514371159944540160
4136802237
1644476141950889985
1623695902635446272
2568025086
1637877450234314754
56807544
31281580
3022056340
2324348869
133029243
476481432
39431538
3131677000
546257289
1457964668799041540
212946292
67006907
165188865
832758759772483585
1519413415416147970
127402450
318465520
72359859
161747388
252657220
2604601396
28554800
50213510
82245238
170497442
68173774
1553223363421667329
1246229226921041920
176062346
954143404753113089
588417680
1506998859053998083
1246072929772646401
287979370
3216267458
1445204575053561861
1155382868161568769
1399819651593420817
948336413958922241
72175766
55553488
99361304
330524658
179764462
722099717543497728
189584205
1334204746190688256
35237516
35588436
1080871068850622464
1456417849447178243
3297852068
62119963
94150452
1130257727933091848
1513647676059000834
103638498
1441770051263078402
1101524097060745218
1497281568305524743
1369623308728172545
2806251105
1440093031068176390
149574537
188090798
52751599
27886961
1560760530360492032
2982764477
1560735094129713162
1560733566857879554
1560650835268251654
58324893
1388503503648219140
961663380
1541381394722693121
97909281
1450243046633836553
628434703
36764360
1439722979181703168
52035320
188123214
863506989313384448
64830988
1541079598707924997
1223513309695049728
1338360637735497728
1618128883122831361
1645921113438924803
1648485320831164416
64808395
1540404327545700355
1216098126
40739909
273000760
65671289
44980121
1308199008859455488
2516888682
94848616
1551790466
272753123
1481094858307780611
853505977
49889167
45617317
1537806730435907585
878366497927725057
848210593
1541815801627516929
998720909237243904
1526031848018788353
107406247
1545055445097754625
1551613017779044353
1422005748675006465
1438951354375053314
1559258972330360833
1349126411630600192
92010325
817475179886551040
34046979
105476853
1273078510899380225
60743669
764551507459137536
980915647587725312
1131506875676151808
191417117
1534124881239056384
125697445
1076106932807708673
2887010440
30893561
235526574
1097557838690426881
2835503128
1007679937
2323875848
1614585827555672065
55467929
408144421
52212200
216055333
920089839910998017
1602102110
27917695
132207895
306177252
1182024596347899904
1311134227
1534931804674789379
1412975740908408835
15165399
1321063989066059777
1520517233562243073
1538328496627494912
194575741
60174364
217524562
1378924465845854209
1123036055576428544
1264988229088002055
3122030287
1628921021683081216
1580390633491005442
1212106913799819264
1020844753389223941
183705574
1613231354539376640
179741384
1448786508060794881
1632837087303958536
1251166912492515328
836329067603443713
355797104
817238257
86780048
1568966193377157122
77885240
89255134
2733485398
386233399
1206406747239469058
37949658
2348946290
61201503
247096434
1356393730295652353
725394570645745664
52792563
1514240124715999233
