1250726909513797632
43089906
1536109758515662848
1380347083060867075
1482876322368081935
1614717295812648963
1365427084634521609
1549526825889677317
161775132
1599347483611643904
339183004
154263502
1421222685103861763
2909971737
55495952
104021345
1207131535515770881
1438826646396710913
896447564077289472
797818249652092928
210645252
1107612137457967105
1544089717364359173
162937441
142325755
808395072421117953
757828298
53247493
1211186091174199296
1272907131293970442
1491889483201105920
2765176287
1925198725
573309143
1534192004892082178
949757718
2872253778
463352084
1529947080822865944
2728363859
747577257795985409
1143164298614755328
370089854
123530548
995002436241719296
302889719
4699948116
1262087647037739009
1154524809784692737
1030169692311351296
268001073
225000120
1482111317238501376
247986825
1534111747694551040
78632358
261002942
179909296
1540853608677363714
264893433
1047621367506587649
31412039
1215751550548824066
167185459
922136860444459008
58612085
272203418
3394560593
2693227454
1242073489152057345
56715581
1470800164105379847
89541789
1527082163908317185
1207039370018119682
35823935
124879030
60174364
932429052035526656
148883648
162476497
58078133
1327365418722484225
1490748451046535172
546984552
1449752296930349060
909136642216218626
59182311
48414782
247860298
1388989704205438978
1346255392138014729
130601827
1085234291691454467
25577896
1347302962813677569
887564194417082368
123404184
1092503812118642689
944142938870894592
1462125172559863816
1527820713972858883
1515939213245620227
1500763942943084546
1482409471741673478
64244511
1527997150294069249
68196489
2966377481
44728722
1246251641722068992
14164165
1245099248464678914
1122505336332722179
37949109
54367271
1485977209705844736
54270728
3389686551
1081940928582037505
377639706
889605784295944195
760242512
1084854806508945408
1509356814667821057
992025504344616960
461244444
244207309
1530349922557501440
1529559038907797505
1477440766460977156
1521791041585795072
206514765
357586385
405219179
192283229
1470222081514160138
1270542307
1485959546501844996
1320508572439109634
103988892
258113481
113721059
715515198468173824
67689558
1364753652863430659
1184238054254481409
1220449032608284673
99390516
60721389
207966754
586314589
810115935235411968
134974344
1241694067089702914
196810454
36178080
1524863244988563461
3668516355
596644061
30216106
1488781398907383811
582995875
495563042
3255401848
1478874399386316805
2579808865
238388733
86155764
1565344355895742464
258910553
107439139
1852388574
1456999105293598731
52544422
1476190658310385669
2790458236
1850259924
1297859690727186432
1525969764178440192
1475533213078638596
4622630115
1205224747321171968
1506704708139995136
60181392
1489308197185900545
493955092
1422512666166370318
1131734608113012738
1474205850214539267
1489603035307421699
423323401
1465515692787183620
1513500788202614786
619226472
824285475837984768
31959150
1518729618009821184
68045020
1525818755942600704
56610486
1518617827628003334
180382150
385143287
1480173060787482625
761332360168214530
1159818820132986880
38103383
9182572
105105884
472380258
4222596388
206211298
52418328
996559222224670722
1462609883103121412
1474484473706201093
1189364944137007105
372826254
36289190
1541492935971246080
1522974934800252933
727399495
1533985741424009216
108376328
1296722762040397825
54917244
212382294
1487560760565899265
333376246
1014264572952432641
1540093484153163778
2501838710
1555133956361785344
1488660690479030281
1445122013639626755
1609057591
94221894
55310560
140151770
1612924414890332162
203973686
313323775
1629683097724747778
728675598894272512
1397649314814496768
99023218
1253750954136125453
1091901575306661888
87420925
116079574
1320556409432526848
1047597322350317569
453881579
1143926846863622144
991401616816443393
106743261
1442382649
56520516
369782886
1384696847906783236
1898283902
1382158458858917889
3557391382
51513078
64151080
1079660677546078214
37949658
890020970437767168
142346951
1147977986198712321
1560727528880410627
595590437
3028724643
4739137708
1246513922150141952
1175913098357694464
91022159
58516489
919277323949666305
1410172645103091713
1376691976293253120
1519709635623723008
4706720667
1667686159
1262378212811825152
743197111
3599085513
109049442
57256052
1346150584378908673
451114025
4857849743
1366220266318295046
1569337985476222978
1169702460266622976
382922035
1234116311594229762
1467668812602429444
1467282167290023936
1547088735816323072
19996223
929222543625551872
1080699433510207489
152495886
833088188419887104
808333765760192512
4839412919
1364458323110735874
1417606566509957121
2893437569
1460078754521305092
1643449202830200839
780495585661050884
1444668586623180804
872950426060107776
1599988949694439426
167620020
160046979
979163891254079488
1610639237090578432
1173795815124545538
361646251
51617816
1623632110350204928
146893251
854154716875456513
2737347455
1048237282216595456
1270304869186969600
1646592506853720064
1059736961307545602
1566886066770026496
1612992204183638019
373579329
1215966439288512512
1394734031724498944
1611067306532286469
1383560918336872453
1598649998375256066
810222958572609536
843977756815904768
2720387007
915602465474703361
376572368
1586182366694936577
1384295646295773193
207619288
111083452
1518300889919930370
857294353198436355
137132418
54280694
1535241894489464833
1148403612844003328
58327136
1282773009032523776
2639898065
1430624283286507520
1508171763645136902
1437972046739353605
1560739273598541827
1461460899508727816
1560736610496483329
4890103979
1560724941103841282
1501961825923051526
1489984771019128839
1103464755510030336
1529122225206575107
211921444
107406247
1496938735820279816
65126460
1440405763801772036
1229635531711053824
219322997
1285181493913030656
1536163640432332800
131494231
266069332
300676857
138710056
2919880277
3438663695
1264666308903415809
1501596946632433675
1526494890351284224
