17624650
66716207
99143055
69343364
38945063
4062831544
1154421258999779329
138147773
47832422
22857872
304659222
1531009089656037376
3347043550
62306094
96577034
226338570
15667275
1504295089010585605
1423058436024152067
114287430
1436089266526896130
1493207506876780547
1554093162
58997957
17724563
740050964854493184
41919999
564544247
183912074
826208760683167747
316775437
214176442
151383526
173819903
20743783
1480531901525995528
1632537292609925122
1268858277363843074
1359619452594245636
78643930
42027444
64151080
897539650339864576
1393270305867640835
916682615419232256
1564621412979163139
4637666176
1643323664975134720
1629989550322843651
216712436
75471043
58966332
2565617668
1371274231732957185
787712535894065152
920597438439804928
74767817
625166425
1458452998255005699
328686720
1521170290205728769
897950969274798080
57203380
1212529062582710272
70779321
1547670159598358528
2147847767
3416908168
36993251
21415271
41171281
3298162567
14605023
137207381
100079056
196881995
891662266294296580
52886367
1283003492488089606
69585226
1388524604705198082
153880732
54071894
2874038206
188099198
2710809849
83053875
45711835
23604199
77088222
482978541
552075756
170979403
66571468
148870532
20783135
24546800
323808124
1466468590182404101
51297628
27772770
101838740
1402804587229237252
201967553
54630110
26388799
56851995
1528801001423216644
266581597
1425981471068770304
1478660359
438473416
53034948
108613969
1415470377136971780
220349685
187679561
1523456444644925441
918902306
3022455269
835302276331933696
137547006
26748706
68024081
184663234
69428565
155101846
3189450725
65798038
56807544
46527055
169825640
57220858
1240765145103716354
245116610
1560744629737328647
1288262450740068352
2720697947
61035194
96373058
148645453
2270192042
1220139903272484865
139744894
47966229
58711389
82587805
1255872121626075137
1413208515418763265
32246767
1518727773380034560
1090249021413834753
1510742808
57525749
1006668874643894272
112429881
737130188803350528
1495726521746661376
596519318
2469830676
3347136850
423985972
1066683233755176962
1619135076
16138594
1176694524363640832
44815106
1525217043531931650
1389400254554988545
4701824052
43110353
1489323860755460102
378409027
962031988684210176
1264023381323788290
1480297393216266244
1432871198979940354
1058531842721234944
203809353
2306707293
1456682956274257925
162957667
2804744816
2937614243
1539053379711913984
67944686
1346193111240880130
1527521306681409536
989657025230630912
32692633
76257183
2434231930
2992345509
106233626
3674847135
1520236991929110529
1519046442958168077
39789302
1445511583421984769
35878177
182427704
1525656082852499456
191933009
109149647
593161563
272756342
489727804
54280694
3081694840
101376644
100353774
195560839
63610371
56580912
1431070233092055041
17059242
134569423
787841792
215776349
3293188065
1378809462929158150
1274229214183673856
1378726668936810508
2834328599
263850032
301620461
261801470
1131169877279027200
2315950783
841475869
1354948817263734789
1091171506607009792
18898697
1222660446236356608
3031125824
187380751
38020488
1178112799853158400
1448106965599723524
2494016282
1474013297980624897
1551264989868179456
207709088
63839397
200729513
1538007773694160899
38505279
179282681
330685217
362845530
95303457
1277602032174727168
1536893475081297920
1084519112372600832
1511557871754006533
960091222663712768
1223704167421825024
1518841706531237888
1260097627
2429206439
951423437385469952
15410917
1432822643934248966
1497680331150970889
1217279605020798976
292689060
318096834
344523098
1482444419777323011
1494954742128295937
1026545729144332288
170497442
1566554968437538818
31412039
1562067724871901185
1145508420004536321
1117195053649276928
1365520875781562368
65327357
1364749118380400651
82667426
64244511
333544268
1443399233260986371
1037373201674854400
103969971
186524011
1564323513435127810
865233440173682688
2822168195
78158660
1516968882828947461
10164502
280194491
85004102
2960706971
79641068
52228362
73236837
1561048683218599936
714633397
1020414994356342790
130804779
1559576019111215105
43461380
226749590
34046979
80150895
1119362852480008194
1152140656225247232
402411433
274623585
51931982
1558772095735177216
979787534162169856
63240588
1376682940017618946
743620412664324097
228503816
3724233975
754073900942659585
956380098
1337188879657553920
1463599973191274503
223025631
60743669
798723839337316352
70574058
71581273
823206363044212740
979942467419197440
760656771853746176
1496326957637718019
171548027
43549832
1586902239100260352
1628147550233534466
1626255472842969099
83256959
1526240047967649794
1133737191581061121
55866729
1224856879790264321
47838675
1055635454731739136
1272659069296431104
34123254
705574651
65138908
287327316
1432388952489594884
192120561
1405915938873020417
294291766
1622085861645946882
39297947
808469030449332225
22189737
2947345888
1616469276222803969
3400157771
291669764
51617816
937078248273534976
135722182
16631711
454419733
997643728918630401
1143683443
1600715860062126081
300035280
1611113017697095680
3127024384
1091086305650450439
251586599
1049853801920950273
267276747
391721483
131846639
2282732508
702266678126780422
1000424612164001792
1007823716502392832
57528814
774469015
22991832
758767661417369600
167332280
1222410341566615552
67726047
880350901
1506349373017501714
2708460958
1194700086812577798
56490700
112488799
773521090731704320
218244535
1258812706410450944
1407086479235551236
1329051085957427202
998455488
2947561744
875193215439302656
1479814393739333637
1008459016023035909
38690166
73181116
585726008
117943258
30603035
1915416307
245061177
35347445
75877617
112004896
1440604975311122434
1013856467051479049
1218263233590710273
1450162774819094535
1546230475991171072
84063699
898755128567754752
3337940836
872187803752439811
35480690
1206772620970119169
1094726524572524545
1246590849514946563
57531053
526528864
800717775454945281
304169949
2811297208
95531451
979171115024224258
1233382897706504193
1417339053503037442
1140295942702325760
1534662849963995142
65939737
380597695
1591171559229718541
3087176694
2516816096
1603710064581386241
1493366245550342144
391478238
1634445599440289793
1527304717495246849
1402319521004859396
1203105261138980865
63307071
1199916667343638528
201285499
979256856911769600
1453000677186314245
4403315903
164763211
57939373
823622497883058178
1898283902
94067399
334986926
2583345503
1883578686
1104195590689341441
79495209
2587747899
1457790883894530050
1403486767148322817
41708682
1219440099647205376
1006384438362673152
1528774902211395586
194748230
1283791630110253056
1396131754847649799
1059818709764792320
3318379511
74996345
2307130466
325843673
942619364
3289509658
55974850
316776058
1381329339904577538
1110381312
1490689420147765255
15429243
1558457472880447488
1451097485460459521
102462023
340470755
234978765
1241259423538044935
1298258312320806912
203973686
1540467017416851456
302813460
58918291
2729644180
1525702650
860515380690857985
130170060
1436080733932728326
27008217
1517217999673044993
1186059418296823808
1510645576093818881
50206212
491261350
45037591
330483604
1557369875378601990
110283865
751639485776003072
1292618934982774789
387160810
54102936
2212382840
1421654508
1214723098156707840
174784130
20113972
1299788021257187329
2837685777
432700280
1486058855268294656
1515508684465614858
862698829510049792
67435321
78053533
1422610957864521730
1072119399593717760
1445113191617515523
1058034301428752384
137914828
981072078
55619560
198621311
42395056
1315402936118370305
139777218
132909997
1094085844502220801
503760389
1483272677548830722
1925198725
1476704638577655812
1521272112782188545
73889187
1419415430435852294
121933503
1080663122
872217343149187072
41950147
1509156497229549570
889324338574479361
1269376387632201730
1406986022928404482
48892983
65072009
113622541
1351148295012425729
292973385
576811361
1523469619343855616
752905618814595072
94665847
259485678
1532405118007709697
1969021752
1532434978331672577
924745317978902528
1421920182042349575
1323486310271766528
58915631
240933673
1541427746831835138
366159318
32514688
280808028
1138906746565615621
190088556
209675528
1539386667835990021
122511235
1478528226477625352
111661952
1491667208
375820014
188123214
262338689
1544784584151339018
1506370947770732552
176563296
71747585
101613722
247467981
459332230
227651531
1256186895878455298
2258214954
955095370706685953
1487695198104739847
1564006387155406848
1584292160286982145
889288842456518657
1599051955753582594
1627491632869261313
1630646443487666195
558212587
1354788522763423752
1595233311642853377
90432796
1216883810782076934
1229923080375611393
2553177654
1621977851321884672
146918505
412742781
2769220485
1482876322368081935
1587598814134910978
1612227205802729473
44993096
1068302371
831944488323002369
1293722518755385345
1090280899407687680
1356759480902561794
1494108856590417927
723651759802056704
1515542167305043968
2738496981
1544475763549822979
712268113799159808
1099384508112138241
40575240
202808816
1067864439284736008
1632568950683779072
1630951015779385346
65914611
1527069922504888324
1329041997269757952
1443757976066695172
148986269
1070350945928835072
14091312
1571459666877505538
1351335583377985538
3304968155
1283794088047923202
1533498778472402946
450240238
38014736
1348869748084375560
185899427
