14981505
715191572850147328
767510186277867521
1305290834259193856
38103383
1151226393902166021
817882111868805120
1549510350
39677756
267293166
1304075424587296769
20743783
100596591
1390258158728253440
1551346208672780293
233592511
19996223
57428279
362714351
367127755
344523098
188123214
3820831775
71581273
59038937
258478075
83720016
1376034187665412097
1545571816760025088
2871367863
1532345902349811717
91560489
879859952411697152
38795016
158340226
2886790366
1548159355417010176
177743869
1031612925885276161
1524904996843802630
359647331
924819187696054272
21415271
295326327
124879030
717496099641143296
95531854
126062040
112261363
133227817
4039835303
1316414063036039171
1038239209872666624
92824204
875997372991537152
3092020539
143919568
15659203
1292574756
1403216533879468032
1327453874412793860
546230403
303272326
1094085844502220801
15410917
837452252042432512
59464192
57528814
1293973275228471309
53073948
713180659
59850664
161709441
66689536
298757506
279360128
723598993650008064
209685597
387405601
1263569622831333377
333833257
3569961135
206392950
10164502
362637946
1213039338335817728
322551079
55716996
1521334315631751171
39999028
336117114
1271437524234354690
1390134236280197124
550611367
1517275949452177408
1445098332070756355
1032094705788616705
11077312
1182977256999849984
1010349492036624385
49130022
1732616827
2237610920
129197729
115146921
1515460490138472454
3363253035
134929816
3297338187
1518908815009329156
1089926922212126726
96373058
573309143
122511235
173957663
3133852026
954667835527135232
135401269
76455462
36783307
1481575520643039240
1295755269931237376
2767661075
1142822432849481728
3188666153
1359672332990701571
78608194
158874220
774469015
203973686
611773032
341735428
95407715
907106534450221056
1482876322368081935
1570411796229505025
893896843725295621
56851995
1014375404952588288
1462457239902564358
42027444
1253584943889944576
1624104972647268362
1538398861340950529
241533539
1256399170988015616
49480718
1331684119
1505647513625313285
49480741
167249827
240800341
222467789
1567443354459193344
56807544
77638634
2593152446
591412663
44069204
110176054
94221894
2474471474
72171219
31412039
51744382
44203728
3439244954
4157493976
828356613958463489
362395606
2422294761
2396245058
271455253
1870188415
1504447170463862793
55310560
48203475
848658290607362050
203809353
285690881
1521753010904440832
79796496
17724563
825770295164272640
487783932
1076106932807708673
2741840722
230560129
1525121650320105473
56230286
108483874
58040737
27008217
881120558045384706
1172647983135043584
1484718526774628357
1218613947278012416
1359651983150440449
89475989
168224497
92743535
1255531381012287495
14400616
1523035932731002880
90843757
1264499206921818113
1237774367083450371
1109515574407774209
174011830
1351703134935146496
3724233975
14421336
1486058855268294656
46591510
76257183
56510065
1511495937570615302
2800826889
738484040882343941
871787830132998148
210655920
56414850
2187246223
339333829
830547658922135554
187558231
3929009307
1644110526
1011197768243834881
1496546827839193089
95111767
29595934
1473438143777021952
118502598
935505685709819904
35328940
752649523877572608
1229436018581004293
925537573174497281
2165033041
1059818709764792320
1047614019509657602
130326938
1445743452004618245
1543292912611561475
45347080
1969021752
1440604975311122434
1410706253563768833
1539090801774448640
25921665
143443643
928489672862523393
305183087
53819583
325854544
2709938803
287979370
55298352
135692805
778239101422166016
466526825
1359002871568728065
1425483851682484224
134935429
1214723098156707840
259986546
757148174
144811662
2510988508
31600593
42069657
309801535
53929018
297205465
4106588254
2446325420
407054185
1346299951572283393
839887088422109184
1403792579263672330
3350065960
1553897545
137704954
1555491326904385538
2759295580
38436423
891671153395339264
1402999849197314069
1057326004358791169
1536117973886410758
1402607206915321857
2946035369
1527814337062129664
120544109
827592936
130271934
3231617541
2634720245
100353774
128124649
35131751
90432796
1487794465561620490
69362233
2535411416
280194491
3158064713
47669029
1560843066738712576
195562928
1476769328087416836
76548213
1865549592
971847510
935333725
1495726521746661376
2750393776
71839760
121659280
1341406621658963968
1024189116
551303416
1546391239
1105176669575438336
331191479
241605932
458893307
1206370783498588161
1524598684993925121
2212382840
45713351
56559217
150879899
1378205547942588416
1436089266526896130
103958917
2948921992
839012378
2343950340
1023746093216149504
1331371660067344385
782391607601528832
47832422
797818249652092928
32866668
1047312213755740161
55118656
744065772
1492579135079727108
35555178
1083714943654993921
2429206439
1178036428774748160
1089250636414312448
59140795
120956551
76726669
1512563842060009477
56213893
1150959252804132864
1521510305649602564
3298162567
1313752729228120065
193018446
1504099364364595208
37416391
753020313043083264
274776831
48492119
15516718
2328084887
54778366
153008689
922979916341182465
39580197
1539998361947873281
1214714399182741506
53569392
2719823406
64264101
916427965680046080
884109807694827525
1143996421898735616
26262276
255353914
1463501695099576328
1532719415543873536
60044342
1525094449063370755
1584453408085479424
852716548716363776
1154852174716907521
1497308626507251712
49852091
1058637106757668864
15430166
1473154777232121857
1466209728883740673
923277139599937537
27720975
220990073
51609735
17675080
1481209607322320898
93556230
299749438
1111756524983078923
171481011
3341982033
1025497565301809154
43289850
44612907
132003167
33924730
159698135
221082342
1042931243489214464
64258447
42791181
54623557
1350459986
1278881541079404548
103885261
438505361
25932877
129329814
231630150
1569684617388789763
1613596819941883904
199249109
57828045
196746703
1849706190
1592643384
1159918536787144704
57717875
33815985
422194741
46799524
1617861001117827072
71323385
718574690881708033
316776058
260414894
225475300
106246718
937220850
164432414
1267830556789620738
545369021
92602814
4286004615
186240150
1058031619595034635
917028523
16999732
79815457
1090681428
75555046
1533232391518662656
495467091
1141338625545822209
59303105
130945071
3358000539
55277066
1527417573146513416
729505869604528128
83594684
1245506396025733121
1531728684805128196
72138731
50193912
1214869486941167619
1051073271939125248
60949873
1647261652893462528
1359619452594245636
1142604896266522624
1419397835276042246
57531053
1108069614297235457
743960268804333568
1498377058644332545
1380374275761274883
75946968
208207519
923007989430259713
24314842
88621088
86993661
71562250
379103087
869207509906710529
531854555
300972374
16011054
585726008
134151513
186524011
185691811
3288782332
18293936
1213434946070540290
1705561243
76022404
1370284535590572032
470898454
1512485413583310852
63542310
1345533561575780354
932258152359366657
2810507068
272630811
52520058
625134926
1258453888153329668
302414950
24571102
1538805819625680896
1042946841438867456
1456447129162035209
68810038
1106239160594112512
40146795
55712868
1431275220
437539438
64484536
172532861
319690351
9193332
1485704671490625542
217919493
1353863146600095744
18202406
1503425197625516036
714507972
3241107603
70206504
47502733
110015403
1527439799648387073
1328097925742948354
4220864663
73490029
1059597114538377216
1339594513946296321
1185223084623708162
24873515
1253127294601908226
1493805409706168320
1411878767459504129
1088016058919849984
1146264598603010048
1282803391819849729
70538315
32918556
1499105080569737223
1500132153581092867
52636693
1439105270064496643
27566436
1476590036917395464
2306707293
71674128
3199593154
104132815
1361054552074649601
1489660383090593794
202869003
110844588
1206003149137498113
1425916828010811400
20169107
1527340963856732161
2821996462
38647632
1421424801101619205
53383469
337596942
333544268
140579684
55619560
1356825964114817028
1558895751845085184
89967754
1556311296668213248
4492579047
234948698
421998057
57392306
1463620747402878977
160967264
68256381
579387724
64904190
1125820979589021698
22157406
89498873
1525656082852499456
3195640193
14358495
54100700
32847062
1527342015498768384
41922840
35130263
46382487
1471633162669334529
273610688
793259180299849728
94150452
70753923
1031610731379216384
1558662396910215168
46651017
41709648
799427437100761088
92360767
3939051
340607720
526528864
112869126
200874849
1264699917827813376
423901441
53192204
1066219272
220109685
1330882603
1311345161297948672
1337673400240795648
1648921452
165810207
1439371088459403269
764218735628541954
60731994
2739152878
37946135
254242619
1607078482252644352
1315992310233141248
48826149
1074166986597416961
57100510
1222495732416032769
33547878
1554054616232361990
1309515249788358659
484340033
948981006559842304
42296412
1229433583464566785
75112374
1576566264822173696
1603756464467738624
1628002849836699651
1627389166089564160
1422600060353794057
1528905643565924352
336742179
27412034
1522193375587614720
1107465266500386816
1345577594784251904
1412504344486944771
732736663793881088
81382190
14418146
84723458
1540734067611619328
1552667178180263946
1470998112441450510
1637617324718014464
1589320686677401600
14930362
14684271
1633296207261978628
1327285561070116870
86118702
1382121914659966976
1636153947768471553
108439036
1173111684
1608256229520080896
1338586253860728837
806210609868132357
1197907731228831744
2315950783
857961237803651072
1459325755561807876
4747996533
1493634502631043072
409548876
44932728
3078773410
3797759716
1018516961720971265
710615206884466688
1133478814351339520
1184880297776680961
117165383
261389449
1281079645883039746
254085457
1000369988975423489
4699842433
40082361
1335982378913763329
29191612
1458452998255005699
33576349
86577401
64567564
160585173
2972988723
1257526724918730753
2494016282
67763936
83256959
100111856
235772877
57764591
164796545
67182399
87064255
2435321550
1463160812583989252
1392139123968946184
60407664
139068964
714516409259335681
1253405977992445954
872998338328748032
46726908
1094726524572524545
85977181
28562620
1483249219142144002
27434114
54112279
375820014
288994753
42735836
17624650
1360083179428798464
333183391
1478114393217024004
365255678
54546952
556230341
90679489
1529185557489803265
45473463
3708769395
52792186
53150995
1216999831
969059448684675072
95684648
63918536
30383694
3638069663
48191863
32762520
50083728
147004773
2928938896
36451062
1488517548513677312
842417483512459267
294363227
64727308
337892874
1365427084634521609
115143622
3293388366
1623320032527654912
1303065087465447424
1134601281669128192
1614469041564819460
92010174
1447797250898513925
328074750
895629427102580737
1012913205788766209
346712759
1512446707392552966
89255134
83958038
243624510
19617146
48186490
45235681
76481710
352446269
1124679229449355264
367192484
18688345
128670508
68421847
909161997568286720
313947284
1250797033058979841
169512806
272106102
1246251641722068992
357561011
73635250
66024631
1172915028
1380728394
91799214
31138182
363305135
63236916
150419791
1295270160501223424
1456984673347903490
3437125385
77082533
1351246321970278400
46722019
1543006401181749249
1519406300010094593
1542192579151904768
535978923
1371865537228238850
1492245515131670534
52768760
3539614648
1369968971513016320
1425977054533718017
1519388465128947712
938231298417668096
57230786
2398406983
188547682
1470102317810790411
830933901040291840
56697886
1038662821
287960280
1556431221709832203
2777684701
1240712301470199816
349957228
87354759
1541248316499005441
302886223
69408870
1503006331116130304
1016041383054991361
1537958995331194883
86137639
1125121506
68737051
900743972561309702
181289811
1528531134
86780048
103806332
1108822381810909184
1493064968941539329
25042231
1380189294275477506
357775732
2571115891
2553177654
4264597984
1555222390006861825
13124602
1363573075845988357
1385069498097602560
1186271690625552384
169175464
1230598210055524353
51467780
1634595948578979844
78468508
1593180713792245761
1554408368294559749
1394879952156336128
2516966574
3077588434
896280919
1606114577527324675
1100725217092079616
29001659
104660435
44874392
66894098
1637817547016880128
