596519318
1524904996843802630
1555491326904385538
891671153395339264
1496842349695188995
1402999849197314069
1425475714170691590
89313278
3820831775
1402607206915321857
333632346
158160208
2946035369
1564222440204558340
267293166
1527814337062129664
120544109
55748108
203809353
128124649
56851995
1309849690947702785
336117114
90432796
1031612925885276161
69362233
206388461
499153720
280194491
47669029
1560843066738712576
195562928
124879030
328700491
76548213
59850664
1495726521746661376
176221743
1495158768576995331
2750393776
3187652103
96347605
1341406621658963968
551303416
2983019729
55310560
1263569622831333377
150879899
298757506
839012378
158340226
611773032
907346179167588353
165228599
1047312213755740161
55118656
1708421444
744065772
344523098
326484712
2434411259
1460316749082079248
2429206439
1178036428774748160
70146308
77057875
1094085844502220801
1089250636414312448
59140795
120956551
76726669
1512563842060009477
56213893
1150959252804132864
57528814
1521510305649602564
358558153
14511662
161709441
46382487
1446203339507654660
18202406
1440604975311122434
171481011
173957663
4715652562
1392139123968946184
60407664
59038937
714516409259335681
1253405977992445954
872998338328748032
17724563
78717458
1360083179428798464
333833257
16169263
767552771390316544
1478114393217024004
54546952
556230341
90679489
47966229
774469015
1512446707392552966
107589416
186240150
59248723
221156709
76481710
94665847
357561011
73635250
42027444
89025231
167933536
857961237803651072
91799214
189359136
31138182
83720016
363305135
150419791
1456984673347903490
3437125385
1351246321970278400
64727308
21415271
1463994487567523840
1304075424587296769
26388799
17675080
1111756524983078923
3341982033
579387724
221082342
1232213706660089857
3539614648
4438462828
1369968971513016320
2510988508
359647331
1315675731574300672
1519388465128947712
1969021752
526528864
2669823832
869207509906710529
15410917
35131751
68175604
186524011
185691811
66571468
185064519
39773060
76022404
179141510
1210905218008748033
2202960468
64904190
1047614019509657602
22157406
89498873
1066219272
3195640193
35540986
14358495
1492553368878858242
1556311296668213248
23001395
167249827
104029156
60200792
31600593
3078773410
3797759716
1018516961720971265
710615206884466688
1380189294275477506
1133478814351339520
1184880297776680961
117165383
193331243
1456447129162035209
254085457
1298109460355973124
56807544
60731994
29191612
1515460490138472454
1463438926232887299
1197907731228831744
963152349400363008
1108150267936235520
823198638079967232
385667877
1497146331080634384
82635920
40372040
2634720245
140579684
94150452
59303105
48698285
33249379
2753967938
86137639
17251023
1125121506
1382481826455957504
68737051
181289811
3298162567
25042231
790154939645489153
333544268
2412633505
1555222390006861825
3070899617
1319767367686230017
909161997568286720
313947284
1250797033058979841
169512806
272106102
169175464
325513332
81382190
1230598210055524353
51467780
49130022
221759428
35237516
45713351
64484536
312699472
319690351
1400883477621395465
173819903
9193332
60211118
35328940
45462135
714507972
3241107603
14493220
1131728154060611584
70206504
1527439799648387073
3929009307
1059597114538377216
1339594513946296321
1201304740908478465
1493805409706168320
1411878767459504129
170497442
60949873
382927727
86780048
41709648
55712868
21259353
27566436
427074908
1476590036917395464
1496546827839193089
118502598
935505685709819904
752649523877572608
83830377
1229436018581004293
61850588
1275523892199784452
2396245058
48203475
19996223
1174039881183576064
1272888458760138754
230560129
108483874
58040737
27008217
756249216742227969
1218613947278012416
917092876798119937
1194083746661752834
1343031721445511169
1434351578786541575
336510636
202869003
110844588
196149192
1425916828010811400
1527417573146513416
1471633162669334529
89967754
234948698
57392306
1463620747402878977
193559220
68256381
95407715
1507476252080459778
1538284880538247175
407054185
1346299951572283393
1403792579263672330
3350065960
14418146
53929018
1527082163908317185
790741780727734272
1055660328460136448
550611367
4860088498
1517275949452177408
1445098332070756355
233592511
1424712148643635204
25921665
388331867
305183087
1081903915816443904
224648416
325854544
466526825
1425483851682484224
112563459
144811662
297205465
2446325420
40146795
95531854
126062040
1279435111516299266
112261363
4039835303
1316414063036039171
1365482244094234632
1525656082852499456
15659203
816117825391775744
1292574756
1403216533879468032
1327453874412793860
303272326
188123214
837452252042432512
66689536
209685597
177628137
726198157521113088
206392950
362637946
1213039338335817728
1329051085957427202
1047741595
303528533
938231298417668096
1194339711722151936
32792380
188547682
830933901040291840
56697886
1090296931342004224
287960280
344328693
2777684701
1240712301470199816
349957228
87354759
765248121316270080
1463501695099576328
1541248316499005441
1339966377726275586
331191479
738484040882343941
1445743452004618245
1012913205788766209
224463912
2251797826
1412504344486944771
1301010707216052225
1055152529716187141
4286004615
1058031619595034635
35614608
188889800
16999732
50478237
14293099
443268298
187693596
1533232391518662656
78992868
67202036
42611569
495467091
1141338625545822209
3358000539
1482352338039984131
360064315
55277066
76805739
729505869604528128
379239422
1245506396025733121
1354462997700345865
1421424801101619205
159577202
923007989430259713
2787216415
187953732
24314842
1647261652893462528
32465221
1632736846240202754
1482876322368081935
743960268804333568
2567140247
1498377058644332545
1570411796229505025
75946968
1278881541079404548
920597438439804928
438505361
129329814
14590316
199249109
1159918536787144704
33815985
422194741
174726387
46799524
16864622
71323385
64199231
44636743
260414894
225475300
106246718
937220850
164432414
1088888554988687360
545369021
91022159
228978642
1531728684805128196
50193912
1051073271939125248
1527774029637107712
27412034
1332019271589900303
3724233975
1731930499
34660926
328074750
1732616827
1466494779957600259
2237610920
129197729
115146921
3297338187
2603070941
96373058
573309143
71943299
342815291
1254905639274512384
1189007251228549125
1538398861340950529
1256399170988015616
49480718
1151226393902166021
222467789
77638634
1112085485764182016
2593152446
1519629983534260226
1648220180
110176054
44203728
55262671
1458452998255005699
33576349
81702672
91560489
67763936
53834975
2767661075
3188666153
1359672332990701571
158874220
1487538400827695104
27655064
38227599
341735428
49516173
72138731
723598993650008064
367965762
1558662396910215168
46651017
151250715
196780891
3939051
112869126
200874849
319057922
75306354
53192204
1330882603
1311345161297948672
177743869
66501093
165810207
1439371088459403269
37946135
56248472
37416391
116282396
48492119
1522405187369017347
201967265
114936069
2328084887
54778366
153008689
3416908168
261801470
27152664
1383195265503531009
2719823406
1552667178180263946
1637617324718014464
1589320686677401600
14930362
14684271
1154852174716907521
1636153947768471553
1338586253860728837
806210609868132357
65126460
133426384
20743783
100596591
20440933
159588529
1498484845449818113
1436977123093274624
1179882883504381952
2886790366
1376034187665412097
38795016
69569430
295326327
1216999831
969059448684675072
35951717
3398126781
95684648
63918536
3002305317
11886932
32762520
1145455049461702658
44199272
50083728
948981006559842304
55033959
194203306
48106772
254685736
57500809
1280275541866745857
1621270003046645764
2928938896
294363227
337892874
253331028
58541236
1612549858530934785
73490029
1447797250898513925
1100725217092079616
29001659
104660435
52309670
1542053975561756672
1135416269723852801
1345382363514220545
337596942
55619560
1356825964114817028
44248480
1112086549766828032
1617681106555346953
1501250618958270464
1584453408085479424
852716548716363776
1058637106757668864
15430166
1586053963618590720
923277139599937537
1109515574407774209
1524432828280287233
1486058855268294656
56510065
233665123
210655920
2187246223
231919295
830547658922135554
1504099364364595208
1143683443
625134926
1518939631273840640
68810038
517741923
1315992310233141248
48826149
1554054616232361990
42296412
1229433583464566785
75112374
251914529
17115964
1603756464467738624
