69958390
93458966
923686168901890048
708065550426054656
2959216750
138830686
3025576795
176062346
1412174999738277888
381882213
3308325051
15052095
220130427
41395586
930458238042214401
1284244237
2796688251
65164638
1425466161689473026
91330998
972901834590511104
1173307540177899531
702298153366773760
856544981259087872
1394224230196293632
304734827
1359331774552305665
1086374720994504710
1520136856947597313
19718687
1836792889
1168644380825182210
1103694269745938433
1181321981469368320
1441770051263078402
1425319382658453507
823851900193951744
883678396814942211
19721382
192283229
717430248783142912
92319897
783164929
1106149186444107776
72969086
1065745997391949824
213524880
18464533
1410683573359845378
132909997
4150860321
40485496
800018822329679873
1329785754353012737
77098643
41384414
65201001
1167747140
1287032192351297537
2190032778
2516966574
15165399
1459976312089714691
4699948116
176943108
838833999334227968
63975681
1508782188627648514
85353000
1460065568363585536
1520825605251649536
435000769
163312074
903110053179392000
100354115
1485716231026008066
142936798
86089334
2773030947
58958500
57081556
1146183999070642177
357034023
2681382623
128741723
1177212545389801472
360918234
703168199521472518
255310121
517391200
318528991
1015302215752409094
437539438
1523447065417764874
336187627
1500625452645457920
53266199
344523098
1327365922852573185
3671076502
596894572
42608471
876806341901389824
1267628653325795330
1532016920098127872
113622541
40887351
24295797
719182376383954944
1154019561638891520
1481233225112510469
42395056
125456229
961663380
1296501898028224512
1448363932012449798
1321238440751648768
1390125264324243456
948633518782996482
1495458079701454848
2232145850
54103406
1219440099647205376
70235835
1102272314421510145
1496563025079414788
777255163
52558305
96411421
41177838
142827347
1081923412161953793
58639811
2854038371
1527311923833778182
1378924465845854209
1527269071171031040
2614388485
1102580879933820928
1244385155638329344
1522064887220150273
1510335069956812804
1282773009032523776
1251740137161097216
62038975
1090351951546589184
3297852068
42518664
51609735
222467789
1123036055576428544
2909395666
1526744218412142592
3991671015
2669926658
1457403356176072709
1192903830549278726
1129798942819016704
56807544
1038844547047022594
1366030715654201354
1195417533249138689
1102759814902566912
1888581745
1387181866499854346
1452296501858914306
97480169
212916582
3022056340
56610486
977858685614600192
2324348869
191174893
1443972556986490909
133029243
1521686531211202567
287799626
476481432
276154506
1434351578786541575
39431538
1140773971702558720
1523525300759502848
3391522486
58173645
46144383
1119321198402441217
1162895865662574592
32640324
65736610
1103397090363928585
1219962789122494465
880556497
1403481727
4250951193
342815291
69321306
64727308
624879902
814485528355733504
99859523
1462965745651011587
1628921021683081216
55573488
749001017937817600
1536545711948541953
1519792332744409090
630651688
1626806093958504449
1348011815897329665
1580390633491005442
1557268568693264389
212384083
1471651837724045314
68203593
176214886
32595985
1241910014513684480
289408600
235526574
1627341155200339969
1299452566783356939
1463333145671987200
1629279933271777281
833010701241286656
142650029
95407715
1713446305
2815391971
1091702345132593153
375400695
1518851852628107264
1597908193031634945
1559509033605861384
1069877837937733633
1314765046564753408
1020844753389223941
1120180404965838849
1169668516796162049
706863507
887758911301984256
1194339711722151936
863506989313384448
1519467877513973760
167195042
989531687724945408
183705574
367905986
1521544825790775298
1258505542831689728
1402520098846515200
51248764
20060517
1311370120577548288
1123954088528494592
2613720980
177703480
386905641
1530649753108742147
166047048
1373126305001127936
40125120
1514627447936978944
1206210482824237057
2268116286
1191808401325666305
51778575
1461666037838098432
1521646425922277380
767510186277867521
1519066762528047104
1134868257343770630
45675709
1024409454077505536
900191191760818177
1426144142720131077
38436784
82245238
60131952
170497442
222268948
1397347768209915906
853505977
2217467531
336585493
503910942
115420009
2149085621
73503309
215596444
36738756
3157625183
1351173937770725382
839012378
73891134
1460268652440301574
157849290
1008070411899277312
1536051315029250049
1346605239940624387
4187982797
262382382
842172199314329600
1535401440704974848
213112031
4539107115
90466127
15949716
240814091
318534967
325726192
1526302886933798913
2405282319
1512997952603705353
30805045
745049412267839488
861707266407505924
1432372524139044868
322290496
1442806289722118148
2251118762
1518002495779483648
1299775941279973377
702290904460169216
19056581
2893240085
286322012
3726119537
1394478747944947713
1194678917904371712
1213172698999771138
3352471043
58667964
2147997944
765329199297069056
927635097171394566
1212798017822003200
333183391
62260986
774469015
3300536362
1244337771348725761
54089078
162956171
54064975
55553488
1437112106453766147
228503816
80181420
3002305317
88525333
139415731
1101727405448839170
100560298
1255970501014499328
1203435237142913025
49889167
2557535294
78507844
188111521
273150222
531578543
457567031
297205465
35315811
2712172686
236916576
1387549460499156992
1550259609734201344
52948774
1295458891321442311
109049442
1235361789820444673
1105176669575438336
1529045438
1544043337438593027
269582775
1318485120
1482432073919082505
3164866737
1544989753447178240
366680248
1522580334000414727
1071820321605476352
951225807330045952
1115212337055707137
111447571
143130371
185064519
258859418
1371877000416219136
220081856
919670204614967296
375250385
463113862
1898283902
51136430
957442106
1498037556767862790
406382943
1090022231927914497
1204072679386632193
437736892
3350065960
1024007935373062144
245736575
306997433
2810644195
352594856
1130476529929080832
3856514049
42673823
1499790725504016384
2170052662
328172084
1495059458669617154
1183276030313881601
1103393348159721472
1045930932
729269395374100481
1288161986396725248
1496156261179703301
129062688
1300282548212432898
20860716
848198577704886275
44340081
99361304
186524011
1396855985004761091
1530651797551042566
64880138
1155382868161568769
1399819651593420817
1186471855684800512
1371642311315230722
1506367795017265166
948336413958922241
1405850995008147458
1360125631
1141522437726773248
1520578057790230528
3090420712
117060034
2615619241
14945705
1322545986837893120
3196353873
1472969023725969415
3324949967
261376144
1463595433255747590
158181228
1333569066695602182
72175766
3301025409
34264727
1420404914027732997
1456659715799359493
1252436219956547584
1529510143058186240
2537833786
1105557560084623360
10075542
99957358
1197158166242484225
153017938
1521521129843789825
1143577958
546257289
176146719
1457964668799041540
4621846401
770445221100457984
1285395012088365056
53073948
1523458331020599296
1224132773851684864
1390050123602857989
67006907
959100155525033985
163699616
832758759772483585
1246656916182499328
1519413415416147970
127402450
1213787911
163230897
252657220
887456262748811265
4034749847
41292330
1321477892975562752
1522395927595700226
3436806436
78099686
9182572
1335667384758259712
79333731
184794192
1060593272308092928
1560302893252616201
1467586117784453126
1227731423500656642
1147977986198712321
306976454
56248472
1299879679504142336
1559337307869790208
357561011
2782724639
53754829
233383596
848210593
19609007
770703381543329793
1058050653472333825
338086978
43726354
1541815801627516929
1516313841117839360
144359663
1395803712229101572
203973686
385186990
367127755
998720909237243904
1554257571908882432
1526031848018788353
1684640485
1539905218560888832
1389656591398486021
162407237
70268017
42290297
1682020382
1546549199046582272
1567502021690802178
23446887
1539710696295899143
1545055445097754625
1248636287051091971
1551613017779044353
167562312
1462253445155598338
3404054518
35084475
1525777931624189953
53569392
62344834
50139102
1554877118244442120
829023549532884992
88915753
81190301
132644775
182908124
1372474609220644864
1340557593304047617
82372116
1058034301428752384
1502403102359629826
1027645395634200584
2701827107
88818864
720037830337130496
1031892701673926656
104150087
217949191
182454164
24697271
62119963
3298162567
77233601
478632389
1261770239857111040
81994268
1445138581077516289
60674445
1204529818794123264
1524144733039304704
337292445
330524658
826027520977936386
16631711
19569363
72085854
3095669020
118216472
3389254665
179764462
81143916
279612799
1475662096729882625
35885192
1374152714746269698
844622955418193920
3402598931
306177252
36902494
19181604
181358972
1148767672840196096
1559258972330360833
1491918265941213203
207966754
1310017556800036865
1349126411630600192
323528575
817475179886551040
1475575032483037190
394736808
407400843
1410602367398019077
1457385762069098502
105476853
393628188
588417680
721891328997634048
121626919
4736032516
1251277541815603202
48799399
100680384
40280385
84475109
1369793083815125004
1445203830011015169
64414419
35237516
1261385880373264384
316072613
67141626
1110913334113718272
1192062315329392640
1273078510899380225
138710056
216731090
764551507459137536
1245755944925093889
117454065
15618802
244659530
913175362842001408
1198339444258037766
1537283317464289280
77885240
508801977
107633437
89255134
1557144455584616450
2733485398
1109912397538574337
105929916
73160872
1518689896411635714
1206406747239469058
1314989732871516160
175855881
1520966956869902342
960238871601696769
1398932880173240324
15667275
1135213508096876549
37949658
607455746
612187552
993669513106395136
1518766256689762306
1363524267456028672
1253786964836442119
217543875
723060703
1485364917536530437
546230403
1535964134621184000
936290099368734721
938150009316564993
1393704315953590274
2887010440
1096988393572106240
1615763180738715648
934442394497507329
1510050473377767428
1449783537549389824
973474998
716455812529577984
2741840722
15349705
979517123025305600
1482876322368081935
61220731
71516179
1506615865386622977
1322920716883447810
1427079618021011462
932011405
173285574
3082873232
1342764144
275251892
1022245169452785664
1497317981629693957
1450251914692763651
1577012120490835968
1445148179725488133
81247816
57076670
1402692948324765699
66345706
1526014984085458950
454218671
1222583943637151750
69881464
110265913
3226266760
1240404284199575554
2323875848
1527639191504490496
1614585827555672065
66535455
1558210387652362241
1536133139835273218
1535787651437305856
264228209
51244497
71453525
1536550155729653766
738143559920934912
57674238
1258904005415178249
1041144605184471041
2962349915
1536320430784618499
907301328988332033
1461322480937840641
119591385
42362219
343799723
187397507
1218622649695375362
189694146
1421782846117662725
836014088
60721389
1405599116680478729
315571106
1248409973694050304
1883578686
28273980
1427716791015444489
24956368
105888532
42655212
84583656
279656290
1199447885949153281
68173774
341238200
1276710070638776323
121825728
1151699834375725062
1435074777748811777
199249109
30488590
125697445
1254891513076736007
1113960634524295169
241303038
214991539
3309605639
1534702608505573378
2736385543
246102297
168803689
343480473
702603503827619841
812092431499923460
1197707770025435136
927306363776184325
44422805
1258334423818305536
1262870765143195652
310289274
225096095
970456311912595456
2884832141
1536134832513851393
866063434105987073
1438142076223475714
1510593613079748613
1536520962992111621
627480066
1478731086603735040
858862350
1176549130660909062
1391233893064392704
67433229
55580505
179141510
1246229226921041920
1121992202
2474896603
104873945
1562284696008298498
1148802489887711233
2197233551
35218371
152712761
1559570395027603456
74767817
1440142013391773700
831161333685039104
1506998859053998083
1498110573069934594
18195583
1498672299477803016
1246072929772646401
302798333
347885587
824020805566812160
56891092
3216267458
51448437
41927414
258348394
1251166912492515328
218809012
78362299
1547050424464801793
97047212
1380960150396280838
50038549
14503650
772508084820439044
945646390209843201
14504663
288208778
1447948055098101762
68215072
69892472
1377468107493629956
2669823832
1562559589966458883
263389781
1530035817632174084
92572410
1513647676059000834
1343394448500289545
1034856076863258626
1381249476321550342
1448674555044810759
1629571411055370242
1559666163302408192
440456318
771943792702283776
1464294075402797060
3351074567
3178633468
2471984529
233517586
1532719415543873536
732767855184338944
1587501470836002816
3109287471
1509504922097786880
1093584991731306497
234832661
1288929620717457409
1342982112757108742
1486058855268294656
65727131
107485264
204467410
3122030287
300972374
880350901
1543784312964775936
83736754
1293923563158867969
1478764395736047619
1366921568652247041
37571692
823760354425667584
1361502817039638536
1167432969386102785
39073249
150413399
1253804207121018881
1028056017853194241
319807147
1444730024150634502
217609213
2364628682
1219989481085972480
1498745203246735363
2240908549
929148866238271490
69044546
324475363
233431955
1028215355234234368
1542679981171564544
1352449073853452291
50440588
269902365
1257036501034184710
2806251105
1518406889956118529
724388525802676225
3097389142
1176992642657333248
1542126705329963008
3461302402
1445129573876764677
771472390148665344
29391362
1283791630110253056
1273295776958087169
615062866
48034370
227343516
238771880
1468960491162591238
1311134227
1534931804674789379
1332807573205086208
1412975740908408835
214562966
1453904606396833834
1242587417426747392
93438970
2817668793
1407427582493069318
1321063989066059777
115486376
1335891652590833665
1520517233562243073
863528668076929024
96876429
1008351819624517635
909538311491981313
1635383991346798596
1214777407628034048
1629667903564914688
43985042
1587397118100230145
1536047918326681600
1594726128345911302
1608159316179025920
4373722696
353347586
33800095
799458345828618240
56210669
1623150317100535809
1508905614541475843
1608046722046894080
46563723
1595547786803662848
1006732751117144064
1345716292771328004
1470998112441450510
764963965805981696
1236510493046648832
1603423939031715840
1576368244516167680
250951082
38232977
1613231354539376640
1579147051820109828
2568025086
1606995777313701890
179741384
1487930772015267843
1448786508060794881
1602615197977411584
1560585710347886593
1632837087303958536
1283161736414208000
1080980936215457792
1080337206
60174364
56715581
114790466
817338033506779138
1538398861340950529
974622311356751872
2339411048
980566684359626753
1537806730435907585
78662051
1498112098538246144
3637847056
1164150904121114629
77802114
289045959
69636814
60408775
964949259773759488
1226913514977099777
1519266977218502656
295934921
1546741641414844417
1059175054263705600
240800341
181004916
1156292691258478592
1390047212764336129
131667869
1467728814
407309412
1293353536575725569
718478586139844609
1645408635449647104
1640348142724947971
1255899711011241984
366389062
1295486093714952194
1090235394472464386
1541568672166301697
4136802237
109028756
1174304731902160897
1644476141950889985
1538135822502924289
1623695902635446272
1637877450234314754
1515306153856622597
591407826
1568651876412915713
52462862
1353756728756731905
187646536
161437230
1346076736077889537
814071544624377856
143921342
427707077
1147311838436233218
165253632
2970500974
1529385207387791360
46699289
1351335583377985538
902402296952344576
2820011773
1480951923087921155
126190526
1145863684511674369
39260087
1358630664569040898
1519384826159280128
1530143586582413318
209026290
1091494056037883904
2230375753
2348946290
61201503
1108548472016379905
56551770
1556436941968654344
1385166533232676865
63383543
1316854902497431554
36078444
856196564506865664
3294266437
46981208
209818708
1542284940498407424
183447070
1369835496545861636
55970374
1221986234458955777
1253691953746636800
553975931
1456417849447178243
1481524397932527618
1546876598967799813
1422005748675006465
1283516542383202306
1559322051617374209
1424501764456394754
266754085
45633732
101838740
1438951354375053314
1486850039423119364
1403862738380656640
1522328177481236480
30349389
773936731032805376
1594054270273437701
1537646672339148802
1648485320831164416
1575920977338327040
1505341084226011143
64808395
1540404327545700355
1216098126
1016500155758112768
186273500
1646578417402359809
491279660
988869039341621249
329363228
23346535
1365827812997881864
36076101
322404505
229074418
1510780895208296451
1524211441754157056
948284526089900034
14808607
1487829004929454080
1001139050902904833
1442850774166482955
407400428
1261496421502631938
376934289
40739909
342989853
15735007
3387282047
273000760
2854352729
567570244
1146918309562134528
1241862132662140928
167832963
44980121
262625452
93762620
1319321702841593863
739824581112942592
53940300
54738341
151858955
1308199008859455488
94848616
181814961
1551790466
1449497425836756996
1554933231828475904
1275044900837429248
1333920356487340034
272753123
1481094858307780611
1357765932
1513592960113422343
126992035
42881764
172905148
1263182994447220738
172646993
1374483652608806922
273105516
1359325109232795649
1535071416055382028
126760118
59855164
1547632605251526657
3728653576
925538838210138112
78152478
183333381
1497281568305524743
1500940422847283203
1369623308728172545
1168737090831560704
1361721890159685632
1511504383414087684
38455141
46952480
162211380
1440093031068176390
561472686
149574537
77784313
219304984
1560762678326484992
1560760530360492032
1560735094129713162
1560731637012434950
1560735697853681664
406536245
1393540223619977216
1560733566857879554
1560725261754269698
1560650835268251654
1032497325946667008
113770144
1541381394722693121
58946699
1260097627
1360181876510629889
1500189122744487937
1124621358
969261246846562304
830263778088468481
1454482356165922817
1588509003792924672
17624650
725394570645745664
1456729726245122050
3355398803
57420562
1356249501107949568
1154032329427320834
1514240124715999233
1620182377237516288
1411649432
1532063228
52540929
349202328
59340957
1439722979181703168
1533773712176160768
1551872722178908160
1452850503738707969
1542606779707695106
236125429
758863140612255745
52035320
1049069091942744067
188123214
1222691114840461312
1525276387636027393
64830988
326872533
809020534818213889
129710596
1520147793838497792
296130948
1182760167907188739
9504852
1338360637735497728
1278551964033449984
1487187862386794499
1544784584151339018
912837199909019650
2741859551
237065123
836329067603443713
316557388
1063339541791207425
219052768
355797104
1366917535103406085
1484909921779044352
82243027
1384921792662360069
400146067
882629836166004736
946130008933847041
1445204575053561861
86780048
1568966193377157122
1367222597075746820
1049788460196921345
