2909395666
203809353
1012913205788766209
161709441
336117114
1441817327033413633
21415271
1107465266500386816
1345577594784251904
59038937
186240150
1058031619595034635
35614608
280705494
50478237
443268298
187693596
1318929622952792065
54532456
78992868
1371667306733010945
73956998
1521510305649602564
4715652562
67202036
42611569
344523098
1329061617712164867
76726669
59303105
3358000539
78997743
360064315
55277066
63841291
95519933
62080707
729505869604528128
379239422
1245506396025733121
144811662
267293166
83720016
1263569622831333377
31600593
602215460
158340226
907346179167588353
47832422
1047312213755740161
55118656
77057875
1094085844502220801
59140795
1251711994006290432
1150959252804132864
193018446
1278354550647332864
14409620
319690351
9193332
60211118
35328940
3724233975
69362233
714507972
3241107603
70206504
1527439799648387073
4220864663
1059597114538377216
1201304740908478465
1493805409706168320
124879030
221156709
1101575305
60949873
1440604975311122434
41709648
333833257
55712868
173957663
171481011
313947284
169512806
272106102
1240283180374069250
169175464
325513332
81382190
1230598210055524353
51467780
357561011
73635250
857961237803651072
44300313
189359136
31138182
363305135
1456984673347903490
64727308
1570411796229505025
1482876322368081935
1014375404952588288
34660926
328074750
253317314
3293388366
56807544
33249379
2753967938
86137639
17251023
1125121506
1551927130522525696
1382481826455957504
1191808401325666305
3298162567
1555491326904385538
1380189294275477506
790154939645489153
77075881
333544268
2412633505
1555222390006861825
3070899617
1213595685573914624
3539614648
1198051798877196289
28688054
359647331
1051073271939125248
76022404
19996223
25921665
1081903915816443904
224648416
778239101422166016
466526825
1425483851682484224
2510988508
309801535
407054185
36533572
839887088422109184
1403792579263672330
3350065960
14418146
85163182
1531728684805128196
105701534
833322144331345920
126062040
112261363
408130226
1316414063036039171
1365482244094234632
191519304
875997372991537152
816117825391775744
1292574756
1327453874412793860
356978482
371111318
1308989283525591041
15410917
109049442
66769124
30488590
1031612925885276161
35131751
97190766
1394653443340517376
16494520
1524007705488285696
726198157521113088
45820995
206392950
10164502
1245812428560109571
1521334315631751171
1047614019509657602
1361054552074649601
336510636
1425916828010811400
166221195
33373698
1527340963856732161
579387724
1421424801101619205
159577202
2787216415
24314842
118502598
195183633
752649523877572608
925537573174497281
59567148
103885261
1480296219616423936
438505361
129329814
215085484
1381070502765199360
260414894
1481068303141548035
225475300
106246718
33815985
937220850
164432414
91022159
240267532
303331376
869207509906710529
585726008
186524011
185691811
345539640
67915932
1197158166242484225
1343031721445511169
48203475
167249827
240800341
107785164
77638634
1112085485764182016
2593152446
1458452998255005699
33576349
1304075424587296769
86577401
526528864
1257526724918730753
2494016282
67763936
1524904996843802630
891671153395339264
1402999849197314069
1471633162669334529
89967754
234948698
57392306
193559220
68256381
196780891
775089760092258304
27008217
1584453408085479424
852716548716363776
1154852174716907521
1339966377726275586
331191479
738484040882343941
1011699277
737365847312891905
42791181
35951717
3518503336
56851995
63918536
3002305317
11886932
1145455049461702658
44199272
50083728
40914799
194203306
48106772
57500809
1280275541866745857
337892874
58541236
1612549858530934785
73490029
1447797250898513925
550611367
4860088498
1517275949452177408
233592511
45713351
1100725217092079616
29001659
1223802602317647873
44874392
52309670
177743869
48492119
2328084887
153008689
3416908168
261801470
27152664
573309143
71943299
1254905639274512384
53834975
3188666153
1359672332990701571
341735428
1647261652893462528
743960268804333568
1498377058644332545
57222839
75946968
517741923
1315992310233141248
1554054616232361990
42296412
1229433583464566785
75112374
17115964
1456447129162035209
1455160742114701314
3077588434
896280919
1552667178180263946
71457257
64904190
727083578278993920
1066219272
143919568
3078773410
3797759716
1018516961720971265
1133478814351339520
117165383
193331243
254085457
1637617324718014464
1589320686677401600
1636153947768471553
271455253
55310560
57100510
153777892
60407664
1253405977992445954
1360083179428798464
16169263
767552771390316544
333183391
556230341
47966229
52792186
59248723
94665847
1376034187665412097
38795016
2886790366
1298109460355973124
60731994
29191612
1515460490138472454
26388799
221082342
94150452
49516173
143202757
72138731
723598993650008064
367965762
46651017
151250715
3939051
112869126
200874849
75306354
53192204
1330882603
1311345161297948672
66501093
1337673400240795648
165810207
37946135
1402607206915321857
2946035369
1564222440204558340
1527814337062129664
120544109
2634720245
272630811
1644110526
78468508
1593180713792245761
1732616827
2237610920
209685597
129197729
3297338187
96373058
1560843066738712576
195562928
1495726521746661376
176221743
1495158768576995331
2750393776
121659280
3187652103
96347605
1194339711722151936
1090296931342004224
287960280
344328693
349957228
1272888458760138754
1229436018581004293
230560129
58040737
1218613947278012416
1109515574407774209
1524432828280287233
1486058855268294656
56510065
210655920
231919295
187558231
4039835303
1345382363514220545
55619560
1356825964114817028
44248480
767510186277867521
75877617
1390258158728253440
1463438926232887299
963152349400363008
1108150267936235520
823198638079967232
385667877
409548876
