339183004
19996223
193850563
929222543625551872
2610650934
70913385
181078132
1513692910532718592
712098467699662849
1557257884370624512
1566186653001162757
3255401848
120505473
1478874399386316805
15716894
104938275
44810649
1951827606
1031610731379216384
747577257795985409
142325755
1500767809701392384
80696720
821412926410067968
79717192
82958591
123530548
2814078961
705431315
52837716
172615145
1526345813370322946
1529947080822865944
301620461
41709648
568504469
911451715
1058131859547275266
127557268
2909971737
1533569251675602944
1272907131293970442
56520516
175268383
619346712
1422512666166370318
82505023
1438826646396710913
180858857
67486586
369782886
1515082043171950594
60721389
212382294
475409483
1232764737978556417
1534741768171814913
760242512
1428909253264293888
1702410846
223854018
52363865
51938571
1383794181567483908
44069865
1311027331704721411
368476427
1451448858215657502
76187275
1477440766460977156
58612085
123404184
1027898211766362114
1473063849968418823
249272560
53710704
2749053509
39241133
51297628
3668516355
756348246331691009
1482876322368081935
2542
1520801660381155330
65547548
1485959546501844996
58655158
332476743
1320508572439109634
41958045
1484998722308169731
1349507239686639616
33900482
258113481
82896355
1485634520896446469
1240520560033124352
1487201466565726217
1532374366780104710
60174364
253274587
2966377481
1246251641722068992
1245099248464678914
1247657765759311872
54270728
1482095532814258177
377639706
944142938870894592
108995920
205005875
470785653
1242899677789511680
1487580874354962433
203973686
203715218
368377377
2586624728
1449752296930349060
4222596388
31959150
1525818755942600704
56610486
130992691
180382150
119941305
162937441
2503077872
1084854806508945408
43096142
3332884438
40125120
1539446763203043330
385415512
636324633
813943540694786050
43089906
33144621
162476497
546984552
127240672
15165399
247860298
178459558
1388989704205438978
130601827
153944592
225619547
887564194417082368
2478077878
1541492935971246080
104021345
468872735
157318719
3466447877
2369356963
66229104
109413824
1544089717364359173
1453164203511058439
1211186091174199296
1539725300795408385
1242990218971676673
34264727
1453819205426503683
1453811417279311873
761332360168214530
38103383
46478331
360064315
105105884
1483149170580111366
333376246
1497403516331118597
206211298
52418328
901138488
185644201
58940952
352052389
66664700
1472365477523595272
71886271
495563042
52544422
1256397574636003328
1525543797597282309
739951339053195264
144623321
1609057591
921197448885886977
1068828521043296256
240295245
78632358
1313656926446800896
131494231
1533506289648779264
266069332
508801977
324393001
4827676555
511793961
1491889483201105920
3220038195
238388733
1242073489152057345
151328105
1530516276283641856
541189037
192283229
4840979716
221740459
1246513922150141952
89541789
3147722907
596644061
21210064
184541699
161046386
1489308197185900545
363756106
1435316251455336452
1340986739247202306
152460693
1500763942943084546
87244850
3394560593
1212716874653286400
848198577704886275
1532749309896183808
92667200
86781477
62180791
37949658
1014264572952432641
98733718
1552407276916555780
4739137708
1486691979148902403
74307960
41256386
65126460
257171957
434650077
857294353198436355
872950426060107776
3390637145
138147773
1383560918336872453
361023383
810222958572609536
1364992382316515335
211920835
273719897
1612924414890332162
134649778
702285645708918788
728675598894272512
99023218
1478917367489048582
993541703087869952
992025504344616960
1530349922557501440
138564368
43351341
1647238131890962433
1347302962813677569
45476134
114848014
1030169692311351296
1157008894444679168
2696430078
1521906123296714753
179909296
2434585227
1047621367506587649
31412039
167185459
1515925908942725121
41512780
24701343
1540593027730837504
270375224
87718453
475757850
55310560
1060037768762613761
119594079
808395072421117953
46455841
1320556409432526848
1352641257848385545
182792084
54917244
41175670
169455724
142463461
260935695
1260097627
585847885
1624223283548680195
1771351
150427269
151185308
3087590120
110014742
1513557481674489858
917008998649430016
1189471276261240832
1520607182898741248
1148403612844003328
1282773009032523776
1560726709137203208
4890103979
44993096
1103464755510030336
1541825649303773185
1395070110600204290
2501838710
1487560760565899265
159351591
379103087
190049884
1485075952371699716
42027444
1147977986198712321
1360181876510629889
3638069663
1567710595083902978
2481081043
1186893169440501765
2343950340
143107875
586314589
278856202
262862330
937416853042982912
357975292
138710056
1264666308903415809
167249827
1234857127946182656
1921307924
376572368
707214837584105472
1535342407193092098
1762842727
1531826443356884993
1340425295569047552
161775132
4839412919
