52948774
1004691918536704002
1123036055576428544
268038562
176943108
911441196
1535787651437305856
66460680
2190032778
267731137
58327136
82940542
2678132881
41173180
65531427
120956551
1264378764387123201
254775537
132909997
1510599885145452544
108110241
226900742
2424869484
1392942980286267392
52800091
1939432754
302559065
92167770
78507844
1327365922852573185
755411268232708097
70289595
3057507363
1376230883372511234
53371678
209026290
62038975
958803564
1521676012454653952
1525348681372913665
343755102
848198577704886275
1458955807664521221
72129276
4048303227
70235835
49480741
1045389871542677504
1282468167344959488
97480169
1335793072320499714
69141491
1147977986198712321
1556102322693996544
357561011
1556429023579934721
43726354
1088456482188713985
58672241
748236406963703808
1358754904320401410
1969021752
182908124
320348100
772508084820439044
993669513106395136
180802289
61647895
1118159209
1291587166238384128
1386697010762457091
909923347772973057
516953047
44340081
3380642199
385657432
51778575
73102876
1305924787
1432372524139044868
1191808401325666305
3115892883
1489592905681485829
1124122953258610688
333727899
305556556
48586521
109028756
232428591
6841172
1506868211945459715
1610892465157939201
1382666988997242888
1260097627
16799953
1011709345
1551369506051743749
1432083748116385793
42666643
2557535294
4165611772
1145859888494665728
1506963777123672075
184191116
352594856
716341255148597248
77007693
228945066
220416209
80694460
1051862277413048321
302798333
28858415
125509173
146060516
1445165763883589640
92765088
1372296401762258946
