41267822
78617110
3788815469
1346299951572283393
981333167515881472
875421683095670784
1271081998937927680
1467584531746242570
1058795162896400390
1407494046126325769
730400785905889285
1514894235874566148
1265455117677060101
1503754301604347921
78108494
1613027815
2894638595
736511804323581952
1311965508959383557
1360083179428798464
1139855955951329282
1580111216
1535350372428042242
280194491
16816428
1072190462193221638
1477083508359245831
112257606
1482876322368081935
46538982
100097000
177743869
75877617
71952282
272093073
53490312
1208857988930383876
36413246
57531053
1549553627601182720
138903269
1056628711448035328
101899064
1246765025320206336
397615222
340611708
227078929
35540986
1537690708894797825
4827457354
1426537685200605197
1517613682485829633
175268383
1484268558775459840
1481642150785806337
196780891
1427787156571971588
372604988
1538909018428776448
1495938133774450688
66981957
284297513
1449752296930349060
1377048015593205762
61178974
1109869207758483461
1432203977865801729
199310784
2337818086
116231113
530850617
65055340
264228209
235603331
986660752441389057
3351536069
950762761633615872
1519472441004900352
1251039194190839808
1538988627245637633
1078396754834399234
173819903
1466386602888998917
1496222191389659146
1543966487211384832
35127266
56213307
1535008083864428544
1269637012249853952
362556265
1426362379772760065
1564181686736375814
1600191325
4706720667
1488327623759564801
1299566090138382336
1558847602141044736
842809918294048774
54054007
1420946005688733698
2602508179
247860298
254685736
900015059337961472
1005603515924959234
63057498
72836975
1346551299857387522
35770077
1116742309549432832
531299575
546230403
1532459341642711044
797252943804252160
50467132
1376758059901521920
1191808401325666305
37949658
54194322
1346221330329460738
1431861911205949442
57332945
1548113326944555008
80862378
1416418679038808069
991666388086476801
1355007710245363714
331971264
45996869
4130852296
1245840775239344129
299276786
2663965709
1625656494292181005
1402776621191421958
886967125096751104
74870549
1287159626442702848
253825292
126647313
418799906
1372335881781178368
1481989980528467975
1507527344403140615
1543746396
1563720685192724480
1235279918210207744
1529641465042849792
56109578
31412039
1444033341783744514
1594925207260741633
282594880
69569430
1134050605742415872
353737709
304014522
924930091490127872
1371815106556870666
66534906
1534158842132676610
1512472154209767431
394987421
1033036024279183360
867801746092982272
1458050020918300678
3340659161
1001640807731027968
27302784
1616074811930996738
1124842670579507201
1613187465879109640
