511041548
79579194
318056797
950762761633615872
1545571816760025088
203809353
579387724
1299689073473400832
43089906
1025443168064614401
1482876322368081935
1389312129107378181
1369984909440339972
1408504297193627650
61348720
3847848915
210711897
1005679527480131584
83636187
65689092
838084496079654912
41838450
22576338
151581569
14322322
1507367279339712539
126647313
995129288
1526943815294132226
70573414
629713235
61178974
53587588
1534726594350170113
1563804475
1503698840980963331
1491836648048504838
2953014478
57481509
1299559550090182656
209685597
783164929
3293588062
35614608
16636276
2937614243
141783919
727083578278993920
796431374311948301
1461907070245126147
2446325420
181289811
903110053179392000
60904263
924819187696054272
1076870858499608576
97190766
1503516708736315396
1439105270064496643
211598121
1144009166023024646
428993401
423777834
918110876049305600
102656315
210920489
838563100345401349
573309143
2814078961
1280313912437755905
1493951118719823872
1425203223024001025
37742318
385673980
151564993
276472653
1135681768839950336
75202923
62163520
2751279803
1434241435893653510
24546800
737805622293450754
783371476829437952
83994462
187922044
43470333
162957667
747904767997976577
101051749
1408965749230784512
83720016
89579386
105734289
712609120
935181549946982401
215474722
834455917500432384
1429185813426941952
32373648
1076106932807708673
1473057969759834112
55625282
1623432385
462255387
143707556
1327365418722484225
228158097
91624966
1644110526
1230099917315727366
19692946
337596942
78767059
1433224212
102992758
1227573126923419649
1238565679458127874
438473416
36461415
2566083565
1106324144990375936
1108809383037812736
52792186
1513525364529713160
169096694
44636743
199012929
1268953379780341762
67895112
343134749
283031976
1400869620375068673
85802930
1056885719585701888
92845781
80901793
1523756701484298243
72300916
48048971
2583345503
475362746
177433776
3901440928
1535809576326819840
1497519418070474752
167933536
1405486837834170378
1402804587229237252
3416908168
2992794795
1358615540068212742
415582470
1231972175915163648
15946117
42027444
167794263
55860560
1309130302237945858
4363831043
1041225014291427328
1120180404965838849
1629523030958284800
1633599305016647680
69408870
1069795469285572608
2741840722
2875628393
14375797
42395056
3404349807
1224439147487748096
94403898
1524944541127688197
128124649
4228910239
1236477076502446081
1460099679887237122
52721093
2615619241
222896787
2468208642
164920903
477341560
26109902
74880791
100353774
72296145
64908810
1344449880887087107
454419733
292943643
40125120
887519911723008000
78507844
167156849
16137880
958340875515514881
52839629
1477674075438960640
842482153
3070899617
1289788754337701888
1305001083169890304
1260097627
836265813728444417
251233867
267293166
79641068
29595934
35005800
780907393085497344
285118966
132672694
75371607
188546872
53034941
58612085
4795257948
62423940
1221573571132170241
240423788
50490619
3353497102
1397331058031534082
143256402
77504994
333544268
52271851
374559384
17753103
313890226
3762473717
767510186277867521
2991833872
75877617
130514677
1445950044687982592
269594317
114790466
1566547468300521474
1523728708535828481
2423958642
80368174
367270447
16089130
171282737
2719843222
1560740829110607873
1105617388383494150
340008765
1371666330265477126
709495244048486401
1564576357274861569
85923074
3217646565
1279435111516299266
85977181
1123036055576428544
258122827
1181321981469368320
1428330643344269320
1555491326904385538
1262286342
1283974774641827841
782008051066925057
3067730349
1041564949024268294
37719882
3298162567
1503413969217855488
1037107056644423680
959088513705799680
2854352729
119392115
1522213414726029313
14220748
15384035
1543622817379487744
163707938
289063916
1137761745899020288
26676610
160695280
1357788596896477186
1550599288950067204
1440604975311122434
51165664
1298373180348936194
201967265
838874351466397696
25042231
33704338
46762438
1392049081
801099001
3790859177
2999616009
1221256112843960321
3314337995
66662912
1306268457751674885
63784524
92010174
1120376289683214337
66140524
306273796
43711008
229209494
629133704
1102209510331027456
861382192953511936
121553203
1157403998
1452814888871550980
215596444
1116063488785485827
173957663
25932877
250877757
40071096
106906410
225968282
1089325133569896448
1308989283525591041
80628503
845952625
871248573349990400
756249216742227969
51323185
161078336
1334828263877865476
44300313
326369034
1462627982951002119
227444282
57090688
79717192
1553430449199906816
1528542656380424192
86781477
1233997482293649415
752576945448247300
182792084
55467929
822150796351537152
41981015
1959923005
2165665577
2557417559
736976767097929729
312810454
207624102
1469917943119101954
201442875
76763647
53164767
47656062
144336033
2445503825
15410917
942086743083438080
1298935844951199744
24222989
1224841207853015040
1365427084634521609
207588434
911441196
142463461
285270540
1487592626488586247
3707717895
172761653
75073489
428473800
848956139479998464
856322669591113729
1253134002921373696
51308825
106129983
211380678
77007693
1557473986296090630
25574151
1224101043602173958
21415271
717402837756547072
37793342
225208916
1514325833862766592
482978541
29441813
1065049571007627266
56210669
1361149541110738949
42983990
738484040882343941
64050487
36094042
242328233
56427275
976218408768417792
57525749
151726055
194934636
84174412
1197707770025435136
1329051085957427202
1421129787691651072
98967717
75305813
1402685269279711236
85502542
293634481
1098216519593545728
887433986355625990
431169973
1244414044536176640
1371294614834053124
157815165
263341227
967543489226518528
48588766
988779552246829056
150331201
282757771
41444151
159544024
268318846
730733100607668224
70708267
66432853
935009669428449281
118862552
3846334577
197906460
73962486
1002370145648603137
1117195053649276928
600263571
896787416664739841
69044546
780732649031606272
2836171253
1612985181664690176
1628758692848959490
1629540151973011458
262379118
51609735
268002576
54194322
14404522
86633648
58541236
985561948787036160
60360939
35315811
63057498
46977083
487995901
793197010564284416
1504931222895669248
69883294
16980730
3557223568
61035194
1532764930251886593
1269075256695762946
1245012505476378625
86258438
1477382056887869446
1117519924195409923
4892970573
53238085
103169020
45384117
15716894
39098467
35897335
219703517
43908609
979004334850666496
220542527
1599900797889814546
35540986
1481604052458917891
69938974
93882471
112488799
1059818709764792320
357975292
56372027
46478331
164796545
76257183
1207341338615853058
3232313901
1197587530406907912
1183080547855286274
35540017
1122482640727224325
276270452
240330105
47993209
173561489
52066918
30376292
220499849
48492119
71581273
576538113
1140045178432081920
86169162
1603791902
2323023811
893896843725295621
241733376
41464937
1326976983507611650
1267257185383460866
1255581539720716288
704333134507200512
1270845974626344960
87362302
56568412
1499362014023593984
1256096582
66169490
55105004
15667275
1412057031503122434
51867688
1257833108
195607016
193331243
1445712049879715844
49668165
313947284
94665847
2591269968
65566081
79796496
15564426
3724233975
71070228
1262835723872407557
36135219
1428115080571506696
95335083
1542332743190708235
76022404
214719930
53576525
100661892
1295755269931237376
32529669
1218604876286058498
2306707293
3140826667
1276381179151818759
3237120995
52485654
137155875
1295863982302134272
44980121
80086599
210516862
854919572146835456
25609364
100061522
82958591
1272907131293970442
94878293
135142887
889963208823500802
44208464
832847128997289984
52455406
47931439
943643949708775424
742931877615525890
188090798
3308760221
211017495
66282097
1258121460335423489
1521521058066710528
38357543
1134133705906315264
1255538999936122880
1431082488487624705
1052309906362179584
90466127
2412633505
128878537
1508840621888393221
1141060094366494726
778628746895130624
836256916284276736
77277417
1545736218725474305
163619103
77542681
1518584036884725760
61064934
122511235
3929009307
1422600060353794057
773521090731704320
276176639
84937672
801787814463553536
1350459986
2510767062
2792552630
19285159
68192000
218536507
1222288046114189317
1540462826258665472
18363920
1327761757
30791137
1531440582014517248
426804445
3777525737
214562966
40764712
126971811
1509471829743874049
55886961
1448045730963275783
234587322
32762520
79658855
52960171
56364274
70455854
4876971381
609530343
57918347
38065254
107768815
43096142
1163315982003265536
28356964
730962144766889984
16105544
15349705
295630469
232330396
157738403
921880394592608257
56099113
820440423315410944
1221261875415060480
863506989313384448
1452639834086981643
602416353
47343056
1353391255548538880
1510991448761675777
1543359476488601603
2993266983
52617899
52095465
321038151
1094726524572524545
35940234
40385012
169686358
86539609
1362572914286096387
290679015
59600399
506242212
1195840832844251138
36115763
67750503
1462249131733393409
2214807172
1624168244431970309
1092130485579513856
344523098
86298372
73490029
164890838
53276311
78608905
1611113017697095680
948972294814228480
49053242
1351739939906609155
418957939
56677037
1449424233826852868
199730252
1587123335091167234
96156758
305750238
217871086
48241841
64231534
2881265727
1493064968941539329
103806332
69569430
1165106379503362048
259377766
86765582
78718386
75185313
2324532745
55968440
42735836
1194339711722151936
14902215
166725130
1133737191581061121
158160208
1493009388994506752
3387282047
163874389
1112151467119513601
4039835303
1484263804187942912
1526642113873600512
14119329
1557171658766573568
49822406
227459988
1522580334000414727
32847062
1274464809317273600
1483449956119810050
1374901242678411270
198165966
57956355
235450909
70141650
201580498
1532848869092229120
1323866631701991425
961746473464496128
53102997
35070455
40088205
2234663687
1488928484554596356
223575078
62648137
980874983571361792
39328633
287238512
73493771
27499760
68443554
93904279
165188865
110132295
2739565150
1521711979605512192
37260278
45048058
1224719188671025153
69078402
1106262439539150850
192521401
1482414715791941639
73235284
75348976
1407462867608162306
131129331
47428085
395241923
54688035
228101035
881958460920930304
893237634
466655719
55571760
806469859794124803
1252436219956547584
15165399
229697786
770975169347194882
252710934
73933492
1264686172497985536
722429441205514240
611773032
1444992257363480577
2286818052
168790484
995844024715096064
784677660
1021033572352905216
1541574916537044994
56851995
30923447
1531397277486555137
9182452
988972977139212288
166634136
115259320
590961428
1289349609308004357
90749568
120163687
1260035746351558656
267914367
56713034
1451660294464409600
1636675382538641408
43231417
1577102721580208128
79121681
803773664097431552
1478014705755209728
775741079798816768
67362141
159931473
163312074
41524854
1263270040301973505
719427905760202752
3028453235
95775546
275815104
1490449027627995136
990059640296747009
1412504344486944771
1414772478128361478
1239395870740791297
50696354
1187698723406667777
3733164255
89255134
1468406969715339264
995042292863029248
1179834806982631424
345082308
218616289
991286517153792000
357089104
1630756729
79786546
339183004
53930102
57203380
1034305670554824704
236379742
199706558
282299390
63511508
205424578
1073893430810607621
871914170723307522
2949333663
70763776
61902292
1389400254554988545
1352620302149292037
96230938
212382294
107439139
36221874
70029376
4701824052
163563367
99162230
3318379511
