1255555287160885249
1103370507070726144
70837769
1420927006535995398
870474327795396611
1902239490
162937441
56372027
1065396546651504641
1496910048580222979
848205260451696641
1328140899063369733
1272316330964910083
2237610920
1521625431639736320
1410683573359845378
107439139
57919608
56199419
350726512
182454164
27008217
1117223651294830594
294946677
3007828336
68442292
1245812428560109571
1015302215752409094
1179823147496943617
1445743452004618245
51581270
1291700945542352898
1528842277153538049
233592511
1537882972359041029
2356629355
21189671
1171172654881153029
310289274
70416399
128030175
1104012963831255040
52712019
884937658908254210
35331454
10164502
203973686
2832089416
67895112
44408875
76742645
325801796
146231633
158874220
42498771
22248152
34682679
704815295207247872
64405389
1476023289789222915
64808395
1537989315992596487
65547548
2662408269
161406010
183752983
74863129
120956551
219114916
1343031721445511169
55970374
14503489
312202483
752144484
45386443
66809146
940303042687184896
423777834
826524788592111616
771502403543859204
1132133699741454337
1281678065505046529
1708851235
97442260
166298211
421258780
123596334
15430166
58068140
86137639
21415271
758767661417369600
95634637
109049442
70858593
63830471
142463461
795994087275069441
29236536
149226398
706629892
9624062
118216472
118876845
151581569
85977181
71576055
14287669
53202504
1531819312004071424
256243852
56851995
166634136
899771594
595094258
68469911
28884968
241303038
1531101933238353921
1464931280387285000
43214045
829360890944315392
764551507459137536
59182311
70118592
61865373
74256272
51421519
1055661643
240814091
41709648
1506435593160515584
59619515
84686031
89255134
115146921
1478920540287123458
1136753930426302465
1080232250015469575
17897411
52500909
38993755
147712554
3724233975
248824571
37153305
91267816
21308064
1480278191835123725
1197158166242484225
2741167558
113214662
1139560171351552024
56099113
3092453777
423985972
402715144
1128715163920683008
1253402389761187842
1371482947447103489
1054933626138320898
1260097627
1498975267641081860
44726232
166047048
52776798
114581418
887001273639337985
1449752296930349060
104311824
3288782332
44728722
79586277
169254972
56610486
179284515
141986100
46471110
1125789262505443328
1508582235393380355
88499540
1157495064899309568
1519634734497865728
64258447
15165399
1493064968941539329
14177719
1093821546454503424
44300313
2283779741
39899805
201700688
2214807172
878438230709985280
62695011
14244243
175506461
53554742
83552557
44820424
36038599
1222348988499841026
48910046
193297585
713415429029552129
32576405
134131362
58852093
20050633
985588112964444161
1330890740105424898
1409978141993472005
2267384157
1005823371144318977
2306707293
81593903
205038431
1449486951254564870
900908930766950400
57110248
66026648
58568474
1636516825
39936067
323610109
245975911
188454784
92319897
228566400
1532924447560278023
206350524
711657166105608192
442091768
31280404
14425224
2222657409
1246072929772646401
1213846556203315202
1061941299966820352
210170358
22027802
316776058
58327136
3292622114
1376521396466106374
1258434290708361218
16395684
270125976
36701180
1157005495808471040
1530236395645698048
715579136186646528
1463231171798601728
3298162567
139744894
749062187927343105
79096440
476481432
56398558
1426005706608627712
887758911301984256
223291002
8478452
71336251
56936324
121582563
446677875
948319347415625728
1481627729489502208
408457562
1093990391609786369
23216247
1059736961307545602
1378383842
4054521147
394371523
783376800
327436826
111081152
1144194076604084225
46538982
22440470
15842473
346293124
857034614
107751126
235330615
189671053
1213125384671092737
102336556
871205698637631488
1481246919322128386
786605338757693441
46813368
1540183284
71117808
1278086798619684869
54302566
37257701
1521996680496885761
98659030
1466285275655593984
848004029049450496
28916466
257928694
1220064293531586560
964197306026340353
1483448892582776843
1474169485137428480
46722019
26815618
824106421
45705838
14220748
271961594
269015899
1416418679038808069
17243277
1051164361044230144
1265649820225753089
53576525
9358142
302304713
339046495
54741389
307559749
790632315038859264
1507503673479507973
796154275369992192
8170142
1532443738416594952
36144378
3084579605
16213654
141266879
1392225640779235328
36504411
1141338625545822209
836973019440500736
517086055
201442875
4006431749
39526445
902836411
170798680
1082681285070475265
2779791875
293508899
50851280
113223886
60609151
1146576586294079489
78099686
933396385323503627
1533044572678410240
56872052
804123910883201024
1253795222024335369
333542165
1340742600303779841
944100184216260608
1422736335035633668
372591661
28926868
1229203340095115264
59521618
155392604
68855739
20743783
234036183
71890905
316775437
1447998003600572416
106906410
3677478933
4914235151
1225265225420677120
55483002
1361821886104092682
161011487
135692805
38532553
1212344768677548032
1152343833600040965
879346643971317761
53535856
2845855215
54917244
1183394074528813056
758424
2777309558
2482802367
73490029
209685597
61940367
932739793133428736
4919229467
337596942
230378182
102160355
79717192
1025802635595722759
1270401689225498624
1402685269279711236
55739341
2294187917
148870532
1473812846203093002
961407326384254977
39878749
304089212
73493771
866378538
55344195
191504866
66410762
52161737
827846581
57256655
97192330
1135656600503496704
1440462452483784712
2435991541
754527585682518020
1920713750
3612971357
64058721
22738737
13124602
4159721333
38582076
1094726524572524545
1360460182363512834
48012522
19474391
62310110
147770692
294960743
137093529
1178112799853158400
340607720
1448698943802593289
1406332455959810048
134858135
18161004
24701343
1085642720381685761
97440781
1324407386656878595
14409620
64312788
28318414
1253504226208161793
210258990
27279878
1495837679715590145
890331992063176709
154350254
34490269
22402665
1345186936399532032
329593223
440380027
44948170
49480741
159584853
1527622803582857216
66826639
425829392
330524658
198720937
1064732972602003458
785575500
735015342909558784
973894061965873152
39942908
19285159
58921547
193498856
904906569061715968
1243862365457854465
2290230883
1479200513375846408
3030888600
1053315827481698310
48428116
498454194
30877806
1023746093216149504
89705791
30088269
93294126
28182817
1523447065417764874
2814078961
1448969742367268879
30488590
2845836791
1483930638696816641
817475179886551040
11886932
16329707
999795302054834176
83594684
1518721699188985858
78632358
46726346
1504585103674118162
1420869957609574401
1528126280
626237487
23067792
1492839562967760900
91025970
35614608
2787216415
56618025
64631305
2902371155
567251824
67092014
51644295
981327172156747776
1127989784792772608
1497317681388830727
67700289
546230403
791336391061954564
1173695596647071744
78997743
143766110
42526676
1347931010
863525270
41952430
137547006
1196954018
738143559920934912
45937238
1435573528259174405
737805622293450754
1530654401483923458
47748246
844220813091979264
280564402
437693122
372822636
324175715
1518174572490731520
3353838321
96099845
290743517
1020414994356342790
29287336
58695983
74832838
836084679002447873
3127024384
1390016160918294529
2965095953
1832686855
207600220
153008689
342815291
100596591
249916641
14357628
73002111
42780815
433798428
1603738214
1380409624193536001
2902560759
1152750511214530560
3077478619
529782077
120288460
4892579111
105734289
75453864
167092600
20620960
220990073
1130624375567409152
1045992231323291648
3400127927
4405880068
787162009817186304
1542261803018764289
965045900237266945
2616826602
75682110
14813467
56182140
36221763
183451681
41730591
54065651
25520209
1165343282806870016
285563242
131594115
53587588
58608290
490369349
156232511
179141510
80051818
1494447863505510405
1275608000
2761522935
1383869697972572164
1351335583377985538
1441770051263078402
1522220757035589633
1279141399
1093182209509548033
153612929
66514992
3352471043
901138488
1521085063911383041
76481710
118131551
1471885362104524800
932900692762808320
69044546
128124649
73209321
1267203050260873216
1898283902
342932070
1518803242360217600
55940675
73770504
427046764
373428651
1004873757423538176
39304470
3293747450
129710596
1460821262217981954
541023686
76257183
13821652
26542481
27085478
64727308
22530598
994078717059231750
54104128
95393109
33384655
73752984
4286004615
1509117660168077320
2469896996
103747749
206017579
1239217416066007040
67202036
172040378
3217646565
1220180956922941440
73316206
940964684110401538
3767085557
47145872
51931982
66418901
1431574572915113985
617226709
1458452998255005699
277347783
1473883084428828672
216420493
70210944
53692613
167597372
1542479453938499587
1487695198104739847
83494348
1500636171344429057
52805226
46825412
1356393730295652353
57203676
186612406
42887838
4531446436
2257352207
1241429450518081537
34779125
278856202
220499849
35540017
86155764
213769407
188095283
1021033572352905216
1349071008188293121
1245707282081632256
25466952
1217118279686336512
16334980
1540377865992212480
60093153
1399392217907798017
12708372
36541089
37242569
1478206907999477762
385643438
82998437
707940941164900352
15307963
103690124
203809353
15232760
1273073085994930178
115102624
1113611496230092800
40512975
34123254
38977827
4847311443
960197635650084865
65918145
41871386
1205986655741628416
1159992440243347456
849401943726460928
3327179547
759584141142847488
25042231
1103140138530553856
1066708147098787841
2316924338
97047212
28670740
60612357
44498007
81202667
51776863
960898854072840193
44418941
1239040876334243840
211921444
1114248194618269696
1279039935136370690
1372212344466575365
1048934876869799936
1433224212
1120376289683214337
44353178
282635670
955154527778418688
39366339
45940626
1436660029
954771973338550272
38700760
1354962864839270413
81013744
19594520
3431857613
1059818709764792320
61324336
808333765760192512
1105625869702311937
45447020
1057820388460281858
459068565
254807654
903355734477467651
1494717321922949129
1239314725713981442
281769866
1170490477
55968440
19255451
19826881
16739523
63864497
1389647978311344132
65805485
1518908815009329156
187646536
73510403
35225318
65784888
273041707
70849228
1465381054479572992
310559159
808481974927114240
77532217
1078032946802712576
1098568831012925441
247016837
52823368
1285395012088365056
1068572096744357893
40545750
1031040359466446848
1246170071141138432
3215206503
780221852639698945
2167390714
18071834
1324371554248101888
1109518473863069696
740914935157432321
1460123563961237505
1126437949
63489881
751619877673263104
55987157
1526036952256024578
186908328
386805757
1499317125370073089
1534649849370529792
195880217
131401034
1272336495144251392
140294783
82940267
154969301
33885029
78158660
973172809
68058272
44401191
54928631
61211873
55704699
736511804323581952
15320258
286215717
1479836968359972872
1434564571289772036
182654872
1495726521746661376
356978482
948336413958922241
348077645
1025497565301809154
61926981
161326582
956447000
177703223
16631711
21242707
754073900942659585
71581273
738484040882343941
2857985626
221759428
1420221258768211970
811024642592899073
34693683
1533182912799072256
144811662
159167485
966440447131430912
428984388
35291115
95519933
53091306
1430363674309533700
23974117
1420404914027732997
762464802769809408
214291275
1419145668271161345
14291626
1440803859627003915
1608871488
774469015
387053377
394404431
1225819738791645186
1297387419256393728
395689514
620196212
924785475881234432
374777951
906138272669327360
3901440928
1531190122871410688
3221804110
55765588
746487584730251264
25932877
1249484497311027200
18346652
52363865
1241921360718434305
239427695
323631766
1029899068846354435
986660752441389057
35334545
1071373602950430721
19571230
41947182
111377606
1002748110643310593
29837396
25835736
72369137
46799765
41694143
95433357
98635882
2232187723
3386584791
202899699
46101147
1273461683034480641
19144843
208823732
31020063
340698938
345311598
56807544
969734180480475137
84822352
3291345878
1268396296479617026
56416020
106129983
351103760
1415135175235756032
101355768
1549123820
16675154
1522038840701353991
33714982
495467091
1305924787
35070455
1058318048862572545
1311079838678220805
848956139479998464
42555808
171282737
5815152
114909944
253338214
3092372237
17432419
1533041370239311873
97005665
25493900
73235284
14119329
79796496
469589381
1492066052846637056
1535036103035703318
16888542
1316890925117865990
73372157
333118437
808885835806502912
499147484
35052013
38747650
40071096
51505789
30495186
3192715942
420221172
97758287
3864453645
383297039
81660951
392338991
1471605315024138243
560456625
41444151
53347651
1242835350701170688
59869334
233383596
599516451
1094712207118610432
979942389619011584
1538818370673463296
188090798
15735007
59214302
1387235615054389251
235288794
205794312
1428141651688558596
251843010
48894843
23876129
84072862
1411382834888052741
1264023381323788290
505334289
133426384
1571000250
4025043988
1041139561496104960
1921542686
45717924
1246100109588340736
2155770244
10395172
872638836001648640
1262870765143195652
49053242
862751712356036612
930817103946571777
58030636
1038158083
81270451
23361346
27852054
22999846
1249540554393661445
1509648853707935754
21341906
1449925037285380097
14933354
94602545
1246774681
1277396396040208385
64020867
1288528142555066372
1490313185806667780
1162332787183144961
8644932
31150678
33887545
102758105
17331476
92360767
25708162
107799831
238767519
73519574
1295119697055285248
935247710
1258334423818305536
1359672332990701571
321463706
1530266753875443712
291876364
85892521
15453801
1436425647577047060
1418929063515803653
137777595
4149435927
16339549
1195407769
20508939
913255742
82206849
250659694
240063567
73537729
1308989283525591041
340461710
46291446
11351602
725521010926170112
142845822
108386826
193018446
151564993
35951717
1009874693183229952
1482417351316447234
1643771118
726163659286810624
1099992315693883397
954466458
1211824460010905601
43685651
1518773834232520710
57011237
257170206
224218023
152337601
1147977986198712321
126797033
1503202991381299201
1537666821754585088
849091821724684288
82141753
1339390356945858563
1286002226
56880247
31244120
145057923
714841520621416453
1231049231877779456
1870066297
88266473
745397716394610688
3403114755
2855624458
1558512795485982720
1532042680900927494
97040998
51884947
164781069
33654540
490691138
53748964
1459796767
58318482
1528880868185473030
4058266367
1429659903543713796
750812062708854784
275671461
1558477287728848897
407054185
1214661255451021312
796248562116005888
172040651
1421505300784373771
51297628
73698394
3054464278
757203159966244864
1099234970
633432583
346720185
38235799
22288598
1498699153848819717
176943108
1566145546858938368
70224139
793259180299849728
2991833872
1268908126390140929
140257044
1494481647076618241
1211186091174199296
69185502
83720016
16096053
1388336544046518276
33376070
1080189918171795457
19302351
300491185
34967175
106277093
1515105811210678276
828293917728714758
2554039738
1410833229142183939
1474013297980624897
19195366
188493873
1254289295575261185
1336860080273285120
76293572
50677247
62274216
160585173
47324281
990067652315045888
27921417
133532949
1552021886183301127
54436174
1025878470830813190
129047575
1249758495374807042
236769570
83714348
1016650526
1507361530022670369
32441166
1498112098538246144
1115911847524347904
59934756
35831308
1564852382307082243
501177937
27796406
99162230
1356402359501467648
556284030
65525732
62534289
1495404615659139076
1379408202605936640
112488799
167105406
65781145
2760851937
1420369888670011393
32669427
1386108925037187073
307360471
333376246
1440842838346895365
176907195
48371507
86858140
815100174284587008
1315536198560083970
164084968
137214269
111098819
33978354
341989719
1518729618009821184
3390923188
24967587
128226659
33309399
1478660359
248353769
2323707627
131050590
1347077785
23961187
52960171
40904407
57161717
1101575305
18682419
26509116
152447348
270530303
86765582
935423977
1351986808897286146
200215467
207802615
1347032268905324545
1053938018
922266755594104833
1115409787620139009
27566436
739824581112942592
916711308124479488
323219591
1354128421492830208
591311048
39105330
1174046988
2429206439
1488517548513677312
1064025218
1516925880425140224
1301428744243077120
1306393872801693697
480496876
740922267199242240
1231403862461906944
102733255
1494002015785082886
8532682
1069795469285572608
41910049
1470993342532042752
70946422
79076088
99001288
576198257
1245196636994879489
3378284044
1485801195566415872
1860469549
882668058
1306043200252116992
1440875438868516864
36289190
145880499
2820494541
51884308
1556791861519458305
107700921
363953959
170190923
61109931
43156886
67648961
125825848
1121631714382503937
1226381700168474624
68189371
51810728
1519662321102209024
1687330716
1183280252325453824
822929250437177345
1339305917158989825
290737036
1058570406175694848
64550233
776422210630250496
1518606114597871617
1462057532348944388
36764360
305758981
3990209381
934879761956065281
3291424611
790449313
1463385409338023941
107866461
1301041602
1107437488279379968
1288161986396725248
53179056
111400798
58759505
1264351463326789634
1681894717
427074908
1267645293761368067
119103924
843616776
1472395025166352391
41614620
47107831
3634982781
86360922
1512990917036228610
1317688433448570880
1452476314569564162
36786658
488580912
96413099
1463438926232887299
1321152828153466883
907308025777713156
3033714922
92010174
477313835
3350065960
513468715
2762393855
1477798897829482503
1530249863732023303
1311782606715879428
1526240047967649794
8539842
117573476
1392544454964391937
1306169005
511076026
158075053
999003391350239234
43711008
43572875
322897508
994944322071158784
1282773009032523776
258560137
42673823
824268093514018816
54459099
629649182
363380766
254618402
35072625
459339349
963092211574374400
1265768947145748481
74509321
14502791
159488740
14963281
32411283
899658002353049600
70390718
1173120599553728512
69362233
142325755
94665847
66762270
1053047276191600647
1032034705
52058931
2645598697
280194491
14375797
1265455117677060101
1353296696629997569
550611367
55860560
15349705
1485704671490625542
29353616
703557068851175424
1402755253431410694
142888914
753002788645462020
39267584
2614388485
45186452
558285110
1332875427745046528
60938683
783343325956956161
734422750677336066
2593187235
1304035186049515521
1250070596211412993
109218520
238682030
1267864783216357377
4800173699
1248976625414348801
51929469
25617433
70592112
1394120169040105473
854163785740890112
1328357206388051968
2768252228
1241361839193276419
2510988508
193777167
64785602
1487875807485874178
334403478
1559201715269865474
1385751628536549377
903282272232775680
13363792
1498191826771226628
214039240
2844684328
1274706302468534273
10888272
189605798
1361531705908166657
2418931665
1212798017822003200
304665406
328589417
1509156497229549570
743530012347871232
92743535
1313289230844657664
41607713
1385336377580130312
707239627795652608
1567466792011943936
1049146920218906624
165588728
38261347
125204898
1546550994573709313
1027408500547305472
804026479705260033
800773820390903810
1556637231166767104
190088556
4664550088
63124376
1358776060935036930
968336281590812678
554685441
15693526
1019216636631449600
370127427
1558428703494914048
1024189116
1122876940921319424
3087311420
1306372187683684352
178093732
61348874
2792441634
1145127900146012163
2709871813
1147742425957511169
1475008960067477505
793471639732322304
53847753
1539312273545732097
815177941030150144
30216274
3063973636
48157520
353277600
51603888
804385420717002754
1104757533661642753
243790783
36407318
103842719
90200692
1129615202171932674
92860498
1015674993437487105
85870759
41054443
975344465178226688
38723883
19049053
376837373
1117533556098707460
2976952390
29441813
189940069
19996223
263212804
53490283
232641522
140182258
2546047654
93163464
3572574796
1461236175323250689
107161903
136814860
107427568
1585851084
4495105456
62794628
391892484
238771880
65397144
58018976
37949658
4896135069
272803676
162407237
126062040
147603885
40696156
333827176
1251827732117442561
93988861
68795532
40331577
53858070
453190933
218510749
29709905
52866878
2691508008
21922208
1090022231927914497
43910713
826106821232439298
2765176287
919764768952602624
168732838
33085798
49410333
3093809605
75809303
164142088
279638397
222348795
1480531901525995528
86412995
1245840775239344129
75778819
198614199
92597881
339231229
226338570
176251202
57460376
1184086609
889532030140260352
69727079
98798465
3670019717
1222524285505495040
1132127652310134786
173303902
596894572
105908157
1532821666962845697
67417426
114826954
827869341261713408
468478772
386302895
82773144
1257054706297376770
618716217
15426151
1295755269931237376
1175214437877342208
1464042741604696065
296221903
52541908
77797364
1295762514580512777
99023218
1301602331105071104
1485396487781634055
3416908168
57426634
154944239
91923361
353850703
32239621
1464696274402349056
4902746915
2170919536
751798634149273600
1005827774316208128
1530968411068674048
1057477769347719169
965290526978256896
226290623
57164481
53150995
1365429656963416069
1503279399537414149
54984414
1385312082694918145
232342745
468830774
1392922625010176001
28210390
95104772
193108625
221202313
930572125412446208
1046084953736384517
57736228
3353497102
74547371
3347136850
53276311
806193584340946945
200578823
393593171
1493033250280853508
1287931
32762520
855117284
190316221
783255681830879232
2320048059
135307268
714633397
1212404010876977152
133591184
277512318
102064843
14712922
1881546590
1227268145016135681
848753921308975104
48412931
4699948116
2984844466
729505869604528128
14579710
260705759
45672052
38227599
99779295
14959947
53480040
79825464
93007074
1476015440430309378
255215865
92736072
48102389
1375257418410684416
155285158
933355661018238976
344356076
89012683
22817930
1462915411121295360
782008051066925057
264321736
1143691272483422208
1390626922309332999
44159180
1138450853415796737
3081857504
335629919
145029109
15860844
87503852
49061969
160339897
230560129
263721734
535978923
495563042
1545571816760025088
14511424
857624090936528898
15410917
1212699621618675713
1116472348775940097
117833930
119936380
2200228926
183457182
75471043
182792084
43018674
153625114
875193215439302656
115523358
1236492028688678912
172412865
148573210
56800115
1417608163306754052
1199043912905703424
109943140
104609142
23823514
117241185
1248470150531047426
52518853
121615371
342962957
502101731
553975931
38767777
419191833
62271451
2384062774
1435083142566662144
3647892013
129715407
1133924303022505985
491279660
1372374870743465987
1632947066946170880
22576338
2331262363
1622382767316078593
57531053
1420685141488377858
37035780
181289811
3304788790
893896843725295621
1632895159456210944
1569030587301625857
1070526128710971393
72641789
4091483601
1637990085768404992
18194198
113716022
2803840326
48359963
1504933895606779912
3304853501
109258719
1016051140805451776
1542621577468067842
53755255
1075223674909806592
1408518585417449495
1533958982552932352
456176493
2478672440
1362868909603516423
965080261489778688
1630927946306273282
2787995235
1494954742128295937
1491265884656226305
1130479992603914246
1534124881239056384
2588593261
181009118
616677851
3862466674
24224873
1634699028280614913
116598084
2600022738
988869039341621249
860698105024573440
51895724
2811297208
3293388366
138077345
174500684
1388204049690992641
1507390303363235841
32130620
306273796
600718851
54603026
719130551
479443694
1463663329
3003879335
54194322
214342784
1928180365
42290297
1397894120413216769
2484199258
938203191002521600
1571154109
22283171
1043736003222089728
4261346255
108984404
871914170723307522
4149390621
262875011
3263688339
288605309
1532733932210380800
1374904291044044804
236733243
89579386
4098593457
59911043
176874944
2838271294
1376625199823605761
163707938
57837367
1592643384
1521666931857756164
1534192004892082178
1416817676438151169
202915736
22198661
64801033
518222235
150731967
1443641479604457477
415139771
6650952
1461508130483888138
868180681
700666464416563201
438562024
63268235
1356043043703566342
134296661
1081599830307336192
342521028
1457112093929443331
339238189
2665772697
1417117753207574530
210188018
201285499
1458366603867918341
710871742483447808
52792563
4539340275
105962343
637385447
123998132
199867116
73929607
1544128266398728192
1497281568305524743
1511557194910777346
134360121
16894066
3351795407
1331275738507513857
60140015
1274917361489973262
1445204575053561861
43351341
3837107379
1436345900436185108
65138908
84745342
66024631
1603308822
287863480
501339977
132959427
1385468149
996425419212632065
47736086
183806396
920796612775079936
1488169938812608514
473108403
369175386
8519262
74835944
919973147545423872
219675162
1307682617807036416
1389835867422957568
178349953
35546360
2533118216
1929283104
1416877338
120498244
1443399233260986371
2626184883
61667712
1351653758372077579
35779136
146918505
30354784
55298352
13784872
956199676579020805
1592561689
1547676697952079873
724537111
19980637
30239202
988972977139212288
766167621637115904
59038937
58612085
34295804
53371678
36417316
30232023
186620900
328814471
841722289431425024
1774278259
72096074
29923156
1353391255548538880
265712634
36146495
723548764980580352
941526010297757696
137155875
357684950
46890707
1628375293
1057687559101448192
100652561
979817201749430272
80376458
1498805852869902339
66674880
212774211
1505145265292025863
200486859
113444196
1168594847848128512
3460835668
1280481816756043776
231611740
1433149665382387722
163993521
15591680
493215182
1542376893428662276
959441345898274816
1411722531556495361
594143058
1540474363618656256
8205502
269594317
363702734
988606353253044230
68819250
40125120
302741662
9336242
90533220
1629275874
41395586
18688345
3895920743
717718714041425920
289063916
41647014
1170377061619421186
29732635
58541013
16319527
4800229121
134757283
49173541
417364479
942766036302139392
84378965
217871086
1549735293498056704
37750864
1924942369
318853812
64170908
61677491
22857872
156574480
76580569
1115033743830462465
41958045
2200531928
1173536563491483648
18464533
15883476
16499557
1181321981469368320
1549373798931218434
1478573286443393032
703961955623706624
1515083686601019396
201580498
1159613078243356672
49166598
1336709035199000577
43370903
1360988272860741645
82927105
2871367863
38965217
1347944673327931398
17624650
66140524
97034316
88919496
293697029
277757351
1338558762240585729
1488334525147107332
17724563
1389805043419865088
991436862
244191825
340470755
1427660256
1489681096681926663
803065335008075776
45691554
173703430
1194245002815246336
2948921992
84311447
1388721103288381442
60825984
739997909651980288
313195811
1268361139802472451
34032476
1510725209904627712
29720850
2516816096
133689922
201967265
115109126
827301576142372864
1507070421564276739
52560164
65717982
57197799
56209684
1371156315427516416
21232907
267507997
126127543
217919493
3363305764
7619202
841642110
1039271264299479040
60342351
74767817
24214391
226364858
1161961828219596800
282741749
47600649
1414561061626318851
1558298244882616322
1559247489886310402
910956622855499777
21344120
1157006127076450310
719427905760202752
1287939869269020672
3054054091
1536051315029250049
335605267
1250579729813508097
88296115
1099784229733523456
62795891
2193437699
76102152
265454363
155421066
1487524997086289928
1270899868584771584
2155643814
745059027214798848
913181504
56230286
1268243100352360449
904864150672814081
163686818
96609758
1189629461580398593
42441379
1175590530568392704
925491994985713664
84614167
1166909016456519680
76193135
2596070235
39789302
1014174368
1058034301428752384
839106743993004032
176224662
66741935
1538272366542958592
1192523464785190912
833523918
194192990
329216752
15431528
2824449880
265059525
56502934
37320725
53778420
311167941
59212536
1455339546
244317650
70573414
1329823177065844738
219322997
579387724
1216774540434558977
276270452
1287365907531149314
103839822
23822021
1245783719392272385
67621724
1576464876
925864299289079815
1333753094786740226
8151272
983761072644648960
94873433
288826231
1194935451502686208
136349177
55603858
1544121585631625217
2364028378
1219667485571633153
1243056033897099265
1523853003366801409
118925906
45462135
6049592
29120161
978807356
852939428083507201
1284264972588122112
17148579
42015049
239971700
42655212
110203313
1094444939855958016
88915753
980443530
1326946766583951360
1212123042
1386369497993469953
1552856239041912832
30095231
858527060784013312
996559222224670722
131146407
70779321
981699021038346240
1350044105494196227
49627554
32847062
18293936
2357908862
53689025
1332019271589900303
1108822381810909184
76022404
68444695
1301909192408797184
992025504344616960
264483223
2421474028
63221152
3244756949
255110018
1503782209433522179
1062442246329507841
3043882534
22134912
1064740464199385088
14358495
1309515249788358659
87840239
1280589535
94878293
43621281
3405484779
91840976
131994647
1541074900483543040
60152097
795982887485112320
258571765
42085048
425264201
234401841
1533342603890020353
10419162
1517258608207138816
234948698
2784967459
936313575190253568
175635711
1254240676759339008
292372208
90423509
1538600576010833921
950761322
3314337995
1479958136387739649
54378874
30021167
344692068
1234186072873144320
30665536
1415422772008951817
891737816312545280
1255154188448759811
1195533468530348032
1357064181686673414
100795567
3668579674
430820551
23159524
15171946
69261819
82940542
1242970609413488641
51092517
1423803319416393729
922660494388944897
1293807271114309633
938465472483295232
35918944
289045959
357561011
170497442
105297854
724693836694478848
1180135589083058177
1195012369203814402
42265302
131378013
1523626417271021568
27412034
26676610
25764624
1444730024150634502
69350515
1527419082668134418
1027288927
3526560147
1525572201675636736
1508091205237850122
1466141403851939842
1003959042
1251740137161097216
2883863500
39886454
137863193
838554367749992450
1714257794
1378922957389586432
21364520
108998279
133778741
1442581002849697796
132909997
57748745
3359660939
25498696
2458074318
51707978
42139769
112761448
97924015
921364987129532417
879859952411697152
280665821
562107096
247395813
1282760525110284290
2582573880
389212885
2828720748
1369439714567151617
76125018
3131087933
543022239
4852025597
871924376979091456
48891120
1476740176403738642
190021456
1270868628771164163
18337721
1445072752269053961
171247382
316101473
13821762
1168694055674494983
53073948
844795950
185707912
961261951656525824
712803270155235328
2831916673
1483375486067789825
3375033544
205941486
3188494979
1241912348
282233315
26810678
109890007
562411483
1217964622420041729
3674847135
877523169724256256
89356585
36094818
48053267
84943406
41893942
40969936
90162935
1365422687254966287
1251166912492515328
16564364
66011751
1105272328118829056
1503767011087769610
198015102
36748548
58950809
36790125
174018718
27705450
1260207099121975296
310355009
423635618
191430081
91801244
20928380
82076764
1245716152204091397
1208948288411652097
22778262
30705548
51405210
24748485
4853982353
63214948
32085013
40499133
24007096
45199043
157508037
1083493813379891200
138257731
2879952796
49959610
143919568
1959923005
1278881541079404548
27991603
839858300
257697116
1514266592686886919
1524591262468296704
192209339
1441202399566172175
386768062
94805811
36097495
1512420948854587399
426758236
91357323
1494332346132172806
302868986
886232838458269697
48163162
1526109103579340801
1013082988257607682
267835768
65201001
1526024866234785792
991306440123052033
60721389
927973661490937867
1207088969940373504
60835959
1464020453417177095
239063669
1266075811
60499246
836853949982474242
1508930699109277700
104132815
959088513705799680
1274229214183673856
701497794192867329
70233198
859765579263217664
607737998
172561008
3226244945
1110113376485736448
46528694
1505616894572863500
67488292
168387898
1520910193189699584
67410130
1681248800
1391178534903853057
88183624
63276974
975380839621160961
249738113
1010363083678736386
173293777
276322306
108716651
108047567
75601942
517391200
1518262526215131136
1447257350964920326
49883959
35315811
937348196921114624
25189974
1356777480976293888
266106172
1242746868167323648
35826742
263279947
177002411
4060870401
415073795
2494016282
27946660
1564602214903152640
2723241508
19666641
730801006993379329
333140636
1445154982483931143
1201885955696803840
2434585227
147396220
1172964489609830401
1979471402
120232954
15456487
30269265
571283666
1195880948
1233146291242373121
52482917
1520868378722062336
50527070
1452040736770232323
1362122185
1128083001227841543
51865310
1568246693543518209
69343364
1452639834086981643
1508885249790521345
826601012047773696
1156793714133610497
1016287909052321792
155278789
55380057
1363964407974400004
986035579363184640
386233399
127613961
1372533702
19907731
334420134
25348322
1563381736100098048
96025958
715184289390936065
714842228951289857
51414361
1294272054339010560
990748479717855233
1520730994227265538
187534081
159041171
147034786
1500626959092625408
67932768
819111355743686656
234034704
1537788153636978689
1082868741329862657
1090667224585646085
1195679352
91239604
55669462
224491569
1245762769791705090
1254905639274512384
1395768503244894217
142869840
70789487
218809012
405779831
1044891958781636609
41847724
1359100963890597889
3253979573
71051028
825337360292442116
2349120268
15531379
1225523075409686539
908153695082250240
306292250
96581197
53195346
279854727
14957446
1218263233590710273
1319092576792739841
1287167909215776774
107445075
956813707111288838
95570788
1369019655898140677
790548684639506432
90463311
174282081
304147865
1376774174090395648
1495521516255162369
1245085182924898304
465149307
47979566
344294679
215158693
187166831
29108764
1012570541671280640
79331915
55224925
92314473
1012382418580492288
961421094
764161485002141696
85202969
768041503
34091544
1348364717904060421
44544056
989111109692076033
886329618470457344
816966605880127489
35134428
85361349
1333739163460448256
332965780
1256442720043876352
57428241
295429605
17626269
61071393
14392544
26612847
190312750
61001887
255288790
1461172942063255552
214292151
1268557713744723968
1459151632965554177
120614967
102879087
1343522240810377216
1167599116664414208
33290764
49836909
9263792
59157108
40771768
1290712371502239746
792430644727021568
72165171
68971200
825586580186349568
1477008642545262592
58274902
28273980
176096659
66219686
1487622984668000259
339183004
1213595685573914624
1158335432087805953
127625246
102229801
59916086
27227178
389141081
1360212608515792897
34264727
1455234068812111883
1525656082852499456
47395147
85382677
312966352
90432796
1121401968604450816
1334380574367223809
82268715
162424619
1519394952366727169
2234663687
36060786
41333790
42611569
1496866620748279811
69883294
109695751
1247724960128421889
1496469422646644736
216945561
10668022
1235407225327403011
1438951354375053314
66571468
1528131399806509056
49502064
71909361
18897424
4165204126
50685024
1235299345374867456
18633022
1485669535105667072
37339121
298083501
77075881
1270899980228837377
549251149
52575349
1130249719555481600
1002026651193085953
248220577
158107810
1350230485117628420
14861303
1007399730375249920
1460374697502298121
1247350118992547844
2597054599
29207630
273150222
727083578278993920
1275864303741083649
233288755
58580471
300574830
1298076561204101121
42233816
1350914461696143363
1123020497011269632
420277730
165087913
96619887
2876027770
223352198
927306363776184325
61178974
54112279
17584909
119695079
144306668
43420548
243783271
58764406
31614794
55415301
257719071
262381291
55681163
47993209
1002411981448663040
1654214846
1489776655384129538
125064987
1446468470632288258
934414189355044864
49050724
1192496829503623168
853744367747596288
35468024
23166886
42512093
1154583863043207168
42452206
58869996
1242073151850319876
75202923
55237067
362464136
1219384348824215552
1394653443340517376
833482429478404096
3308325051
115143622
261966748
1247189076224212995
81700356
2953014478
1167916600680431616
1147602356483383296
4374669501
27947163
1313247441374900224
1499345462742110210
1041803646667767809
210658994
445624354
703223240907476992
56835757
266310080
93409913
3070899617
756249216742227969
1505692239904784384
46576649
91826819
1247969042234773505
111467503
291913362
42027444
195580657
1095311701094871041
304668411
303478419
176230615
55427278
84655033
169735732
138587418
55718379
1052299980369735681
1263356412241084416
68737051
553554326
86780048
65444393
43539880
3300536362
1438582517829971978
34118957
103958224
197863738
2177060390
1285788053697699843
18319377
46202442
75147579
78608905
138312243
1517314916138508290
1391233893064392704
997954268786319360
60154354
1146228544764305409
146193954
14574948
1176313027974615040
273781660
95905414
106761409
206211298
1478401458173358082
26489334
116864933
62376183
156455938
17423994
597961942
39603708
4627296142
42152717
84912815
1260643800902443008
27436694
89981519
136118232
888911525561475072
89704958
151078515
38324889
69958390
1419865444790460416
98908307
1477516910
1488167328416247809
49264273
67059847
1514402000431108097
40227183
223305010
1348869748084375560
144876699
59977558
60719385
1453032621814988804
100560298
138974693
112443520
42608471
1522694849924898818
810977590144012289
172616260
1411346000049016842
362395606
1324931421501272067
366133946
1075115359978569728
820826820115316736
1310639324933894145
22011118
828616617701437440
1237506224389750788
1299035233044529155
704112799753113600
103127250
1038957951040593922
2723948923
116238902
3180486071
100346570
1250202398544605191
117613032
1352857440
1105176669575438336
1194194327506948098
25758090
66996897
1344856486967701504
926225406549807106
189920600
37530384
64391577
1169702460266622976
1151678419152883712
155337308
86743573
1403159999833063427
340257290
3039312977
3400272497
1463868997154361352
144366281
232582153
1225565258095480832
53128684
1599245912
737739852683325440
400414868
25353494
2810644195
46787465
129336320
229107236
92865555
235324154
1441302198
40100003
60396456
158225938
89557434
14505385
65819004
8845262
158335464
37475261
1648921452
1458453420600401927
1559778251857338368
163581731
277706131
2256709464
435321487
52556262
4726410399
244630943
1556024246584877056
1509390037280038913
29817645
1104042862918987777
1301371401614524417
39682585
58984104
414008840
263234760
86321490
1203207687628099584
1337885648
1118159209
716997085380419584
74720460
13466132
74626990
34347274
51596609
292065701
247861366
2808694011
1285689395836747776
1225463262692757505
1197712678560636930
736595019738546178
1474573051954180097
1833951042
1348852409825689601
790652550
90412821
1018606293303676936
28655593
936236673746259968
1333135190059864080
43198751
14328502
3505769897
1019704893240676352
463771182
36179023
730913149063446530
177760608
167070377
59803179
243031731
1511564211205378048
811217116468748288
66893795
2427864048
1569495229
418030333
920661330352320512
4868055281
76802634
55320035
809883514476920833
46796413
27179676
33640828
3298590467
1083530109397753856
871687185057165312
2937750903
1236794351193411584
1260970804042272768
135512330
2412164877
3035277515
23579118
79249420
1299050456811999236
45569197
316131981
34263804
878025729333755904
706233183839371265
1518695746253565959
1101319765036027904
1537978882103529472
193675068
36037578
1388160342619004929
2792133839
93411175
45250200
596937273
1379518957544161282
1518739405359534080
1116397437529350144
1009980493847257088
58256823
1533088829351018498
270356782
55415096
1224719188671025153
70510432
1362341975047946243
199792041
209570167
1212872117433159685
752633357012439040
20704620
1916989496
13218582
77057875
78694720
1430251044404142083
2972093362
781516185871478784
1561041587223789570
1105498899668705280
18984823
1440318169126633482
1560997243880194048
308163905
16539599
154630442
1513547809857105920
987010994080747520
143186864
30958710
54742111
1558952413544972289
1439105270064496643
158481123
253057575
913227996
1274721514030608386
65092201
120581765
1109869207758483461
2870422271
1449191556951560194
900755139123978240
1094736234021376001
836551292935892992
118122013
2736385543
1500983835504295939
50313986
1208638522112061441
1445076420825391110
1265296630057709568
1079195218753261568
1133557150255656961
865567426842435584
1329664998302511104
75692588
51565827
32752980
1035135282
1452715951150051336
1308499370
1390538330
1206725070560911360
1542352796430761989
761974464712208384
62902722
229697786
272610805
1088590360400543744
1031178375052836864
1145008392295071744
1530127527678730241
76821488
41024193
3351042767
3441481043
1337079312835629061
908072845443567616
298757506
51609735
102274641
1111043919024963584
24307707
44148599
57017730
194233318
3332801477
1460081320630140932
68478857
1307713824712204289
1437009469070888962
1237344640694661123
1510990551344111617
1251234897034915844
82419757
1299803620586786834
256560116
4405318155
1246991087115341824
166610041
35872989
1060848310741807112
1503344813894213632
1421659422837850113
3028857256
170081810
52956448
866307238671077376
257458387
224072349
53118145
233641922
4259366441
4427483740
18195583
58977902
564311843
59286534
258887859
1238063274379431936
3140826667
14322608
1116937278
3733164255
1092955726681649152
1325921464500023298
905801733347139591
1452631605747531781
3302987277
1955359812
1365811734750052353
1523482628808192000
9946122
1004751855048712200
1359619452594245636
201041817
204481131
14418146
902576060063260672
2748684155
1247343365408129024
9052992
623541913
37571692
15682947
847569672044240897
162769821
897531704671440897
95315910
115479623
991041730618290178
1297312980
1165228952534880257
23575243
4605372555
1494400383762018306
2279698042
262338689
1302826902806302721
56677037
607808482
1416054934173323265
54367271
1257453888938160128
328710612
239443037
189385291
1532115517594644481
70803859
36765234
4376805203
1191094787920875521
79020651
13790232
18371861
904921853147348992
61902292
341007761
4141417227
1498413243215327235
34897955
2986461022
1213602771712106496
14199289
1095453094924746754
74382894
161401770
1446376793007665164
1136350755756093446
1482899484531113986
1041698324825305090
284737299
53380949
1704841506
906814530
1430980464051896326
36683108
986098976737898496
63007733
1140099212920729600
1411100505531719680
1227723505753632769
1271676338739478528
216862777
28437915
210215841
4205949137
3698904255
1494563547619250204
83475622
48793694
888605054139326464
34975846
167265815
14583849
170101072
41177838
2942463911
710615206884466688
1468000218
1419026488008060928
47670535
1463897153626066945
56397631
1526120592445001728
380146201
4604057903
59968296
2636196581
67111925
1397390669887442949
732381239546658817
70400417
296977378
1559215496091865089
228158097
42722945
182038489
55897765
13427702
28574358
437615886
1288147006079279104
48398806
1498470354607554563
835302276331933696
286461244
1532823989462401024
1266425439288995841
179693336
193331243
1105567416208318464
940040047084036096
982838690811727872
3050588123
215776349
1109506015459004417
14027082
34247298
322177892
27266778
41289575
325238685
252910055
192584779
53578746
43778498
999286717420113920
1176948678302601216
349969706
303371908
41910027
75327006
213230161
1224101043602173958
140296888
221094490
1368442572
55965511
1510774641329065985
1549228410236461057
52809507
737323497052049408
90425731
766684171603439616
1602132146
193442381
481528109
220183604
226630323
1381586193201119233
54763762
1004398897635131392
36933243
124440750
880896900
79285340
72384272
711490202
1217975589874884608
87557537
2993919926
2834684794
62355962
1041763153992998919
2474301012
1265268737487384578
1037789654362284039
2536291424
339213912
301588403
267293166
65396980
362878369
58227941
56422795
57048181
1497718496532254720
1507399236354248704
1002888325
60660175
85631214
227921988
1459562237069246475
784933316529127424
1300630684999069696
864568583845810177
933466172825227264
226160385
50647406
523545882
1259863836670164994
972290383857274881
48014161
141605698
1524942883098337291
500318249
55466334
1080872041388101637
170125864
56241424
57159030
33603230
169941063
100612757
311092114
732264712835104768
66357327
208156283
1529704538
620837318
1349712534044078083
978296532423364609
174244956
51218132
157089347
272018843
1453702949209878529
319149850
2874251494
1079006312648921088
2760418966
396899214
1264307569335717889
1103425404101189632
172336078
1502830561953468421
240784501
134995521
897612127766167552
1435235100116099073
1193301940458971136
119768564
53470428
231880497
72025361
75306354
154592674
1495967239069130753
157040550
1064258207265247237
1292834929643008001
1358428503360884736
1527082163908317185
1376649258724696070
1547908488545808386
974627495332007936
2572452928
53737564
727844699424358400
1382481826455957504
23559259
3206776553
65127041
895406093815472129
350293885
1538219987063689216
1220012641441255426
373972174
86405269
40135517
1528437244087918593
1356355550762688516
98858725
188546872
1296860234523312128
63854058
1553038069313556480
161171438
993381583
1298654566049873920
66375378
904890985712320512
1148785966057971712
1547445700761423873
93434282
1136021389343907841
272128323
124645301
90240590
346540002
254085457
51532034
65798038
1422938222926180363
50312009
880436984858238976
762857266781487104
1533826063163396098
113214139
59889861
1637376186
58065601
1389809054
286968333
118485911
46075848
1422270106776834049
287977620
48820526
1556637928830418946
2843133101
54440370
103760444
1126454162236035072
1538238778820681728
1305531727138484224
108152289
17154660
703916537212760064
1491968801243553792
1217241136823185408
1253745015886618627
35393643
1587258475394043909
40936806
27878775
3094879265
2677756188
273000132
53347287
176526355
1444321046
71248632
2425756175
282731659
1404968615447781381
1522691205410308096
1482432073919082505
100863958
1148403612844003328
1546498676381589506
935333725
306307341
1500611297167220738
363919223
353737709
1542192579151904768
96015844
1270919064156811266
2818411502
1431275220
333108450
3638069663
27921108
1194669706269069312
41286470
1486479600330985476
1498363951222083595
243246784
70996292
817779697903894529
293825688
56248472
1126117993715576833
221145198
1423115178762293249
354011427
1242959027518275587
2881753695
61850588
85642174
1095711131153453056
3020591703
215289169
1367209065143816193
1514019001717993475
56121946
1535573359509049344
1221857022
1206053026890493952
24989174
1265305086064033792
1029549412756934656
58612090
1521884083349078019
954003020240637952
174806999
62181183
37793342
61116586
437539438
1478192195240960001
1536522992422899714
52277363
15052095
152111282
26576437
1537479793
74333934
1047327754717483008
266754085
101891681
70455854
938539747106009088
501131995
122519106
40701853
1198398286207619073
47206566
188383161
178515854
131285084
1518763353841283074
1199141422215110657
1121445240207028226
989628605364887552
10184582
1616219755106471939
718478586139844609
1338129926726291456
904166126938181636
1627335034779713536
1024999679958941696
20828864
1353928021296734208
1605125699446226946
63780718
1397354724895100930
2669260740
1327063264661037056
27552728
51424195
1547911423988183040
1500144994312769541
1445945975189745678
1482876322368081935
57717875
199405515
4563868216
198907536
1633838685287481345
1577012120490835968
4126700117
32792380
985552521149272070
1043500938
448432129
150014465
25574151
1291992388630700033
336117114
1243263106157031424
715914072
1636591248285859842
1395896313322033153
14948284
1436345528636346371
164920903
1480670744979849218
880130706432811010
1282413043113168897
1635135262006149120
1085302782574452736
801458744
1371865537228238850
1261783679174656005
1591171559229718541
134649778
821093015045468160
202808816
59050587
1325622400969568258
2403761336
15396124
1611113017697095680
1229987860973064193
74531956
701764630939574272
337408358
75176454
296392692
991286517153792000
1111756524983078923
1358794799235690507
49408808
2024491
1216432888054501377
229261101
1121839123642429440
1003246957
71256776
805028832625524736
4625022455
46484768
40704631
132621576
801099001
64422346
1174340251629891584
169964377
404706355
1445090169938489358
245619512
3137586099
941000539101388800
1504175308110499843
23548095
1463926959101169664
1514061274736381958
177423719
104889558
1462083026
477807362
882048537797828608
168169793
928557993620361217
39157997
58875261
109325390
108439036
876480128628523008
1421460338025840648
274298236
1033648821119713280
108137590
1543983672960876545
62090194
1552328468444102656
957703132536082432
46112334
86532411
76926396
803067272466153476
478632389
2213561689
3340061674
75825844
284129375
31219591
1355928042401652745
52485447
1496297189248847874
33576349
92572410
1559570395027603456
181382369
1524741696617017344
51767878
48376139
235657932
159251502
428977213
1170795827750756353
557441057
2977537557
36785963
2389828239
139696469
1124296383916277762
1248216462843666433
1306408308597829632
489863350
298588902
1395569917420875780
1187698723406667777
23001395
758162222715731971
77033542
25577896
1165694746544746496
36723490
1503487333529800706
1106415392510173184
71517584
69920963
4519013669
251786148
336951084
1038198639749943296
9543452
1363573075845988357
160394832
1526286073403527170
59963901
34812664
1324327472326991873
1343373344243134465
602467067
1519429502169976833
1514012085105086469
147732072
629133704
1358415967957712901
950742763804512258
39260087
1504463854570508290
549656061
4055578163
75348255
15817024
1417903290105409544
905201118107533313
8372892
1177980808075911168
173652302
1358111905336950785
1445358564386672648
990251781778214913
1092580358233751552
1049847515409997825
1327365418722484225
430825262
4302980207
299772032
357832231
1622243424
836329067603443713
46400543
128976393
1352449073853452291
992061714215657472
67050485
56449447
1316510641000247298
789269801055186944
65675554
20046305
41035689
46958544
254572245
69486527
41818731
17796432
153240430
1254631484306194432
74603576
52805125
768209683995918336
3080614023
114184768
1436523242639040512
3381522531
171948103
1070317696972144645
1356096757
56520516
1333385497696231425
1536310166928367617
1234566411101622276
829322272020299776
1059597114538377216
521461131
1487978395560521729
1408752956
1272710574258954240
65383510
273417697
1587667877397778432
1234936706312417286
1463501695099576328
1261042129
52792186
707208233472151552
1647061882824544256
1633802411075596289
1584538833319780352
1643838408643473409
1565830661059084288
57581510
1101921544987648000
72173563
9089892
1595933200613777408
1535667134554066947
956613369158623232
1519336183335116802
175596925
4004889412
73222507
163846201
32127227
1343838051412410373
1329051085957427202
8740262
1641460414197399554
1936359925
44425081
1117647061896368128
51242253
1282089150230003714
1198709518026366976
1522883136664838146
235325497
53049575
65106795
52279685
1519798261195939841
42983990
1482148131945033733
282047508
1354604875108249601
273556388
1012894960889270272
1502742695030267908
636324633
28356964
1532882473939763201
1479874758430928897
2396245058
109422247
198919725
262382382
53779531
164134306
865706982
84484275
79802653
201397169
1050445041334923265
41499336
332999967
261263814
1215387021188964352
113595310
340564581
1506481613667983366
1357154679885561856
4756547776
67445271
74044207
439723297
35917253
952030602139721736
868479196758200320
1472860786133458950
4467320243
170356184
85299365
11276062
555349236
121271036
1483182823557189633
888232372029861888
50613595
135612685
112886925
1495935626390253569
118115521
1077458022
1393430436496519168
1007191772882186240
1470127033527279622
3891488843
34771989
180858857
1512246921641041920
1600314850697248768
1288878378104369152
1470102317810790411
1400557049902252042
1566117150338781184
1013134482994614273
1276930040496873472
865969775993868293
1493877546693365760
43698189
134330605
1196081589060542465
81353726
94109704
254384623
1391846820800876544
326803978
211598121
1450505824992890891
602130568
950762761633615872
1299532468236816386
1632167243164295174
890187791677652993
315486897
1184589840266027008
939650463196172288
129048170
4730646147
55974691
95674345
1237441530
58366440
1243005736977870849
1500625452645457920
1159161790867103744
985993389136011264
26817727
1385298307988303873
72894474
1375977413012774914
250636044
1609476119379513345
1095137511326838786
226591307
1253285457087119360
438410041
58323925
3437527311
219358030
2718674127
779091013038174208
399571091
88978857
1193144837811384320
114731849
8201582
771894323583524864
824616143495299072
140301695
1241910014513684480
2672522463
1105877472900456448
1483529862656704514
1951743578
1628416615061635073
1451707870693793793
1246861047010668551
1579524278340419584
1572593283594944512
33111943
2854597749
1510014985119932419
46104914
1599111334762844160
326549424
58206296
2888412796
1510772092106686472
68017014
1447549506921324545
1224841207853015040
806614699232129026
1521934041477304321
539253005
1263878744504139776
283818529
77274583
148696745
768754296
1129552148776345600
1366817989207719937
298249839
1682020382
1388706244593176576
1280661121171632138
215138947
3161951007
803758884
1619443143899750400
1075214653
1624119268039065619
750710269307940864
794340773219201024
1526617705893224448
1049857953275240450
24250530
225239403
93911739
1088422536789004293
2881352598
1171557453609263105
30376292
908917442
1104455608122687488
40280385
1526154452
4749688168
15481269
42115123
89935781
32604776
68262605
18634014
1077631302638231553
510972612
1393601260511662086
1126946148969799680
75884386
737469593770414080
464248313
825328124225273856
216148052
1596950386686009347
167832963
2720006120
887671011159703552
148025833
140660868
10226052
1216541811713486849
1581501623104376833
58226531
1519524611356082177
1586640974087864321
54567903
196780891
2992448734
958002860423303173
349970557
1631250303218601985
111127866
61040194
3452386599
39490129
2544838891
1644158816538226688
1022281092819283968
1568628046621556736
1178543423680389120
1215536396154429440
1460260453440012290
574049000
58564207
1568893947878965248
1528587357275947009
917008998649430016
1379058438014185473
3577509077
1643767683089944581
295283339
52784634
920658664112971776
254566530
1255918668715905025
399323896
67344026
1630232312720904193
125727234
163226277
1592946556470263813
1385743148522086400
171594343
1149549546
846251226
1563993785314512902
1093584991731306497
1503336938035683330
855635851258339328
1527331090570313730
42087711
2356813340
1296200895164829701
72407689
1245014301162774531
4076513001
1603195759171715081
33547878
52781573
1194462536499974144
875559397333880832
43782481
303871502
289125792
1267943557756837900
65238358
1357154217580978176
1354612247104991232
182888063
215737246
1038844547047022594
109477039
1023762642123538432
1150577238515048450
126854443
54322278
860363513348444160
111651952
1352620403521425408
15774970
39820540
17164221
67915932
1238230060924129282
253659758
36067632
1473475748287725569
2533225485
39555703
14673230
77775935
130715928
928252346131509248
1214214764416528385
784458770571202561
46925709
1546182211002683392
1358483278471258118
95657591
1369984909440339972
1237168438520565765
47738199
1461827034
83395247
1445887356935065600
2799355810
1366723914299305989
1200218820901834752
1101553524255744001
988403228072140800
2500629679
992855204616957954
1517351939264204800
1047593488693518338
1395178770026352641
1609638681446416385
887392903647162372
1098953853091880960
2531169801
1621207050222018561
1156557720037789696
1359496994708930560
2296898868
1161357528632057856
50093987
1557856573862600708
302798333
1468255908
1014337175234793472
1527304717495246849
1445093151186825224
64463495
1592502087685996544
760198352826957826
2526096661
2174852323
1365427084634521609
1589419910911893504
1368722537518149634
96876429
82212249
1617701074596511744
1421775551786782723
79348128
481318877
17675080
51617816
1610458470330892289
1007930785
103851211
1456740470386737175
1080311513016082432
1031695440062939136
1625246913669787678
1341456928631873536
110688963
280748813
19142540
1619754188719751170
35962690
116918749
15493820
199479035
65689092
897298921076252676
51491969
1240067266047365121
1306414559146717184
615493934
1283260455973269511
1395118695320522760
44810649
280264787
87748420
2548871665
917967346551148544
115765170
18089533
344535776
1500741105821880322
35021879
46498411
73582390
1542053975561756672
804810993754918912
108647471
2784727301
6609882
55054976
17034667
100332241
115259320
158470247
74221836
88621088
1289124620231221248
52672339
22152627
56387504
174681064
51294408
15175555
16288629
996948003742273536
1504194224648073216
40966580
19181377
1178320534913896449
171594489
248412116
1056901001217761280
58475026
1263213544453128192
1159918536787144704
43749754
967061455223783426
48025888
137467353
158783104
1237774367083450371
1265464535986720774
1442607235
35662662
78108494
192287573
3374951309
371479366
195560839
1430143757110980608
1243598500530720768
70958226
43096142
366922611
15329559
1285646227787350017
1444776903022370819
1078857420976410624
17870916
1175805155197038592
861797559546859520
90000556
414907378
1026550095364476928
1545562728433074179
113048871
130738907
57460575
2914928254
136082448
70147899
79822923
67147510
104227512
338520927
15281396
2716711203
388946525
264228209
40822810
2783202761
30016165
4254061240
1358385355326693381
2937614243
1177422201995370498
103698844
1029178292547596288
810781439616815104
854919572146835456
76170292
310908862
1489250711103623174
38431770
287905116
893482368421515264
2165665577
391688865
6457932
1492477695493652480
890725709852880896
125414499
456705391
1619863604068499456
1211130987712663552
242495366
1105921024003059712
2909175027
918284176851460096
1567983192195448833
90385308
1603140669475782660
1335350906343337986
225437257
118224319
67413867
1014613808793387008
128532250
42327483
133022900
1591029365973942273
1584521843511361539
1619121812482187264
1450251914692763651
35009759
1364252637013680129
1437549105316777986
29570221
191015918
1111218061229678592
101251849
512321946
40090557
982341001535778816
630237998
1310742066033577984
1328891287714586625
33531043
137900701
1416915625499414529
1478913170831982593
1557550306925461505
64311101
150413399
17059242
1343688805602238468
32230979
1162078240959279105
1345013533323517953
1207489299895205888
1115815027234234368
1025982987891027968
1464352502779084800
28171150
53080048
33320749
65993535
788510574
1531780478025572352
1572103131441336320
42476311
18552844
1175536929397452802
1072147352255905792
759278406932586497
1598439161622679560
1579497048805629954
73956998
1170324261313155073
72685903
260414894
1005679527480131584
40146795
128615116
1446141523083636740
1480296219616423936
15692857
283725069
1532848869092229120
157117808
173182841
1153534926706401280
58606953
247083374
41915011
3129422133
2733769329
42240743
1492162185971351556
1170763084207677443
1030169692311351296
39749989
1328360433703657473
1612160506445316096
1702543254
48507895
1244722331227951104
1099364058
751696398
33888472
1359002871568728065
3304817493
1544023921598554113
73284427
712609120
868804202503561216
106859192
1307084755574325249
55310560
34773505
2698503307
19746328
138597946
1300970402739613700
134277137
1343644214022860803
4824875117
591961954
2355598903
757216598075801600
1590361826126139392
20113972
864616609071149056
940379690216443904
1593728289452982279
115946111
1600589303440150536
1328159479318372352
1383794181567483908
63015990
14787132
1326011333813424128
85169366
2997540153
27850924
100614555
1033038950020079616
52943268
1515567949091901441
379939247
326369034
1016510570353364997
36949022
27751917
41292330
1515704887996293128
2983019729
3142093204
1270410955386753024
460278928
21653078
38010997
1587928054042693632
1616649732566257664
736976767097929729
114936069
1498846618967318535
1070134345736835072
62257886
266917582
1611148136
1260867901227257856
1582359482952306689
75022159
1122584883249938433
91103142
39987382
3434584691
1479767297262854146
199310784
1021468465817899008
2469582565
2176108014
1373950792483414019
168804644
30486969
76377552
76805739
1618799172492181504
54083082
81226131
104202366
344058769
1342676674597543936
1016102538033156101
1190685918941843456
26437070
911969181721128966
198599260
136723557
42743414
49796004
61086744
1560350317404897280
104828247
42791181
72561631
349189269
53467138
841341644226060289
801228997166297092
1003158845496156160
1553971429665898497
211996180
1131599896723841024
3096955145
992418009523392512
1130823746925809664
15486993
224744440
1222111037534720000
2835503128
1252730714463895552
85883637
56768146
1291957761757061121
1025123665510387712
23988291
26481196
179882031
16337409
31422618
47973912
1570625149413498882
1354570721670926338
1605732924589998081
1949892325
58227834
1243426227597139969
15381190
83020917
47257996
1567042707071160320
17392070
1144027346053341185
763730687342080000
65388496
3430696601
865772845665841152
357775732
715191572850147328
1054829744301228034
130034391
42421272
1227725024552984577
49487021
195195123
1408411080053903363
832227427
52294113
275655023
65064890
878456414867423233
1529406853087735808
1083856741832507394
1499941338472669190
73032698
836971584678215680
149538826
4899707722
3303668751
1267291576440631296
399771290
1163918311870128128
17046766
1613537079782248450
1360706271545016331
1264786631128743936
705238391378595840
50038549
1617320625059545089
1042121911935938560
1635443135772782593
2806292107
51671901
850024557230653441
93943345
47173188
27450943
27372802
957983145994932225
628434703
1520258203
206302482
1354646201241632769
86733176
57170229
1428911965410373632
1477152199654486016
440435955
1122705114278629376
29864957
148986269
1113458311138086913
302378276
57100510
1632949329471127554
44156404
39739539
329482776
1450863928167309317
254291271
1597243708558249984
1253762614166982656
727158732619177985
393656861
16661741
991701988479062016
119834667
14112812
47957057
68502651
40325461
1661648348
1427138777265446920
128105617
1343962305156014080
1403718211
2903952989
163658516
1629290175271428099
528177623
247828232
1136662922497839104
84161841
28935088
1529463529245446144
2954902437
167822814
167794263
56458125
51442097
150501679
1224870122290020352
2862558484
1598113366786056192
3856514049
1514051016819462145
159660845
1530405095053074432
1225155056892334081
1348079739915935744
914178026669330434
55846889
1634296495007576067
20115684
24236892
63155715
1470343837
415582470
56724480
66786142
1460934018
1607141786186547201
1488166060129984518
245620250
2308203164
1546510323196231681
849640936208465921
534410370
1356390344603144192
934390089643380737
300282074
1436188834979536898
1455414150977425412
933769926342569989
1321403179
1625505546198474753
1378382849565466627
1634005920488235010
1616880986826080257
867294176
15454050
2973994137
1631059039864909826
1575144598636302336
1633642356225220609
224816667
57826556
279189623
52593386
16423307
180081874
20169107
561844419
1554054616232361990
1499164718824669188
240224427
1000027699010818048
3866486062
1631049709371400193
35905888
245413920
938231298417668096
81150235
1106262439539150850
11871872
46994176
1450948388816629760
1086985552228962305
1192141790087921664
33249379
58006550
2269460264
1581633966033051650
1034231825915359234
28149075
963371051878100992
1593262850293878784
1606819871655972867
3585902953
1626727997570002944
1624910423995695104
3077922513
36993251
95419614
13773482
1534160888613195776
1343394599285514241
1244139862137200640
1312862255625707532
62422405
1528787203102494721
36533572
1531762071389487110
47610991
40128996
1183466863885475840
169825640
1350814370662592513
206392950
244542737
288562621
1150629049254973440
97832019
14607119
568372973
66419089
1514627447936978944
129136971
34265888
281319814
2248145765
64792484
1272907131293970442
1169761245047771136
31600593
53049259
1105269355980484608
1194585649749340160
122841114
201544646
102529725
52502037
1037036442545999872
