1447629280935096335
776149775267799040
69428565
156724552
47656062
395452702
885952825729179648
2761645588
423635618
158340226
155278789
71674128
46538982
165065280
1518908815009329156
1487092624808988674
327175781
67534849
920134585
1559000256335036417
2983019729
4492579047
1558953668451377155
263957467
129983656
83256959
2844544037
402688868
782391607601528832
1376230883372511234
1525324630457712640
182190910
108837720
256560116
72662014
217581868
280817136
358180404
315931580
158470247
137960258
411574921
144675606
1235513679757615104
27505732
76805739
88717821
1243135490607415297
1178740155798212608
1510770095706021895
405520958
2857778422
1232757902982680578
148645453
1552628362337816577
526528864
1550557534947516416
78410655
134871064
74003872
302672124
1544125421062684673
1570479782759899137
1108422376117727232
53689025
1252505094
1518626804105465857
58565393
337596942
2654483549
1378383842
1433022265306849281
1265239623455866880
1380098043513606146
476838425
56610486
118562008
32382452
272000243
1064167013327740928
1617945007335346180
1482876322368081935
1108165369838096385
15907406
200994456
91022159
1284250551342047234
68185739
83205732
2438272409
1406401256097206272
1542365134928191491
708176881
1303722329428680705
456317075
4091483601
158845511
1132142368449224704
1298076561204101121
388331867
2948921992
72816218
344347538
860323361641156608
1444730024150634502
123405231
501339977
547453857
890331992063176709
1545206620787036162
1085917688835309569
864372771215814656
53034941
1430339781880385538
1516570962229186560
1059597114538377216
149708990
1538658611181887493
1557136874312982528
201917140
1092791339849256961
753760329855795200
1354862147411574787
42544192
294363227
223498344
228158097
168224497
43759153
1009980493847257088
33739218
1560746749999841281
61940367
1130294156147011584
1253795719942733826
1538369339249811458
1179944118950256641
2975378488
1518698460601634817
1467262796878557186
322177892
2557900273
1276320623413911552
193737773
1445131726322343954
1339758024097972224
1350570032
217249080
1501878577725423621
885065274
1537509432833327106
1538412277245874176
753290345992032256
1498809016616636418
1500521125012557826
1612759353710215168
241533539
64727308
87753635
234544680
893702551526354944
1214327059637518341
2443561397
1635350764431220760
1633584198719029249
37035780
1463559239763468292
1357154217580978176
267276747
35872989
1426055599045885960
121591175
897950969274798080
826106821232439298
758106063732346880
2474301012
