337137527
179560202
1518942606864048128
18346652
1176691098632237059
185036988
174726387
371479366
253331028
3854474182
217581868
9232442
48161519
4706720667
62412925
70141650
1314423043
1444686556850237449
1380246692046512130
117580679
2750393776
1591948928349511686
104118447
1188246174442098690
1149167825954713600
364446233
31922677
1389809054
1416996523
210215841
579387724
3218718741
1487119352369491968
90402124
1437556943334281218
1158578593
1311654107585839110
767552771390316544
220713428
322551079
1473187590685745158
128124649
272449387
956447000
1549199328488693760
1603195759171715081
56851995
994248011470508032
1531996409418883072
1471600430824181760
42212423
1504358840971796482
118876845
624543449
1051521099861774336
64323310
2858798830
67337442
233592511
116014894
75562956
1502435750096392194
1534484576294342656
893451813260808192
239080365
3349916668
1191898342072160263
1298654566049873920
1520717241045725185
54459099
1395070604324311044
979031218758017025
1463501695099576328
164438826
72283901
1258382487186702338
158874220
1101319765036027904
1077878489574002688
96373058
290269131
1329154927231455236
1436137363277848578
1559996062781300738
37949658
423985972
14398507
1512113233917845509
14097839
240009102
1494900462243487745
245524501
1520320583338237954
36362637
53929018
1085234291691454467
605681158
105790977
56509049
33932726
880350901
318228108
1288888019685183491
31515394
143235784
1458934291031859205
1411787194507927557
79641068
1087529434259865601
36417316
2763944991
60953179
3090615196
55586515
184560247
795776824697618436
56677037
1437023028425150474
3638069663
1540467017416851456
478632389
21415271
56248472
3735378196
34063520
1206406747239469058
1341044467
793259180299849728
1545351713921679362
193784534
774469015
352732194
2501785851
857624090936528898
757203159966244864
1361498863140540422
828236112
196564620
1561429252242915330
345084245
77353285
149710185
2730737541
1304075424587296769
3387282047
51917644
1541060810243547139
371563985
326369034
2149691104
267293166
2766615153
1642896302320091138
1477633415763660802
87244850
195913427
95283320
1221956880
464659413
35010203
3370008941
1370946448691462144
1560747027075563520
1470472356439150598
60936508
201064805
1482876322368081935
553597680
567251824
1061778498946252802
52268517
178883575
1550547731177000961
993669513106395136
1421428030736683010
55748108
1514686573081681930
1320986447369932800
1022840668882972672
46761175
1267252983852654595
1180184744341966848
1247882053602795520
154264360
2975623660
374284592
1516724558920884230
45037591
773238929516535808
1101575305
1519271381183213568
217478068
110014742
26854668
73424735
35809851
1229433583464566785
1217267371871744000
