1531056213810610178
83256959
72921445
130170060
1516783327818223616
1426609893243510787
148348455
233349723
24546800
23001395
133029243
1467138384296648705
1529810332838989825
1476357907746803712
45235681
194816827
226650443
190088556
1245537117494824970
1213471081270370304
112542342
921467531474427904
1533498778472402946
1283794088047923202
1076106932807708673
620537528
4339611
94104405
1435770352899137540
224648416
3142094603
1427450113862078465
305759046
295360307
4824875117
143235784
289045959
430776512
73135603
1057456702881234944
32441166
345747265
304716532
71674128
1524601510520397826
1478586849820037126
312703739
2662408269
243559724
3733944093
105939984
1359619452594245636
1267661481329471489
286417078
1540506129251328000
1066219272
95303457
1408006051820097538
1531423010900561921
62119963
2218496782
1260990620979597313
2791938957
1520874644873564168
1482876322368081935
1534149750668378114
1017595982786322433
264485409
931277060550680576
1421944494996533249
238777343
49859718
198621311
346048937
85977181
2583345503
1502456058014490626
1547543685629345796
1533797012868677632
1474013297980624897
150501679
330556270
284334757
438473416
526528864
178122927
910220506443415553
1307790974232547328
342815291
61814005
1513711168677892103
1306495058
1526090924169867265
745251339878432768
1495616925241679873
78992868
56931404
1432372524139044868
218625907
1514714551379451913
124209568
1484723724771336196
1465122348969906177
1571453514181746690
1046789924756869122
112763770
846980802470666241
43380707
126062040
1329051085957427202
721819798741610496
312699472
1519271381183213568
1215301828948131840
186524011
1545571816760025088
2203807574
1024439000
171392426
1483805961290665984
143443643
67405932
234872337
858253024732614657
58977902
957373719848062977
501177937
65503972
1520673172969988096
82245238
547453857
147232996
1074419378748383232
1379440457176993793
1474840946
1378550605
391478238
722273646690058240
1314423043
203973686
179154533
102758105
47220478
33386496
1555153026725314560
338606985
20783135
1062668661847195648
870000315793330176
289515053
1239048675692892160
2235500202
3532516461
909136642216218626
1525444210807152642
774469015
1353820942150078465
1347946640494239746
62104986
2494016282
125519865
316775437
860133551395799041
2844522292
3362371503
1542759683299188736
1042241432403300352
1525254306424930304
183292706
72180781
1546932968903647233
1260849853657219072
1350110199005274115
1541584139660435458
965762381346459648
187404657
756943753382858752
78507844
938895269197950976
2790292016
799458345828618240
379134763
2577597908
3172460555
1224135448496349185
1570764218
21341906
1252203462831624193
2973994137
1065403503911333889
26748706
40476036
619054047
1534189554894352384
1475920230874505219
199832110
1140926785833619456
1191808401325666305
355980018
767552771390316544
50282663
1260097627
395241923
818925805640286208
2562781103
892397330539966468
1534278884228833281
55310560
34553064
1600715860062126081
768650308234993665
27566436
93832482
1466789664841515008
16631711
1393327961315676160
55860560
65496026
75356204
147441370
1592328339422937088
226946140
893896843725295621
342310228
1626428542090153984
103806332
1440344141401968645
1030961596468785152
3217646565
196310300
220050919
51508422
1090434127088836609
1428746458182864896
254242619
88856908
1295387474
95684648
201580498
516953047
1512586304705470476
1013206998
1353045319920062466
1421315669820329993
162376873
1624587734286229505
110516766
1175001457084588032
4840979716
1535377964027756545
1242930063915581443
3724233975
258352397
865645168606695425
2875544134
51603888
106129983
1116525093491027974
1601374291102162945
1636725807061032962
1179944118950256641
910979991558610945
1069990787365175299
932258152359366657
1380033273812942849
1560753539072364548
42555808
1442703698615054337
1117078613558476800
48462578
797434640
1560752756524257282
1560747569717862400
1560735805638844418
34626356
1560740157933948929
1257045045070479365
61304976
43351341
1546987259504762881
1368192079990554633
221759428
1389007164606459904
71581273
1135416269723852801
87247590
1515867833896521729
