1240283180374069250
161709441
1418019067978469378
964671439
1223802602317647873
579387724
767552771390316544
59038937
190379364
17715718
79594476
16156045
52309670
963303080
63515833
55310560
1521510305649602564
56248472
42270292
56438700
66981957
83720016
53929018
84783986
747242861838614528
1490504955555454976
1548513519879929856
826411640002330624
18688345
70141650
1059818709764792320
55748108
3416908168
261801470
27152664
119032434
63532307
1613027815
1549848544693174272
560775282
53569392
2719823406
736511804323581952
22134912
1339966377726275586
4715652562
25932877
2983019729
738484040882343941
36163246
922136860444459008
3293388366
1011699277
203809353
82608371
981333167515881472
1478394030568493060
199310784
20743783
3895005683
21415271
1020414994356342790
167933536
1094085844502220801
325513332
81382190
78528548
3068711452
2444397577
44300313
189359136
34779125
44053466
984651234446594048
31138182
305183087
220990073
1461079560020234248
1351246321970278400
330524658
14418146
34597181
278748000
1592643384
26388799
135622673
870795964042416128
45711835
44612907
221156709
57256052
254242619
1360083179428798464
83246457
109049442
207123161
148029925
123251468
105701534
358558153
833322144331345920
95531854
602215460
68256381
408130226
61211873
139372457
1482090355013173254
1365482244094234632
191519304
33984956
38415414
1239373814171078658
15659203
816117825391775744
1403216533879468032
303272326
356978482
371111318
735015342909558784
1308989283525591041
15410917
66769124
30488590
574953733
1031612925885276161
35131751
97190766
1394653443340517376
146528455
71899805
16494520
67085183
227078929
1524007705488285696
1223011520264712197
726198157521113088
45820995
1205427548
1213039338335817728
14409620
56199419
1245812428560109571
1278354550647332864
303528533
37755734
359647331
75911540
2886790366
297602795
71952282
78417340
144811662
774469015
44934419
357561011
136525766
147034786
295326327
8205502
854502288819441666
824791354484088832
754091462774648833
1256730258113466369
40146795
15329559
1120376289683214337
1486058855268294656
721037381072265216
59977558
1445109317313642507
63715953
1538398861340950529
1256399170988015616
49480718
250213401
1500630510980194307
148573210
71581273
1399521938419105798
41838450
38517631
253792482
195562928
35588436
95306909
228838735
880436984858238976
143443643
1567443354459193344
3001551525
757203159966244864
107785164
17013899
77055263
77638634
1112085485764182016
2324532745
151521144
163682795
23260982
1425475714170691590
1038427599737946112
1557738068387344385
41454280
73875574
110176054
23539355
177433776
68211432
96373058
1392698040
187305104
22197767
2246205219
1654320943
74256272
744065772
1446216188732788736
318178951
77057875
38796664
1251711994006290432
1512563842060009477
132000524
90982544
1442728009048395778
14387285
1303163585091317761
28210390
69096611
1098591459798892545
86780048
783164929
437615886
14511662
101899064
947609330697883648
120556049
1318929622952792065
105790977
1049853801920950273
34660926
253317314
1587176701024501764
132280286
1644336947857440768
56851995
893896843725295621
1232441115124682752
74441013
10226052
71051028
143235784
1482876322368081935
3069832857
1594315467119788032
36648291
1642930089913401344
70563519
2516966574
1624104972647268362
53834975
1142822432849481728
46538982
2819017387
1346299951572283393
1438387805739175936
159577202
254685736
1294978295616999425
2787216415
41111513
24314842
4085806361
48910046
243878464
51739605
1362760081528479751
1496546827839193089
1389581689354129431
1123681115250810881
195183633
935505685709819904
1101575305
36697182
20102067
85163182
745269332842844164
41709648
1362523121299898373
96669466
1073409342
61850588
1903994184
59567148
241733376
2396245058
1448510713283162113
23579118
1525838597592580096
281472725
47965679
81146737
1272888458760138754
298757506
34991437
77844663
4339611
15275072
1107465266500386816
1554408368294559749
1567599641738240005
112881287
456176493
196780891
59114080
834865514224709632
22576338
1532719415543873536
1534143067288178689
2902539725
756868178102349824
60044342
775089760092258304
1480278191835123725
4025043988
58994061
1504955619106856960
1621200086133870594
1058637106757668864
1341564803945537538
1402520098846515200
71351432
1586053963618590720
1612285018138607616
1617179580376154112
767098766331670529
47369902
907346179167588353
46611511
1487969325440983040
55118656
2496304214
1541239283566125057
89313278
95407715
59939241
56518133
159251502
711999783695749120
1478439909476208641
740113990404214785
1458278295016034310
30269265
793259180299849728
49516173
143202757
877899881523929089
3443202195
367965762
2199258557
1025201399284543491
151250715
116946704
3939051
64727308
56510065
75306354
80862378
727083578278993920
1560197117314039808
842809918294048774
153007960
333544268
66501093
827209346459303936
266280318
875396521214320641
25700962
215856243
85929882
39265139
37104324
227391579
93867480
78992868
1526240047967649794
3735378196
18293936
273000760
2602508179
3174510621
44728722
1400883477621395465
36748548
60211118
78029513
45462135
1139175673367584768
47025959
1524444623233556482
546230403
77878380
49852091
43047753
116014894
1201304740908478465
1525627064409276417
9320052
35643811
2909395666
777127433912872960
2177060390
1441817327033413633
224463912
2251797826
976117022022127617
28437915
732736663793881088
1301010707216052225
35614608
917028523
280705494
188889800
1304075424587296769
50478237
14293099
443268298
187693596
16631711
2434411259
54532456
1354164949954781187
1533232391518662656
1371667306733010945
73956998
67202036
42611569
1329061617712164867
64258447
1468041386519785476
78997743
360064315
63841291
2663965709
95519933
62080707
1183471371197792256
379239422
1490586129980182528
4706720667
1354462997700345865
232528409
112488799
737365847312891905
1420366046276489223
1194943135991914496
1263160006280646656
825537629164859393
715191572850147328
147203710
35951717
3518503336
1902239490
3002305317
11886932
325026136
1145455049461702658
44199272
948981006559842304
18441452
40914799
194203306
48106772
57500809
1280275541866745857
1621270003046645764
35537374
57531053
459332230
1134050605742415872
41177838
26482718
328830179
24784054
1392591547225579528
3092453777
78801218
58541236
1612549858530934785
717122632320229376
1456579121765666823
120956551
73490029
1570409554139045889
2315950783
1611113017697095680
1153787864855040000
71943299
58264264
1254905639274512384
848956139479998464
36123600
1189007251228549125
106207350
1501188789288554497
1047614019509657602
158160208
336510636
202869003
1526216126228725762
3786253882
166221195
3060328952
33373698
2238992608
2343950340
1564222440204558340
912469320340525056
53418338
1485704671490625542
1237506224389750788
1292477387435900929
1561074422341042176
176221743
1495158768576995331
1390931250
3187652103
1069609543460683778
96347605
49408808
1250797033058979841
28356964
2272988553
1285354126709227525
1463438926232887299
963152349400363008
1108150267936235520
823198638079967232
49982598
385667877
770831646287339521
163874389
82635920
40372040
2634720245
256473614
1155923346451783681
14930362
1633296207261978628
41565937
1491118285311684611
4828311260
60378587
1213991987189170176
13124602
83395344
1525940475915603968
1608256229520080896
806210609868132357
183405910
173819903
839012378
1015302215752409094
55720779
69134232
970734760048955392
1241383796076879872
1214025327439011840
160771880
1466494779957600259
68260081
51120821
16338620
2327419462
38690166
123354058
2946347889
1059597114538377216
2603070941
267293166
45825289
108123137
388331867
1081903915816443904
2354102354
224648416
57677374
900015059337961472
1198051798877196289
54444389
1359002871568728065
85185172
1191808401325666305
242326288
156181583
24886744
78320169
140450668
755588451110522880
297205465
14322608
1467314992059981826
36533572
1311857298571177986
295654713
1527082163908317185
1213595685573914624
65126460
75877617
133426384
1556037377621106688
129336320
201285499
1535339578487349248
47652768
984867291581042690
1545571816760025088
1512442312479199232
66571468
531299575
181382369
55751084
1568224923969114112
144171098
16423307
90432796
797252943804252160
360310395
37582801
80017406
1479305188192276490
73503309
48039782
214863327
285609105
53058012
45477829
35127266
23988291
1480296219616423936
1242082922527633410
1613596819941883904
14590316
17314674
863525270
319690351
56825562
57717875
151564993
1520921234111930368
174726387
215085484
1520527384671313926
36451062
15592470
732309761413292036
62695011
1621357735584342016
64199231
1621508414231961605
1381070502765199360
26646141
86765582
1119438027879743489
17432419
3132963668
1481068303141548035
3193171637
332962774
1593975961149743105
48212160
1267830556789620738
91022159
1242629975263625217
41360063
66156238
28916466
1592517447374045184
4057134435
1479291664959213568
1380374275761274883
33249379
57222839
1186640468773363713
208207519
517741923
1629537621989834756
1519129758331768833
950762761633615872
48826149
743341202
490641796
197906460
17115964
1628070769832996864
1603756464467738624
992418009523392512
3010284508
1097673120754950146
85912836
981848311
152803013
1455160742114701314
1538988627245637633
43817542
1542339013297770496
15052095
153777892
103390721
337596942
872998338328748032
78717458
1084586157327962115
16169263
49113935
54546952
1308572386531446784
1529185557489803265
47966229
161696522
1542677686111313921
38274306
251427835
1429314596209405954
1422810738943479814
14504663
1298654566049873920
2598588525
865567426842435584
55891961
1309583328585154572
77286607
1415383504297369605
177703223
1527774029637107712
65055340
1463620747402878977
193559220
54603026
1500630590806183939
59248723
15851061
60938683
94665847
909136642216218626
1434351578786541575
375304444
21259353
58958500
1520499965822484483
312581810
1343031721445511169
930464635806978048
4860088498
1427760723283808262
233592511
1182977256999849984
1424712148643635204
221759428
877949072
992906200441327616
1519295968340066304
28108895
1359651983150440449
426015718
37031702
1580111216
1524432828280287233
56416020
11351602
1524447505391497216
3163747396
921364987129532417
761974464712208384
231919295
830547658922135554
808800388036038656
303331376
66797586
49053242
300972374
988213818328322049
1547408596224430081
68175604
345539640
573309143
67915932
888116200768536576
84211758
1197158166242484225
179141510
44186555
1327010696425508865
1389948212363018241
1543358556744957954
9175462
1481836215280316417
8246832
85977181
130271934
757148174
1519709635623723008
1518939631273840640
2753967938
17251023
1551927130522525696
1382481826455957504
1081962946371166209
65171266
18223301
135692805
45235681
69676999
3298162567
1544121585631625217
790154939645489153
1411055379597959174
371309907
2571115891
1477678363510726658
1295206175710089217
53490312
77075881
2412633505
22331529
1550117509604331526
204463492
1281678065505046529
875193215439302656
3070899617
1552523541379162113
48545208
63542310
116858322
1492245515131670534
1458452998255005699
1369968971513016320
28688054
25520209
1315675731574300672
826208760683167747
1504099364364595208
1413745045459587074
1488438884216225792
938231298417668096
1027604819509432320
1194339711722151936
538379476
1090296931342004224
344328693
1634688198453460993
2777684701
1240712301470199816
16661741
1397548210709831688
1092725396938911744
263770885
1625877595773366278
144628954
1541248316499005441
1067864439284736008
1503006331116130304
933398556395917315
1594486276089970688
1394698048027168768
71457257
33001834
333542165
1514016987378245641
1066219272
51025051
1218263233590710273
1371815106556870666
1549478451874340865
1456051487038181378
1184880297776680961
193331243
193929154
984708302
173957663
41267822
1298109460355973124
1135416269723852801
1345382363514220545
860144029
44248480
1299704527998914561
240267532
66372700
304014522
