21415271
25042231
736579906268717058
48586521
854163785740890112
1540474363618656256
250253799
41345406
38235799
1260097627
824714079910686723
67129491
839073013
221543668
78507844
1455153381635416066
1565155593324724224
2484199258
2424869484
1250881068900679684
2149085621
776138319281451009
1113432996646928384
56248472
2878024792
66460680
1314646539613208576
203809353
365075592
948336413958922241
339933198
161112789
27008217
1426657302459863041
8416032
1346076736077889537
911441196
522237610
101105368
855938087742050305
50075678
138934270
1504933895606779912
328814471
701680421126463488
1222524285505495040
251886535
2500158267
1223796118489792512
193902879
808801196400058370
1434213113268670466
269594317
29709905
328479156
171282737
1506963777123672075
105323025
2832089416
246015946
220542527
1292852490602516482
80301101
374506906
53569392
526528864
2849969571
113214662
66699576
1520042854147624960
1514746646323683329
56249109
55402582
1015302215752409094
1452398647019192322
51532034
299824318
1280856750082703362
53554742
57807412
1493670872477016065
162957667
1481989980528467975
128124649
567251824
87245046
20147702
1262570876974833664
2722358861
44932728
37530699
3115070529
58113472
60369902
852123746974486528
239971700
90432796
64454791
376934289
32576568
2787216415
1114904017262534656
93438970
170158103
1267586627595100160
1533958982552932352
66872748
1415067233718611973
82940542
1547086744591470592
420371464
1191808401325666305
176943108
964949259773759488
1305924787
366139820
1430477006
1009980493847257088
1427787319696842754
1531967966333521920
3141740375
42027444
1484046366229807105
911052269331894272
1531048148608638976
2469896996
717496099641143296
809808733
714507972
322551079
1458955807664521221
145360087
85977181
1317115376
1023746093216149504
83720016
150950451
209026290
270438691
55625282
1169702460266622976
1125378975013003264
77108282
1513566236667432960
3324949967
1268361139802472451
966440447131430912
1508844145921691657
185916083
88919496
2678132881
1459796767
1270819105680101380
385657432
1528873615449636865
374835055
1041059321784819714
55105004
67898559
28140373
1423271297677680640
1286268661
1409613255111217157
14983668
1019350376192139264
28019125
1487829004929454080
1335293645583507461
60161613
1524377144784261120
98774346
330613854
1545096552804487168
264228209
76216923
1528712787010236418
149789964
68857374
273626030
99859523
40255368
1510594546555568128
1836792889
18161004
76767808
13124602
66689536
92517878
972462380
128532250
66418901
297653828
318528991
1321213727610408961
456317075
1527009998999625729
1045389871542677504
464034042
1145508420004536321
30488590
197462642
225065995
185453479
72339424
2604601396
1220716169633718272
343755102
1969021752
897298921076252676
30791137
1299788021257187329
1181321981469368320
101355768
305750238
1323823594510626819
2465974025
62038975
82954206
1510295349130407941
425264201
40385012
86780048
958803564
1113960634524295169
1356402359501467648
1385064569211604992
38690166
1272907131293970442
41709648
1304260562008842242
345442808
348077645
1348796251794497536
1509429912310063105
388874742
3057906575
16999732
437539438
53587588
812345787212529664
1456285382102843395
962473545405288449
317263935
102565249
2362098735
1212117681521876992
1519704030351667200
55310560
1261328436976631808
64258447
289063916
171328692
72756430
1078398974279778304
3142093204
57761531
491279660
115102624
1332971904
1641840744972406791
1590048506085007363
1586039953221472263
14328502
1481281789444378628
235986926
46538982
42666643
205038431
2937614243
1439722979181703168
217045747
835282783874478080
108724910
1221105068360990720
57017730
148573210
243333541
1006665057290391552
59850664
128030175
3538113082
459485252
37031702
748236406963703808
406963416
2903952989
112886925
1372362666430377985
305255965
162900206
1101319765036027904
294225571
1263430630987235329
1253961063076376576
28679333
738350932417609728
21504244
1527957885153595393
51343721
62834165
175521221
64776150
72311352
173408176
61178974
267731137
123601616
1535173086269562881
53276311
112446419
259905665
1226870301679636481
634034506
1172664662678298624
2975233503
1626658069609340937
423985972
1567983192195448833
1632947066946170880
93007074
1450115150456016897
1557075346574409728
812486818088288256
61647895
825763166558810118
354931513
146606205
348113836
15410917
1495404615659139076
3387282047
1286325183104667648
542142825
1059597114538377216
2957540248
853025678
57814082
190684904
1443038683104432130
164142088
404839207
85834455
139696469
70714309
1272773553948147712
34239340
57332945
1506435593160515584
31022648
907277877217042434
4925796315
1476301022784073728
1482876322368081935
1628641881503432708
898749456329433090
51617816
1055661643
68203593
1587397755244318720
194780780
224217678
210946555
35702601
34779125
1540752075499442176
61017309
4686115837
1555023323444174848
117454065
4001406323
134569423
3643742181
43341390
1436107274704015365
2741840722
1621262869957419013
1619303567902343169
966804833817825280
58366440
36764360
86075133
1022563236569378816
703003574503079936
226900742
38697974
3363253035
185064519
138587418
51165664
1495860612265566208
72291647
45363235
390279657
1038239209872666624
14226203
1388264769933697024
1458452998255005699
125509173
195560839
61235089
113350963
321236518
92167770
1560745091169501184
1560732291680321541
30383694
375925260
65741309
1525587843694870528
59426409
84166285
67344026
1382655284674445318
710226548507410433
182654872
3358087954
79477913
