781929521817722880
1481414343103295488
1089250636414312448
120956551
367186432
22197767
56851995
203809353
1486058855268294656
1421154956
64567564
60174364
27566436
1222005078040752128
1206003149137498113
1031612925885276161
20169107
60949873
161715299
2800826889
923007989430259713
54623557
17724563
239378252
2741840722
77055263
1484718526774628357
76257183
135401269
2187246223
18202406
964144491702734849
1293973275228471309
1463160812583989252
1392139123968946184
115146921
121940811
1481575520643039240
801099001
92010174
1120376289683214337
83958038
243624510
2759295580
19617146
48186490
526528864
1039271264299479040
2368408922
1969021752
4286004615
1533476354422886407
1089325133569896448
161046386
1141338625545822209
130945071
776166985797406720
1521918419771211778
79532712
316776058
91799214
139869699
3437125385
21415271
1133737191581061121
914178026669330434
23001395
27720975
220990073
17675080
1111756524983078923
3341982033
33924730
1643317524
586314589
323108862
2343950340
50193912
1527814337062129664
1422600060353794057
27412034
1480278191835123725
9193332
830118115652595716
982015378816753665
3363253035
280194491
76548213
2822168195
1865549592
971847510
71839760
1438163634866229250
2315950783
1459325755561807876
1512932195928788995
140579684
47184439
53150995
60407664
1216999831
969059448684675072
95684648
30383694
32762520
1052593852173803520
888564352730705921
842417483512459267
1494746655945596929
294363227
37031702
22157406
3063931179
3195640193
14358495
374280098
40082361
531854555
134151513
241973453
1705561243
1370284535590572032
2810507068
52520058
1440604975311122434
14091312
625134926
24571102
68810038
1553897545
960091222663712768
32127868
133227817
60397595
4039835303
1038239209872666624
187659756
1949540635
173957663
59464192
53073948
59214302
1486320233950461958
3114335379
762699587043913728
104118447
25146406
71581273
1047614019509657602
130326938
1423574890406416392
94380351
1076608878
166047048
1540591877191356416
134935429
930458238042214401
1979381528
3398126781
104660435
37416391
164143298
2385260072
41922840
1214714399182741506
1105176669575438336
101838740
38103383
887456262748811265
20743783
73770504
1549183038
362714351
1534662849963995142
1037373201674854400
14684271
1338586253860728837
222467789
3073497263
591412663
170497442
31412039
1146264598603010048
884109807694827525
1047943961397145600
1463501695099576328
720539615
1246212222541606925
1545655591
15430166
103969971
1411171083471015939
1047923061692018690
2398406983
83720016
188547682
87354759
1031610731379216384
2892818075
1558662396910215168
170718150
136831618
89717030
56807544
22991832
2739152878
579387724
1240765145103716354
100111856
68421847
39915527
407761838
128124649
423985972
68737051
1528531134
1031923952153755649
86780048
1493064968941539329
25042231
901999894885519364
3318922335
1222660446236356608
3069168665
1542192579151904768
301078912
47369902
1519388465128947712
726927612
1226712980
1363573075845988357
129336320
1216883810782076934
23362781
53383469
1629989550322843651
1575989802658402307
11343952
2543253400
231657050
199249109
422194741
46799524
1617861001117827072
1201421479
53569392
