1273073085994930178
163312074
2669823832
1548720429665230853
2937614243
35887289
52886367
3416908168
203809353
3298162567
148870532
292689060
318096834
1178112799853158400
438473416
798723839337316352
1173120599553728512
70574058
905616875257815040
823206363044212740
55899236
852515626459549698
125697445
218943167
431805085
1295755269931237376
235450909
55886961
22197767
1482444419777323011
256525294
180929724
170497442
72171219
1253134002921373696
1387242472678494212
3217646565
1440756753134612487
1962794342
155337308
1644110526
1496289991005282304
3405484779
142867352
33573451
52485654
92010174
1519026455518359556
1194339711722151936
58783015
143248942
1161459586265694208
1268267424
32847062
17059242
61603505
41053699
1374901242678411270
375820014
1478528226477625352
1523456444644925441
1544784584151339018
961632584169082880
1439548477
85342816
1287460552126738432
308163905
782391607601528832
1480278191835123725
28014141
51297628
27772770
1402804587229237252
54630110
26388799
44636743
185791080
1298599478723739648
186990247
1355246567788326914
2895836027
53800279
1537134065329090561
1627773676618743809
1482876322368081935
1444992257363480577
825337360292442116
56851995
2726288963
1480543790465171457
1461908787560910850
86454721
462255387
74198936
316072613
201542440
74832838
2405282319
1524438377617047552
135127771
78507844
1478854775282311169
18688345
79641068
62648137
228101035
1217890155429842946
1442327830059126785
1351223332537053186
962031988684210176
57525749
1006668874643894272
737130188803350528
423985972
418957939
1271214395511771137
1163503718903496704
796431374311948301
132672694
1015005147389480961
188546872
131494231
1030889176558915589
14404522
84458876
23362781
58921547
137155875
258478075
90000556
1552075552252624896
1549062076357910529
32517420
2934705850
482978541
151726055
282299390
1279435111516299266
51321035
47137516
3219741394
56427275
38020488
1468406969715339264
2494016282
936006655288004608
2434380813
1442630401093259265
796930122
1431304287322263552
596988431
199706558
1380685514861387777
4197961689
41981015
1596084045535903745
831948567862509570
1619754188719751170
1502477284820852744
1346111702312615936
47656062
1365427084634521609
1521405873867956227
1518630222819696642
42027444
1643442809469370369
14322322
289269778
1461907070245126147
64231534
1559865008321880066
215475338
46995490
702266678126780422
113927524
1250550402405347333
1560745775780470784
1191808401325666305
758767661417369600
1420013130948792328
15946117
73962486
1476189561109856258
69044546
1124842670579507201
1351335583377985538
1390421363194798091
1511339658470383617
1255962060493643777
229945618
2953742253
1617287215725395970
1633584198719029249
