1519058242764255233
1484143780030726145
100560298
1541168126
109050741
53195346
1525310754815193088
389141081
1515471366698455042
1067864439284736008
143102544
1523447065417764874
1540148123309412355
1448169061456785411
1239730606277373954
1350110199005274115
438473416
57220858
932258152359366657
1390684853860016130
447329952
1330369985139650560
1534111747694551040
1140076640166457344
2472958435
203973686
1545895490650267648
179154533
163472972
56442329
144175195
1492251512520814594
1060346023560859649
1505728351721431040
72180781
80692778
1336042317015289856
533294649
1628464091143471107
1630565745095585792
2984188503
1527398280019206146
64885525
71674128
526528864
745130881619099652
126456667
1546555668693504002
1401592252225540099
1356939614246891521
1342457543566700546
1547688784258486278
288732031
202331197
1525606074740523011
254242619
1145508420004536321
1350854175429636100
1526213439256936454
238388733
78255245
482978541
1474835877339750405
160326141
289045959
47764706
220059940
716674442911416321
2937614243
1529020507831541760
883718718458658816
4877786896
932637960155156480
94091995
1523373524869652485
708159327509422084
1133737191581061121
3295447067
327118386
205486971
753967667497893889
1636704500944609280
1482876322368081935
1601411836540338176
1565513678513995776
1190968634526588929
1522225281011965953
1117204727031373826
1559765283560095744
126547224
1575144598636302336
1490061891913359367
2506152804
1612564996524855314
1183876218841653249
795646904851955716
1169771365668405255
14350111
619054047
1534189554894352384
1542215123498143747
65943547
1320329582269112320
60939899
754496911885893632
996275135647748096
2536291424
846385744432259077
1519271381183213568
1621147014439534592
2638976257
2997540153
1562043698824740867
20783135
876655039531692034
1611496842
1530624568007737346
1371650307927764996
1560733718762999808
1284379460
61304976
1260977776494084096
323521237
918677658535280641
1556448843939594241
258352397
151725277
47502733
2948921992
1532861833279066112
1640234275403362304
