67895112
715191572850147328
284209453
3359660939
108483874
106761409
289063916
316776058
28346086
148573210
15430166
42139769
97924015
3072319151
407386438
247395813
1305290834259193856
72370468
44300313
187498826
292550486
1282760525110284290
829360890944315392
2828720748
56035594
3131087933
1053315827481698310
2953014478
1092970153178992645
41694143
4868035911
871924376979091456
22576338
53073948
35040342
382694183
1191065864759644160
1069224860528840704
112726540
16595668
1522001538637787136
78158660
22288598
105908157
2787216415
120556049
1476023289789222915
56119495
76481710
456176493
174018718
381667552
1377267546043392003
108292520
68737051
22283171
60097814
423635618
66774744
1481603685021102082
1056897457139933184
2778695574
1245716152204091397
1098387637751156736
41958045
65480733
2802513963
84241251
45847677
1225821762371411969
137942699
1257378616050094082
137547006
4853982353
1494717321922949129
54993318
1496321460620734466
138257731
49959610
1425095959059603471
58852093
69892426
1959923005
1405643690786369538
210512302
36546878
719932016360337408
17230271
34779125
52833087
56699915
2237610920
1419870426390536192
1514266592686886919
1185223084623708162
64090963
27008217
71336251
23961187
1135954054675410945
73681164
1441202399566172175
302971809
330524658
386768062
107588289
1356789639701479428
1260207099121975296
94805811
80901793
20783135
1304509993358708739
72601613
25042231
78188476
1512420948854587399
1284699214598017025
176277837
2597231012
158160208
1191531792
1494332346132172806
15165399
2201896908
30893561
16668155
78099686
1013082988257607682
2345541885
115409680
253223435
1436470090413846529
1526024866234785792
1251395802255298561
1266075811
1521625431639736320
23166886
1511557194910777346
1124686646769856512
1508930699109277700
104132815
1470915850442100740
79796496
17696815
81593903
96025958
97332840
76394338
60759662
579387724
964916587936534530
16888542
18464533
298757506
843616776
979942467419197440
1391178534903853057
2196136671
57531053
1449486951254564870
1387185770767822850
18688345
47130564
49883959
29720850
35315811
188512059
172846603
55665283
1147436723971985409
349187146
35468024
1219084240014495744
115146921
712931232
61035194
52267508
1394653443340517376
1499117002664853507
1374904291044044804
2306707293
27947163
35872989
68058272
42498771
375925260
56835757
201285499
14071457
55968440
1270123933497470978
3643141
473108403
69343364
8791982
134649778
1388204049690992641
53587588
46576649
67966935
423777834
1295944890
48007354
303478419
162213821
142325755
390665071
27566436
484174715
988606353253044230
68819250
209026290
218625907
20743783
56261764
18719599
80222713
286968333
875813289325932545
90533220
1543982499247824896
1099486206218436608
55970374
253317314
1486058855268294656
40125120
57469889
1028270509115535361
164796545
41934128
223987924
1461666037838098432
4699948116
857624090936528898
761974464712208384
9624062
229697786
2504311637
272610805
1088590360400543744
607737998
64422346
173819903
946332907056005120
52058931
1444321046
56476092
2425756175
1390016160918294529
77233601
97047212
94150452
2517036677
1404968615447781381
1522691205410308096
193498856
1347077785
28356964
948981006559842304
23579118
1295383206825545730
15384035
125864433
27991603
1546498676381589506
780822022020472833
1498363951222083595
30376292
1452115072789237764
30326203
306307341
1500611297167220738
244593450
1256096582
1326946766583951360
201519238
133068269
33195813
1103096280530726912
34123254
1431275220
3638069663
1041139561496104960
236421159
14827952
921197448885886977
3409299071
101355768
1093169613662244864
48825283
59800068
129978662
23510793
573309143
1526769531779268609
906695341810098178
293825688
94221894
221759428
8958492
9358142
1126117993715576833
209685597
221145198
82914576
1423115178762293249
354011427
33932726
1242959027518275587
166634136
168504921
85642174
3020591703
215289169
59874425
370796645
765913081088241664
402255750
27921417
164142088
1053256480068169728
13821652
1206053026890493952
825337360292442116
35088563
98699049
1500160402897973252
78632358
58612090
58070434
873538518634688513
176943108
37793342
237877163
55563197
294946677
61116586
40146795
1478192195240960001
421258780
899448709838241792
18293936
8205502
213769407
15052095
3288782332
70424635
1311129100686438400
14504663
17432419
1250726909513797632
107700921
74333934
1443399233260986371
1316890925117865990
22857872
370343242
77082776
280194491
274077339
70455854
1395170812844466180
992455273670500353
234034704
1538013908
442091768
22428146
27772624
1198398286207619073
438505361
22402665
188383161
24956368
131285084
1335230705647890433
53796569
74315293
66410762
1522883136664838146
235325497
2922864561
1121631714382503937
65106795
546230403
1349027867611590656
2217260700
1519798261195939841
131689007
1498975267641081860
891810074607398912
169455724
37961146
501177937
1347944673327931398
1532882473939763201
1417467357367255056
71581273
1410706253563768833
76365636
30598341
3338143649
920707676081983490
22331529
1249758495374807042
4286004615
1527814337062129664
162957667
37339121
197465722
49480741
78997397
762734807013068800
144811662
1080199851302965248
35291115
40351394
26042861
749062187927343105
1430363674309533700
23974117
762464802769809408
1497318285162991626
1443683081588723719
1419145668271161345
14291626
1440803859627003915
774469015
17783971
394404431
1361821886104092682
1225819738791645186
1297387419256393728
1389014877692383234
1283040177246674945
67685402
62426768
188090798
21415271
16334980
1103370507070726144
926196371589419009
1263538593714376704
16727177
924785475881234432
131521886
1421654508
1435077057541808139
34264727
45447020
348475556
55765588
459068565
1010160004094099456
906138272669327360
746487584730251264
156636017
25932877
407877125
78372387
1285912603651452929
75911540
621544152
52363865
88499540
1295962101853368320
3331857009
1241921360718434305
2902371155
137155875
79637747
323631766
104990176
1029899068846354435
14837227
1495745753779683330
75606644
67306723
211588160
111377606
1303877860969644040
72369137
1136350755756093446
46799765
174262112
281769866
43370903
2232187723
3386584791
202899699
46101147
1220031831740907524
1187102712
1197158166242484225
1448698943802593289
208823732
25617433
340698938
2707277671
345311598
324410764
1450458071873069070
84822352
1284477620168658945
33514428
228013649
25574151
279360128
106129983
351103760
1533041370239311873
1105471538923487232
1340742600303779841
117825287
19907731
16675154
70803859
1457931274283274244
1898283902
354388487
1141755419884433409
988972977139212288
35070455
83714348
88919496
57840390
85217215
1058318048862572545
1311079838678220805
1088594612598591488
1497317681388830727
5815152
81713344
1444586170235727874
114909944
1519634734497865728
1052446125016272896
3092372237
97005665
25493900
1507873148527591431
64523811
73235284
14119329
38532553
1315607062831861760
3517365621
38226685
1151589489149718528
499147484
2885097263
3192715942
97758287
3864453645
2974493271
233166705
45235681
2473322923
3029000297
120956551
57256052
59869334
37821061
1094712207118610432
226296972
204518161
1528126280
35552367
991041730618290178
1165228952534880257
23575243
4605372555
262338689
103061655
42090199
428695708
155337308
56520516
13363792
1184257534988816384
52591659
125453477
1427325581960663050
1427682775096758282
1184462780629487617
86137639
1210285695866200064
86407223
13790232
1385918919794470916
1402685269279711236
201580498
3291424611
70509209
1463385409338023941
626237487
2912213903
76257183
1218263233590710273
27355168
3634982781
64550233
36786658
1509120854239723521
1463438926232887299
907308025777713156
1288887885333172228
847753393900666880
108637786
202808816
49627554
100227419
146975283
187218381
235231869
1418387537282883585
1392544454964391937
349189269
43572875
2965095953
66653237
1282773009032523776
42673823
824268093514018816
1058570406175694848
1469482127481790464
1527824186974019584
331315770
1084600726624583686
54459099
254618402
35072625
328618009
2200545902
69362233
94665847
1053047276191600647
239765944
1529216812059185152
32411283
68088445
550611367
1142533498814832640
15349705
29353616
703557068851175424
1402755253431410694
2759913646
118071527
57100510
45940626
783343325956956161
253331028
2991833872
734422750677336066
25899752
71863016
1304035186049515521
24445472
1250070596211412993
48161983
72872324
51929469
105734289
1613027815
70263671
2645598697
1181198512136032257
1530127527678730241
936496012453171201
438473416
2737280195
1391818601888354307
1238288915083210752
70753923
7407942
51658990
291876364
35540550
284297513
62520080
60200792
1258832562186846208
1111043919024963584
1445045248145698835
57017730
1527052173745524739
64321869
17110057
1510339063064285185
36764360
1510990551344111617
1251234897034915844
82419757
60721389
96581197
18581527
41046645
172195194
1480173060787482625
107445075
55841054
234410458
329437586
31412039
1527485065751568392
1529052614834409474
1522829621120712710
22134912
77919101
1272930895075385348
34091544
38732610
1283244085864812547
26612847
36060786
11334252
252593537
255288790
214292151
1459151632965554177
1644110526
26529805
71909361
120614967
65525732
1167599116664414208
56620009
1091499218563448832
1672128631
14603625
103995348
169964377
2469896996
90894960
41724125
1290712371502239746
1477008642545262592
56398558
89579386
1423871670914330624
30232023
1116871032
186612406
1433149665382387722
83494348
493215182
4475040857
959441345898274816
51421519
1411722531556495361
757148174
1540474363618656256
53520976
1467416846
14818332
3324267797
357561011
12708372
211298965
368526040
3054464278
167471254
55298352
105297854
2962880201
2374664614
2682631134
131378013
3290793863
57481509
797474979881357312
82427060
1444730024150634502
819617510140116994
39260087
1525572201675636736
1496146933928370187
1508091205237850122
1378922957389586432
1637990085768404992
40936806
1121445240207028226
989628605364887552
933355661018238976
1605125699446226946
1327063264661037056
97034316
1547911423988183040
52912420
1500144994312769541
1445945975189745678
4563868216
1633838685287481345
54682496
1043500938
336117114
398458169
1395896313322033153
1636312614547464193
178038438
1061795518052003840
47546665
1635135262006149120
1085302782574452736
801458744
201967265
331913987
1508173872662728704
1169970228727599110
1479632199704059908
27245530
3235982547
796464332729159680
59050587
2403761336
14948284
1111855329078362112
1229987860973064193
74531956
738143559920934912
32792380
1482876322368081935
391688865
2214807172
52808804
21242707
2669926658
307841414
28437915
173957663
181857423
25315981
59932435
185916083
280665821
14244243
48793694
39061837
888605054139326464
1327365418722484225
14583849
1468311833056624647
1169761245047771136
41177838
1212716874653286400
58274902
710615206884466688
1468000218
2474301012
1419026488008060928
177174706
56397631
151169791
898170504078643201
1205124909522915328
1402106878902030339
33631090
28273980
16030618
66219686
1158335432087805953
127625246
1483035612475179008
59916086
1183491766089146368
157508037
1360212608515792897
1390118192291500037
1488111475789082624
57794600
2170735714
217871086
2428055045
47395147
1248229525663735808
1121401968604450816
181382369
1157466890
41333790
1496866620748279811
62385164
752649523877572608
44476226
1150111070280925185
52866878
1473824402970189826
41430381
10668022
859961070202630144
2860253091
195462993
22044264
37320725
91840976
214342784
1438951354375053314
50094458
1513134594035531781
1056696880938278913
127624607
137777595
92607517
9232442
631577596
820826820115316736
1373950792483414019
1475701216176918532
1420864480334995462
1556500766461943809
1482432073919082505
105962343
1237506224389750788
938796334060134400
704112799753113600
51495013
125074984
184546595
26542481
556283885
1038957951040593922
1105176669575438336
4855518592
1250202398544605191
341989719
117613032
1352857440
1486850039423119364
125509173
30665536
53411043
335059302
66996897
1344856486967701504
337596942
926225406549807106
51297662
714194586
33576349
136349177
24875696
78749759
1417901661570359298
31219591
889984327257378816
1560716891039072259
1463868997154361352
236950871
108699469
229107236
1441302198
3237120995
1145043178992615424
750076175364530176
195560839
61604649
1458453420600401927
58879749
163581731
792433205504860160
39788592
48921028
29817645
1104042862918987777
1301371401614524417
1507361530022670369
70210944
142463461
414008840
179693336
2962136217
18325317
1203207687628099584
1498493957990494209
67700289
88296115
1529292274827501568
596937273
34347274
1462083026
3092453777
247861366
177217556
83720016
1559201715269865474
14328502
1359619452594245636
59803179
1498018090692579329
1287460552126738432
1518900099300184065
168169793
984266631554707456
70573414
131146407
1005892708324532224
706233183839371265
3408050429
67202036
190299430
1388160342619004929
1556453710112464898
93411175
1604605868
569752107
1557037470885330946
1115033743830462465
537962748
1260174921906479106
74256272
20704620
333376246
54063471
56502934
1270401689225498624
77057875
78694720
367270447
61900700
1317419543439069185
781516185871478784
32518121
1561041587223789570
3306316870
1320449818154672132
1513547809857105920
987010994080747520
143186864
400294056
51884308
307649595
1274721514030608386
1648921452
779107727457083392
709251932158828544
1094736234021376001
836551292935892992
1560483815855882240
27796406
1118159209
52837716
118122013
117719574
1389003215518289920
1445076420825391110
540440005
373428651
305750238
51565827
32752980
133689922
123712813
1544070893034475528
63931272
1647061882824544256
1643838408643473409
168703201
57581510
1101921544987648000
72173563
1535667134554066947
86780048
1641460414197399554
44425081
10164502
1117647061896368128
51242253
880229392403886080
25939664
81270451
1501969684152864772
1246170071141138432
102065736
2257352207
1246450413815160834
22999846
1249540554393661445
1031577647971807232
4800229121
1449925037285380097
1328140899063369733
1528627029163352066
82690846
16243142
261896882
1277396396040208385
1162332787183144961
1417881344210841604
31150678
1461236175323250689
33887545
46223918
336761890
219177143
46291446
1106324144990375936
860440363
1408410275343220740
56372027
52647938
238767519
73519574
15692857
1295119697055285248
935247710
1359672332990701571
1378867142515437569
1530266753875443712
102992758
85892521
212382294
140653252
738438457131958274
3744021
1691766446
16044132
16339549
79792883
1195407769
48839257
4919229467
20508939
82206849
1368251030232764423
240063567
1308989283525591041
11351602
38511736
721985649239322624
1009874693183229952
1482417351316447234
1537826672128425986
1173120599553728512
1411282015568240640
43685651
57011237
3002223783
224218023
152337601
1503202991381299201
113444196
1537666821754585088
60743669
264483223
849091821724684288
3132315712
950761322
1064740464199385088
15495065
165493001
107799831
51931982
89999916
94878293
25700962
587945749
1512446707392552966
1169408620959846400
1463810394166906887
59182311
71562250
1147552499425038337
11784472
2167390714
1508084391192453129
1343930935205646338
751619877673263104
94453606
73770504
1450017805282185223
52721293
61211873
1380189294275477506
17581343
1434564571289772036
182654872
30216274
853994633411670018
51163962
1025497565301809154
61926981
161326582
177703223
870745039
36465828
97040998
37035780
2803840326
48359963
1504933895606779912
1542621577468067842
1075223674909806592
1494954742128295937
28935088
283790380
116598084
860698105024573440
2811297208
1257892099552403457
156415107
157137761
1636516825
980443530
75471043
53101996
188454784
857961237803651072
228566400
33275504
221082342
1212344768677548032
35794011
1246072929772646401
1213846556203315202
1061941299966820352
210170358
1708851235
1036811344186691586
16395684
280154516
95575177
7619202
1247350118992547844
36757275
14418146
44470239
4909849643
876757049895530497
58580471
1483450881727242258
282535224
190597238
153777892
1131268876329660416
42233816
129336320
26302424
862513225
1123020497011269632
191519304
1288147006079279104
807241804869435392
1221966172880547842
83241944
359333897
1450624831834267660
157357984
119695079
501131995
45937238
43420548
1255600764141142016
243783271
1085234291691454467
8532682
1479957329466515456
42551469
39150749
1494512156099891217
16701382
61655429
1107429430069260288
864853114142289920
698176612408414208
1327453874412793860
1428141651688558596
133753965
1393068681987510276
221225921
4441986316
48894843
779899639764049920
94247033
1063804299174662144
406498784
1485767426704822278
23548095
1154204226299551745
400827747
325238685
53128208
78178016
1245563762880413698
1264023381323788290
505334289
1504546790825205768
1921542686
1134601281669128192
92370066
66140524
10395172
36187920
61940367
1144070540
1375539398
930817103946571777
488580912
3895920743
153095286
299277763
62865363
124804063
41647014
1170377061619421186
29732635
127506470
1495887384176648199
1296897334186573831
30281434
1550127107895750658
134757283
417364479
1120376289683214337
151328105
1483968874869628929
1549735293498056704
2677446873
1924942369
1511058555985702912
156574480
87285460
1173536563491483648
67134506
15883476
1204789324476276736
427046764
192781620
720736575072636929
160700133
77088222
49166598
1345849754962550786
1550591195142823942
625134926
4239629421
45037591
38965217
86993661
1518266218335162368
135159290
1296358292
752826007074275328
222312829
126127543
33403987
1547778522566995979
1548994361140154370
1511090961950068740
489928986
2765176287
1549893568067665921
1236804406869401600
103722851
1461480992691134464
47343056
225475300
36748548
729505869604528128
167095721
1488334525147107332
118110296
243165298
28867469
4111041
88906131
1225767665530261504
991436862
1214362437387984896
244191825
85777200
340470755
1427660256
134131362
45691554
28030497
1319341609767653376
1034402150145839106
1194245002815246336
1388721103288381442
1509605196074258443
206877215
151393405
59743531
115109126
1449159385415041029
54413809
2818103629
1146894852749221889
1042430710907326465
174500684
1473046676914987017
3140826667
306273796
54603026
479443694
733368517483999232
390279657
307655659
54194322
1020414994356342790
2484199258
221156709
3346710923
1380419241996906499
757203159966244864
1344757223008980992
1254804437580857345
951189217564135424
110419084
163707938
66514992
14465338
1876184246
2791696259
68885588
1496003509623439364
123998132
56230286
203809353
2416116606
375250385
1137581080788307968
99602134
3207513808
60140015
107785164
177743869
90310598
65138908
43351341
62180791
15735007
1436345900436185108
84745342
145289944
207123161
1603308822
1487996534696427521
56936324
28014141
1059736961307545602
92010325
77386209
174494258
28916466
80628503
151078515
17870916
61341485
17243277
1507503673479507973
3084579605
1221425677213339648
3804239961
714645120642072576
2911921585
66809146
16997115
234036183
71890905
1363130592058101769
316775437
159584853
1489825343934500864
33325255
135692805
70469872
194876021
55310560
15817024
2845855215
1183394074528813056
147770692
2837685777
102160355
1025802635595722759
36394941
39878749
304089212
747577257795985409
52161737
4159721333
1228837021
1518759122593800192
31138182
33373698
3081022501
1388902845529927681
46455841
1085642720381685761
34148913
1324407386656878595
14409620
15410917
210258990
1089325133569896448
16631711
1484260760721268736
890331992063176709
77726892
54298229
981780385393672192
1268865085428117504
133397211
2416793525
81496812
440380027
25577896
425829392
1076201807007961088
198720937
1003860747615686656
55974850
735015342909558784
1929283104
831922788
1140433445883142144
96577034
1479200513375846408
328301925
1023746093216149504
362660400
985544858801754118
27494620
2868037334
2845836791
14287669
38164758
324675661
83594684
46726346
189336240
64631305
1488551832095973381
1531306770295140353
41454280
1074715205639303169
84481975
2663965709
53837522
44993096
1370176264821219328
1127989784792772608
118925906
78997743
166671180
52742556
14503489
1435573528259174405
59883726
29502075
52089108
324643939
169665020
263542568
274270441
100596591
36100632
121456458
27152664
2177060390
51405210
264485409
33944698
78608905
40563731
1356393730295652353
57203676
312923675
387346334
201004927
1069974336663113728
184541699
240330105
220499849
86155764
72184332
35131751
2911927431
49400289
1021033572352905216
94597726
185058824
25466952
1450862466263658496
51185359
198545534
1361149541110738949
1444045473120243714
41040968
707940941164900352
15307963
1529763791872851969
55886961
38977827
1240067266047365121
29120161
1066708147098787841
1353756728756731905
41571129
27091460
1283754791781511168
842809918294048774
65275699
1387084389381775360
1059818709764792320
1239314725713981442
1170490477
1038239209872666624
19826881
8740262
984271782000644096
1306414559146717184
2512997884
1186622354622996480
57405061
8535022
3572574796
1520201486067720194
35347680
1158537169876738048
985552521149272070
144710891
52836613
44810649
1316210909891768324
2636196581
101459494
61677491
114899857
3217646565
3015715089
165438762
35021879
41499336
299330235
1471150831
1539987629973946368
46400543
2863692066
312966352
53592137
268292233
34975846
1352449073853452291
1495652425860014089
102158515
789269801055186944
20046305
1446450738515873793
41035689
1372247463894061066
896864096573956096
3131820983
1118902686060097536
1186471855684800512
1145863684511674369
423985972
169512806
82927105
74603576
26407502
35625891
8416032
1169021895146135552
1382193497709633536
768209683995918336
40372242
3381522531
53371678
857292318264741890
82341234
515847461
748627564730650625
1229418075633700866
97021200
1070317696972144645
17013899
1381813938170568710
1470745623372738561
562107096
60825984
1536310166928367617
82958591
829322272020299776
1117223651294830594
1487978395560521729
37676691
1379408202605936640
121212107
409548876
53202504
602467067
20254008
86939803
1514012085105086469
950742763804512258
944100184216260608
1504463854570508290
549656061
75348255
118485911
2290230883
1487211751619928064
907395692733374464
41730591
1391233893064392704
480714833
41895843
1293633272325578762
2960820226
1469593779694936067
1208819490080919553
273781660
1398106430398513152
55467929
31183475
116864933
62376183
95657591
53773201
17423994
597961942
4627296142
940425179146215424
1191366424884891648
1443227901919440900
8373162
84912815
3095036010
72748447
1156040529643286528
89981519
1270542452240367618
1148535992
81907987
3241107603
1415342203954679810
38324889
705794796
311565004
1477516910
191723258
29207630
1514402000431108097
1445511583421984769
1425965078646493186
362395606
40227183
62695011
4516320981
14220748
61109931
1057088755318906885
128124649
177629082
336199865
199249109
75306168
1226381700168474624
81424424
822929250437177345
74288525
1181938948702162945
1518606114597871617
934879761956065281
521461131
1420927006535995398
54356823
54430305
65274536
231950915
1459233362170818560
128679531
14052461
1245812428560109571
76580569
918110876049305600
217407136
2356629355
70416399
43364877
1579098193
325801796
22197767
704815295207247872
55619560
1474013297980624897
1537989315992596487
2662408269
219114916
332291733
1522551479646756865
743178570093072384
145713936
940303042687184896
106774618
1520945384671092737
1375434805144338432
68442880
795994087275069441
149226398
848205260451696641
706629892
1464931280387285000
1327431442780069890
131795608
56204396
118876845
277757351
1324327472326991873
614455528
759767274
256243852
68469911
28884968
241303038
1531101933238353921
46981208
1070402868937658369
1428222142295027712
41709648
218309655
1312786972163928064
31047914
4339611
3068314774
1080232250015469575
147712554
838833999334227968
166600839
79581052
27981929
1054933626138320898
1270722804
1382135442494095361
56559217
398384968
72770024
1493064968941539329
52792186
29267409
459372370
174363007
54378874
1486733809324232708
521811609
1438472281
1299559550090182656
388488861
1330890740105424898
1115911847524347904
189146000
51888376
66769124
57110248
2553177654
4264597984
79290567
114936069
1099364058
87548842
1120180404965838849
1488517548513677312
1290741585563484165
2500629679
751696398
1359002871568728065
1552112744
73284427
106859192
4819512868
817432833601994752
1243426227597139969
132909997
376934289
151725277
49053242
1174059294473539584
58827022
957950249926086656
51263763
15281396
20113972
167620020
1461171534454788096
2716711203
940379690216443904
151540195
4855694277
14400616
335718230
1524115098666782723
27850924
15454050
1515567949091901441
1427316595433553920
1442629809784381440
1106419478
95433357
136118232
1515704887996293128
14099402
460278928
1326011333813424128
4608008475
876205295126622209
85299365
1620366916278960128
1081345345349668869
1235646481622855688
132471365
62257886
215824171
9254922
79717192
76203465
803067272466153476
41384930
380455851
75022159
1503924414278160389
233032751
41650084
558212587
3434584691
1470857820316868608
150413399
614710137
2176108014
207624102
44948170
65049622
104202366
1205266233161064462
1190685918941843456
198599260
1586618717353435136
58634680
962878861812944897
1409474119872176130
1577213985660747777
96876429
1553971429665898497
1581776192851566598
1131599896723841024
1611113017697095680
1322464944
127277858
49713441
1139938341238050816
162937441
1390501788713984002
2165665577
1259485752565682176
58884201
1217237086425751553
16864622
173513369
204623199
138312243
26481196
31422618
1570625149413498882
106403762
703961955623706624
42486967
130382813
47257996
1567042707071160320
16169263
1481386358031720462
363188262
161828731
763730687342080000
1111293545246351360
1615411948648022016
865772845665841152
1362927043894272002
1620149654632407053
1005679527480131584
82096390
1054829744301228034
316829112
42421272
890725709852880896
1432083748116385793
1237774367083450371
351941846
275655023
1158832654982287363
351107149
1335360111854891011
163686818
177316897
65064890
43155019
1616207969334530090
135722182
1286281877675020288
881124248
239063669
1563638317572243456
1616308016
86970841
99001288
1485438535679283200
971924242496401408
4890472329
1491799631675621378
1139560171351552024
1455153381635416066
317478010
59169696
810781439616815104
57006181
1583083931288616961
1619533186052022273
713533305128411136
603345277
90764542
1489250711103623174
1526493967
1492477695493652480
772881087655739392
765248121316270080
14988415
1528192510803300353
1495904461776113672
1211130987712663552
218334819
86701290
242495366
42327483
53264762
942889543581294592
1361512546029740034
1550220259608739842
451495838
593129792
1605322031599321088
619226472
14574948
1479836968359972872
1295356675235479561
885987816492199940
142173380
1004473003072245760
79218110
105317409
147298962
1157005495808471040
1364252637013680129
267835768
1267518835
1214749838996312070
95674345
40090557
1385298307988303873
1444308799381200907
202053649
1517351939264204800
1241116260064202752
17593432
267293166
344523098
1416915625499414529
1478913170831982593
1557550306925461505
82268715
17059242
1343688805602238468
288826231
1345013533323517953
1207489299895205888
55621012
1025982987891027968
64547382
171721635
51303342
33320749
1531780478025572352
1026834355551985666
72685903
2764522719
1389312129107378181
1463897153626066945
1175536929397452802
1072147352255905792
81004025
1304254296452669443
46527055
1228179174726066177
792315093912588288
1515932832216100866
1240520560033124352
1579497048805629954
73956998
746395255612776448
260414894
68887227
59038937
107294216
1446141523083636740
591961954
1075490755
29769783
1153534926706401280
58606953
1274229214183673856
67147947
41915011
1505193844501057539
595755969
1252983523927044096
1518754507458547714
1133081081966731264
42240743
21653078
308759931
1258812706410450944
1030169692311351296
1328360433703657473
18682419
1612160506445316096
125727234
1592946556470263813
1385743148522086400
1129552148776345600
33290764
2815692538
1584649747985571844
1603195759171715081
135991255
40084738
1622382767316078593
1194462536499974144
43782481
2434411259
1617912157667991552
26817727
2479474222
68203593
1545997638285361152
1084400718470094850
1357154217580978176
182888063
215737246
126854443
37530699
127294803
111651952
944563878
39820540
67915932
253659758
2533225485
48826149
46700167
53123781
14673230
928252346131509248
1214214764416528385
17154660
1358483278471258118
1091063609801826304
578503647
1242746868167323648
266254179
852098258
1564444360321769473
6504632
1430547952569827337
1600312532589318144
78617110
2799355810
1112858963106779136
1200218820901834752
988403228072140800
196780891
1043147802879160322
57717875
1047593488693518338
1395178770026352641
767552771390316544
62625663
72720022
76316099
2526096661
1589419910911893504
1368722537518149634
1474184452045684736
1542591550437326848
143995884
1628161872737325057
481318877
1216236878409670658
200621692
1007930785
1613893770600128513
41292330
103851211
1470606485382176772
15493820
95315910
1080311513016082432
1253523555310096384
24275536
51617816
136144569
1133534641758064643
116918749
1080495790093713409
92010174
6609882
1371693682819264520
882033988008894465
87797188
88621088
1216457747954389003
63830471
71715833
1130822051923714048
3349680335
1547445700761423873
1257102073
52672339
1130284447914504194
22152627
174681064
1546230475991171072
306032645
156769386
363245657
255956055
1445107546671419395
1137477229959626757
1343470691849539585
839097509431689218
1178320534913896449
171594489
248412116
1056901001217761280
1263213544453128192
1159918536787144704
1359987290152525829
1071339284609855490
355619457
1390931250
1373117023471943681
48025888
39328633
69676999
1363573075845988357
43089906
1218943863823511552
1374017196414885888
78108494
192287573
371479366
177065182
14607119
1243598500530720768
366922611
1285646227787350017
1078857420976410624
1052571715182637056
271389271
69141491
1415383504297369605
36169291
64730843
51341000
53219816
34654919
441870722
1517936480437649408
42881764
1260097627
344679628
84063699
44186555
96889487
1233948635949338625
18805591
899658002353049600
249256367
1140972209395130368
36993251
1551934025949974530
13427702
76022404
739824581112942592
327517635
62422405
1528787203102494721
192584779
729486204
47610991
1400020460612603908
1552120859472662530
40128996
1183466863885475840
1546556474331217929
1224900958943170562
41818731
169825640
956447000
1452572571992477697
279271998
3043211619
97832019
33386496
1495404615659139076
1389835867422957568
129136971
35540017
34265888
42027444
1128094524440494081
955229600715624450
65729635
857895846
1201421479
172040378
1069219163934203905
873127550318333952
246021559
232330396
254685736
73316206
33924730
22530598
87819478
2700841241
66418901
1363141512700301314
1431574572915113985
1458452998255005699
1473883084428828672
216420493
167597372
1133539908705017862
44519940
206677845
81013744
883869252083752962
1281641973108166658
251076798
1350867006124339204
113048871
1004561014573223937
58977902
1381561246370168833
1236331696309616648
1540798436273885185
4869521992
57256655
913820328652091392
1523482628808192000
201041817
727260977113235456
1542376893428662276
318853812
1452631605747531781
259730360
902576060063260672
1271269447760859137
1394946172633112576
70474713
9336242
195620564
794332895271940100
800898151980957696
49502064
93046713
3176526903
1485669535105667072
100353774
71672841
22959614
77075881
1270899980228837377
60161613
1002026651193085953
1007399730375249920
1341085192589590531
99767701
75873979
35352873
175048113
1551227865601015813
1397390669887442949
69439464
296977378
228158097
1411408721897529357
1046198124904140800
42722945
1450828626778365954
182038489
28574358
1558913280005005322
99023218
24806629
161892582
1518309961226407937
835302276331933696
232610012
1532823989462401024
73209321
1476639020314681345
1494447863505510405
193331243
263341227
4822290845
1316854902497431554
102441260
1414561061626318851
910956622855499777
52809507
448551104
719427905760202752
84627429
58981064
837813698370617344
184988700
172161992
76102152
1398468893988081665
215776349
322177892
151581569
27266778
41289575
64808395
104311824
162790238
239440786
1186258907028701184
26262276
53578746
887305063856832512
41910027
707025987830194178
75327006
1534042202183278593
51610854
1549228410236461057
199357852
975842633615540225
1027733533786292225
48186490
44820424
124521494
1052381395430064129
1602132146
220183604
39915527
54966699
880896900
284251235
188123214
1498112098538246144
57428241
16427571
114581418
338086978
3298162567
48398806
85977181
2834684794
62355962
79197289
3722290275
51884947
8517652
53569392
65396980
362878369
1231267069762691072
43833946
1294043912093552645
1546314389774548992
40325461
46498411
1507399236354248704
60660175
35839786
18244815
490691138
128780460
85631214
68980987
1254464763024850944
86160670
82940542
1082631274920140800
1480531901525995528
144001797
3047685931
198614199
244816511
339231229
1431597398388842496
3670019717
57164481
1532821666962845697
33621751
1330186924095631363
57809549
114826954
983761072644648960
34118957
40545757
1252718528798605312
1241905090321137664
39867358
332999967
261263814
201882598
1215387021188964352
51554470
436949619
3404349807
1393430436496519168
1213847318195101696
1372435235632246786
207600142
783255681830879232
245395381
1488169938812608514
3333336976
369175386
52560164
219675162
41838450
35546360
816340384204910597
1212123042
120498244
1427626625542262794
942619364
61667712
1074362631878782976
1351653758372077579
35779136
633439903
1212379746765430787
1520715178710646784
1524206615913771009
815100174284587008
724537111
68869541
58612085
66026648
36417316
35108118
1087403954407948288
838874351466397696
166173476
4735582217
1308158267986714625
39324634
1774278259
378409027
985647642574229505
109049442
27285952
49408808
991286517153792000
86765582
1111756524983078923
388335853
1252992431223693313
530793687
1598561460
4760170701
890996919664881664
37664527
46396662
783376800
46484768
130211207
40704631
3410884066
2990289599
16256451
1115409787620139009
1535713483722989571
58783015
1009980493847257088
274064672
1463926959101169664
167117787
804946987
65273095
177423719
1219911013178531840
1014174368
722585983426936832
560754048
94305291
61345170
84202338
58327136
58875261
1036400365388922882
108439036
482231491
1033648821119713280
108137590
1543983672960876545
47767246
1004461721229160448
46112334
213925738
321236518
106695814
18207926
234494627
53577385
3340061674
1955171035
330405737
20919432
1684743787
86169162
29023205
36065934
92572410
3300536362
14680639
1348688905831391256
281653272
48376139
64258447
230002540
2893240085
1149049215831728128
4019938570
52401765
1122262244069445632
1375448854057869320
780201362
21341906
1029128502723915776
489863350
2902723605
758162222715731971
415073795
146865171
1165694746544746496
25008144
1106415392510173184
1629241
69758149
43908609
1094085844502220801
1422803083692855296
1242439699500806146
196564620
1557568120088313856
65273725
1526286073403527170
1531067822532616192
1512246921641041920
171735880
19774412
1147977986198712321
1427716791015444489
1525201823635849217
1300630684999069696
1061055113048088576
301973575
2474471474
1146491593849004032
19454218
500318249
230513242
55466334
288208778
191568677
1118317793886314496
208156283
1262378770436100097
1493326393094156289
1286849346324123650
420277730
52305333
1254619245075484673
712609120
73002111
163619103
63854058
205681005
67423254
54100700
152447348
285270540
1453663597075345411
1027366660074889217
172989891
1237391444962201605
1536459041668464641
1279311154951700480
817883126022205441
130008392
90240590
1532652296
1543547902441803777
1122482640727224325
1422938222926180363
153677563
50312009
43621281
1490381334958718980
80150895
199832110
70958226
4060870401
1568061489101111296
292943643
3089202639
2723241508
90834290
1376609278610526211
196843664
50623843
1491107345535062016
1551790466
730801006993379329
78361665
49082709
54275381
1493033250280853508
15456487
50527070
3081857504
983158820217159680
1107867521904979969
1362122185
63169402
1128083001227841543
410740145
709772040
826601012047773696
367472800
1016287909052321792
155278789
82141753
127613961
2505597843
24986512
1372533702
1263430630987235329
151196519
1566145546858938368
2973501413
1535513062991663105
715184289390936065
44069204
1294272054339010560
1520730994227265538
1463663329
1244828700
67932768
1082868741329862657
1254905639274512384
142869840
71687400
405779831
971793072639094785
35331454
2665895247
602991064
2888345027
15531379
1225523075409686539
369047860
221202313
908153695082250240
3416908168
1530968411068674048
54984414
28210390
189584205
930572125412446208
99162230
57528814
97192330
142649833
247467981
48412931
234544680
381620204
260705759
195469252
1359248564749279234
53480040
113537009
749960122647076865
1295337254915911682
344356076
27946660
1161414666825940992
1462915411121295360
782008051066925057
1143691272483422208
44159180
254807654
1138450853415796737
1418582563019542530
42114615
335629919
87868750
1175219809514065925
160339897
26823385
1092715947377479680
263721734
495563042
246873272
39936067
1116472348775940097
2908441857
1147742425957511169
149265355
117833930
2200228926
36504411
32762520
115523358
31614794
3234363318
967249710
56800115
15569009
1417608163306754052
1199043912905703424
1416403804136878085
1173649080985313282
117241185
73003688
2886790366
342962957
1281172359202983936
48820526
553975931
1407103768580272136
3647892013
2327036917
1455533107306708998
1541484529667424256
1133924303022505985
3288654065
1362536497514168320
16269787
72425688
1487875807485874178
65174304
1114178829906477058
63474515
5816852
1058068619391844352
1635443135772782593
1601271107235057668
4342451609
1241265246842556417
2458662649
61303379
369069919
797434640
415582470
957983145994932225
363131486
1153787864855040000
1345487883487096832
2881660366
1427138777265446920
1525134584
1286726455360135169
167794263
22223973
2903952989
1243056033897099265
726947326129016835
1123389425654927360
206302482
40106470
1124889082616864771
84161841
1532719415543873536
203989794
115645064
167822814
1468423847087153157
2305785093
57402118
3856514049
26107928
46723867
125846998
24236892
886726786117238784
908350287802503168
1445170580546854917
1164510141431058434
137495039
336813925
97291488
1356390344603144192
102249429
30488590
21598813
1248786897352130560
1201940098792730628
70012174
35508668
33111943
54214627
2431830119
994985263154827265
1575144598636302336
1482054965107560451
1633642356225220609
224816667
69685873
3304853501
64301086
1554054616232361990
1410293610554212358
1000027699010818048
156364063
1196989485336137728
1631049709371400193
1274777305555091458
11871872
884502828743618561
223885778
46448065
1244438918419841029
1626727997570002944
1262643881608445954
1293879798998196226
1531819312004071424
1089574083484897280
491279660
2331262363
3304788790
1027148912350715904
196736012
68684459
217383070
1532111887881715713
51789632
1538272366542958592
131611379
194192990
311167941
1329823177065844738
911451715
860249566330966017
66542051
8151272
117060034
1533287147901444098
1472640534472798213
1544121585631625217
3497126055
1523853003366801409
2937750903
1340986739247202306
41173180
58743760
1276095492267692033
65805485
113180845
292065701
6049592
978807356
17148579
42015049
42655212
110203313
64298765
1386369497993469953
858527060784013312
996559222224670722
45477829
1298456229103239168
1494900462243487745
1554088744352976897
1090681428
32847062
1554991942726983681
53689025
4333753221
40510030
132280286
2421474028
63221152
3244756949
972885016203100163
255110018
150050182
1221256112843960321
1062442246329507841
35114101
48611031
52800091
94162216
10341762
225064867
1466186253804654601
90423509
125038533
180875727
131994647
309928447
53091306
1535442433105870848
78071191
50909740
55891961
425264201
234401841
793259180299849728
10419162
1517258608207138816
234948698
2784967459
1217410699565158400
1254240676759339008
1033035822914826241
1258457125258498051
54367271
67465975
1384921792662360069
1010544866588323840
322662499
970536469
1255154188448759811
1195533468530348032
41286470
3668579674
2561521801
37571692
23159524
51092517
1311939384149790720
56248472
15171946
2237933274
1242970609413488641
108265439
1293807271114309633
938465472483295232
35918944
77542681
289045959
1100417738126721025
43698189
2149102562
318056797
134330605
1391750474760695809
2247103581
94109704
1391846820800876544
1247693945997590530
950762761633615872
69408870
1221986103672086530
1470102317810790411
3955458700
1400557049902252042
53199564
181289811
1594348593879687168
986591208783908865
1571453514181746690
1389901118810034177
254384623
890187791677652993
1251873667396632576
115088053
129048170
55974691
1705442492
938206801392275464
1266169033000353803
72894474
1375977413012774914
1407836362192179200
1560100255970037760
43778498
1431680147749490692
1193144837811384320
771894323583524864
62104573
1365427084634521609
22630796
844948803669123073
961021952013078529
55716996
1252739068796063746
932258152359366657
1260643800902443008
326549424
1572806775828512769
53755255
176874944
1574178818935382018
1220546577779056641
283818529
1412003169241112576
887035718
154630442
1077631302638231553
1093249136256843778
1622629606703394817
1393601260511662086
13124602
1354498202976854019
234564287
67391840
1385312082694918145
2992259627
50677247
1472925637677658114
1410217334825013250
62706910
313628744
115799618
1341850222939521024
1058523309409742848
1300066222915158021
1250063823387713543
48211906
139956543
1248649851061121026
189605798
1361531705908166657
1212798017822003200
79097950
147203710
135228971
986299153989894144
1091743621055987713
364517416
1309798628408659968
1508840621888393221
1284198199381590019
1519112439324975105
1519315699717529602
1567466792011943936
3087311420
1522330905557229568
275242341
10691822
24983564
1560149055115780098
447156007
1227731423500656642
107427568
27100371
61348874
58018976
1103658288376369152
897835101786132480
4896135069
126062040
82240188
19142540
1470841262349725701
1505650243215446016
47788195
87850660
179764462
101790191
29709905
51756234
1564700354104774656
1564362751350284290
43910713
79594476
957087965645279234
919764768952602624
1122199996093403138
1389793802722889731
168732838
1557763070470098946
53103492
94094278
1422971628049379335
35588436
1494481647076618241
4773550216
59963901
764132163147161600
279798802
1329051085957427202
284058920
2222300537
355742341
1453032621814988804
2424869484
41207278
1522694849924898818
24521972
1411346000049016842
19458516
1456253509960183814
217478068
1324931421501272067
440951848
1011675096522608641
75688253
927809300
148025833
10226052
1216541811713486849
1022281092819283968
1215536396154429440
1528587357275947009
22004657
1379058438014185473
52784634
3577509077
118554030
1565472115364708360
1528880868185473030
1393330988026155013
33654540
275671461
407054185
39482950
139426866
832847128997289984
1037741890014261248
70224139
52790452
1268908126390140929
140257044
73761231
45658348
1515105811210678276
1209651130755620866
1857368934
19195366
212405883
42768910
312810454
1336860080273285120
160585173
56229448
268803917
54436174
1537450748694470656
161070500
75353989
107439139
19760192
1536822007609835520
1519018737231450112
142383459
163874389
59248723
107691749
1427254551384666116
289112622
1419553212
1564852382307082243
14421344
188493873
1435800071308812289
113988684
226493516
176301500
286417078
32669427
84007287
176907195
2902560759
4892579111
1465540813
2817796678
743197111
80051818
1062670973923659777
1351335583377985538
1279141399
153612929
203973686
197952943
1525491098516439041
183451681
1521522379704483841
79222925
1038871408732979200
1317227858192904198
2402019150
59889861
49808031
136477201
57956355
1422270106776834049
1497281568305524743
290666790
1192503778865537029
56509049
1556637928830418946
218244535
1217241136823185408
1518803242360217600
53276311
79527990
1110348628592418816
39304470
262480971
129710596
66958024
1224719188671025153
1542866357959753731
1245123712782929922
1503835985897041924
1002073590425116672
235481095
73752984
1509117660168077320
103747749
1440467366517764098
1542053975561756672
804810993754918912
104227512
108647471
4351146081
116278821
754073900942659585
1272710574258954240
48371507
1390383755190222856
1110639793350893570
1541847804460634121
1557580160714555394
1470157675094847499
430286188
920801101632466944
2323707627
1273707949194719239
40904407
58485116
368763782
15301575
1670375816
207802615
1045122265837424641
438688821
916711308124479488
41396580
1064025218
111365600
130804779
15473301
982011259339132929
35090921
68027619
1564403650662998018
40255368
1860469549
1091322055092563969
210109963
2801202683
1556791861519458305
177386330
