1645562625026142208
1602340972318408704
1591218648299048960
1471641271219499008
62192221
1578191005714681856
1138057114277072896
71356567
1278881541079404548
405520958
1504358840971796482
1402685269279711236
333768594
1020316405420494849
1216554146075217921
438473416
252806783
108837720
45767040
1375941043900801031
1504585103674118162
1493076973798764545
1206647987801341952
277259494
192757257
1433402430952251392
1424912385530269697
47502733
2909667916
1239571946045673476
1253795719942733826
1057288678920339456
4079612894
1481575520643039240
23548095
49160770
382818018
1007203181414309889
1523033535438802945
17392070
1545348911908487171
1284858331111346176
1548293259339841538
52886367
1544129573092302851
220050919
1302077196509605889
129532831
1255359416959934464
1120036529517342721
715184289390936065
1491818497298604040
1482876322368081935
313853899
1236498894718144512
963005352
342815291
782013612831412224
86313281
1519421240921964545
91478456
773521090731704320
1447998003600572416
77612344
1093169613662244864
2182956639
2802585275
1196228041988546560
870766770
1563569009009668096
1472644465349255176
2787216415
3048183162
129395056
156724552
1113095037246754827
55625282
1526885893516279809
1372212534783176706
500002775
1350110199005274115
990385826424086528
1349972466
3407539978
2654483549
1354766123842023424
1534111747694551040
1061032204246155269
1522198957
1495189157706092544
1127378850512605185
1421261473922289664
53480520
67534849
148645453
1366241930041044996
28552134
4899362357
854168172672557057
315571106
1521972033889861633
526528864
3347043550
1476929075939786759
168224497
1354463255847194624
2294361008
1544264303515164680
1560743995227127809
1548042727618592773
3100355528
258478075
1534878680308240386
1411821222061559816
272000243
299347526
1296131776923000833
1558358635792809984
1257506268048240640
53272091
28891940
2235500202
1555270072012242947
1292063970
111463527
1386702561210679297
882433891293941760
1536909197295616000
1505365818988769282
1221996629659738114
1431689844355485697
2613720980
260832101
120956551
59119264
1255064077082255361
1587879449479057408
609530343
841423400438550528
1286699672912965632
3643742181
1448086285323849736
1609200006493343747
99398069
1622793346186940417
1648875516756197379
3299663961
1069584908622942208
292510529
295360307
1130726947292635136
4811156063
65201001
1563227624549191681
105590758
79717192
306859809
1550643845607604226
1500557197826211841
72180781
1520196652220436480
466906400
27946660
827580471064289280
1268728080887156737
895428970619052032
1539384793464557574
592131462
1487251630324133889
1500129005135085574
1149631570312957952
508430450
1135470743737839621
1499712435816652801
240090410
56518133
1553033409190051840
1551180893699670016
1303236951273885696
4539340275
1297168178989223937
179154533
1280707033784815618
1524181931042164736
3291311627
1612948853023510528
1260198396746436609
1543108910013448196
1496257773843140608
123405231
1635094851682287617
1629705397090099200
1151515249759141888
