101355768
1077238737816481799
817779697903894529
85642174
2787216415
254050963
61178974
1103140138530553856
44418941
211921444
40966580
1354962864839270413
81013744
703052556868689920
245975911
19687707
755822036992139264
1476023289789222915
1242223313541349376
41301982
294946677
34123254
23881044
24250530
50791870
282198621
1206527863530409984
74325248
226338570
636324633
43924463
1185773605889761280
1445743452004618245
24987794
76481710
2548871665
1504044626973540356
57694980
835302276331933696
17392070
2214807172
255050291
591961954
2781992405
1133183480186232832
52058931
254365676
56449447
69486527
51242253
920597438439804928
1164167497
34046979
1508582235393380355
1234566411101622276
20743783
327436826
736635987745476608
18688345
115146921
36417316
1536881722364682240
3001943555
41819297
1538818370673463296
21415271
8644932
1272619092114096132
217871086
47973912
1033038950020079616
379239422
26765808
17331476
1206370783498588161
50150510
194203306
15495065
74485134
708065550426054656
150332900
1459701572292775940
49101673
2306707293
151564993
1211824460010905601
1537233594950754306
1148403612844003328
93007074
14177719
65805485
1569030587301625857
1070526128710971393
4091483601
113716022
3304853501
825795337
109258719
391478238
2973994137
3054464278
1630927946306273282
1130479992603914246
1614952524716417025
456176493
616677851
167794263
1634699028280614913
1532848869092229120
106920001
27878775
1295762514580512777
67895112
1266157866882412546
53276311
2908441857
190316221
1522734726041190402
2533118216
2984844466
45865252
3308390243
2973501413
99779295
3403501810
29369940
45358415
82505023
10745692
104660435
3400338790
530793687
143443643
226493516
733487737047764992
1242082406
139956543
25429552
49859718
754073900942659585
995415057151549440
1439105270064496643
1465442263702638595
153625114
1015005147389480961
59026739
45384117
132318991
1073932409035472896
16564364
82468496
20783135
1448969742367268879
1145008392295071744
1498413243215327235
908072845443567616
1420869957609574401
1225416173749182467
69044546
237344665
387053377
40812013
1474457047198576643
158075053
17626269
69428565
1333826453809623042
270356782
1268557713744723968
33290764
39899805
9263792
136773661
339183004
1455234068812111883
1103561379028574208
40726387
162424619
172561008
42611569
254807654
71581273
1034228671278669825
1385765022
1586640974087864321
132331764
1631142283662749696
39848734
1420685141488377858
1457290673925853188
1482899484531113986
1568893947878965248
84648084
920658664112971776
45175518
982015378816753665
1637251530226106368
254566530
2948921992
225065995
72360983
79796496
56004888
118925906
282796703
104311824
126639212
988779552246829056
1212741318964727808
49053242
38670003
1552856239041912832
22635254
981699021038346240
707292510880669697
1085192260428255233
11784472
52672339
1103838685697622019
1409501334995406853
1152195258714918912
1106324144990375936
1549373798931218434
258571765
1533342603890020353
115179380
292372208
765913081088241664
1554134147404292101
1233800622744506368
54270526
90423509
1263213544453128192
1112662343446614019
57531053
922660494388944897
3228963727
40733072
51909265
971378756702167040
1257054706297376770
702248484536262658
3291345878
1521996680496885761
1511117622
63332171
147648697
758424
73490029
2738996015
1177408779534647296
996126330726043651
1061196057240129536
51154282
90396513
1135656600503496704
20140329
60403515
146918505
1316214160938631169
360310395
18161004
27494620
1888581745
66826639
118821424
1243862365457854465
21826222
920315285516771330
1483930638696816641
1363359051757875203
44948170
55240707
1147698674539147264
22576338
1191465826953650178
1324327472326991873
556284030
1495404615659139076
1215261750460932096
1553926507294253057
164868548
1201323447189737472
51538765
13821652
104819797
60336166
59575049
1358794799235690507
809596258658750464
41709648
71256776
19667101
1335447787354337281
1969021752
56610486
836265813728444417
1514061274736381958
70763776
900022982944444417
42881764
1231437918394290176
24956368
62090194
1552328468444102656
198582342
803067272466153476
1255555287160885249
788779496417726464
861993368112574464
1065396546651504641
1352769294418014209
1242278529410031616
238771880
1397006110931001344
274077339
1343031721445511169
42027444
1490449027627995136
107799831
38993755
28688054
248824571
16595668
91267816
1420927006535995398
743178570093072384
66542051
23001395
2267384157
1005823371144318977
1035634444315570181
1061087437454221312
596894572
864616609071149056
1279940623856959489
69185502
215669641
151581569
333376246
66282097
19006395
52770287
1434351578786541575
76293572
1477587210606202883
1654156502
116918749
19746328
138597946
1268295800154619909
1561777500857974785
17154660
70573414
1482876322368081935
963887879159238656
3311203330
1085642720381685761
54972375
181310669
52492069
203809353
2835503128
58541236
23988291
17634294
1605732924589998081
1509891381761912840
83234976
131050590
715191572850147328
3215245625
1505200048430276610
250918501
1326550492147671040
1354260434724003841
16631711
1272907131293970442
811024642592899073
1090344178490449924
3296097120
66024631
1332019271589900303
74603576
119695079
2582573880
1521384480983953408
174011830
34327581
221759428
3127024384
352587221
1458177303305932811
1499494147576766464
16334980
33714982
69191029
4286004615
3333336976
78136774
307594283
38747650
66769124
773521090731704320
379448788
1518174572490731520
32913714
1518642099792527361
1256783696323121152
70509209
1318929622952792065
1464679391783489545
48907216
774469015
2953014478
1058570406175694848
54721899
26098558
55553488
110283865
334411732
42498771
873710591663370241
844948803669123073
14963281
15946117
2614388485
1473379902560817152
1532115517594644481
68196571
316776058
4205949137
726750463043985408
1252390876887896064
95303457
250852531
39260087
752649523877572608
1117204727031373826
80628503
52401765
990251781778214913
1327365418722484225
1201651620104298496
1440475866169966596
2262317807
65717982
45447020
1272489581930315776
21189671
1357316389862838272
59977435
54194322
1298373180348936194
1534192004892082178
64801033
247565544
59229480
1283117145447161857
27008217
516953047
1147035617647386625
1201640438446329856
2560419794
123657993
885866114076606465
4280297357
75904276
25042231
742127028774789120
501339977
1155957232665792512
1011751272
74835944
21232907
1307682617807036416
1051521099861774336
130642509
1544127054098141185
1402926624467787776
64580805
1354041908243419143
1547676697952079873
53501679
895399550067912704
79282891
8535022
1519352287642148866
62842687
1441202399566172175
8205502
1079790835506524162
1213929585097658368
51471828
51405210
230560129
50098736
1527419082668134418
1526647126486355969
108998279
133778741
65242334
1207489299895205888
1465820754780606483
79274410
3667115362
68711837
2716711203
26810678
26296478
58950809
1031612925885276161
191430081
1317415946663923713
143203397
52950333
69892426
2646145216
1526014984085458950
1304357571298557952
1054824954225680387
1275283081319112707
1285595233217138689
1587667877397778432
1261042129
1441577907327942666
1643364421308145666
1408752956
175596925
163846201
32127227
27450943
27372802
62897079
15074041
716308915487641601
1577012120490835968
1562544215870935042
1275777516335235078
1301041602
29134241
193777167
1243056033897099265
1065368326636019718
2954902437
1192154903034118151
51617816
2902560759
62836957
1191738463881744385
734539797696552961
178751535
745129626205224960
66784188
65340928
1616219755106471939
182988537
1627335034779713536
867294176
180081874
307588007
817385286451789825
191626651
703961955623706624
69408870
257357707
67772538
1142323755903062016
234034704
169155251
844908790281486342
54064975
3929009307
1513493883753222147
1040206713071251456
3387187659
22927315
115259320
1126669615369732098
140660868
348475556
58070434
26576437
316775437
54083082
269870396
151169791
107427568
163993330
1535359741001613314
273556388
28356964
371236624
1428115080571506696
22530598
1536519424215240704
1483954537383739395
38605991
29086173
27412034
156727587
1506481613667983366
553554326
78632358
1346503196215271425
1146764959008940032
3493611
1232780380371116034
41958045
959088513705799680
334374820
42512093
46538982
1219384348824215552
1005603515924959234
6421852
1445148938621829121
52294113
313008092
36764360
1478018527466557445
876196397825097729
4699948116
45235681
97332840
46202442
437615886
788592443960782850
128124649
288237723
21653078
849689961414766593
2583345503
58612085
1489278112441450503
60607086
704164965
75562956
61677491
801170078498783240
1267481846985764868
1438916788629164040
194848189
1519709635623723008
188132193
319868149
1494447863505510405
18464335
229859833
1549123820
1056885719585701888
178133898
3090449644
1221973711298998273
1222410341566615552
2628977602
1358832120572108806
856855983414534144
35021879
222940645
48123869
3665854875
1272684453920456716
38026013
1084784204410482688
1540934283837292544
37194246
20919432
1521918419771211778
254384623
16727177
374606508
1130458696671219712
1273798024309940226
136458635
1126946148969799680
1085663976548114433
167832963
1559247489886310402
22283171
79072215
163874389
55619560
1065713421725941761
1387032521284669448
67869235
1522328177481236480
1557245294315806721
395930767
64391577
1864941661
2662234048
25700962
23067792
68819250
1170324261313155073
34264727
288826231
7619202
97047212
1319322904492900353
247861366
21344120
1105498899668705280
1326011333813424128
1550100149514522625
1007302454650851328
46478331
37571692
53554742
874788480001376256
878005440289923072
1542352796430761989
196743696
67059847
3093809605
1008524370963324928
202053649
2723241508
68435205
1172964489609830401
729505869604528128
73754119
1568246693543518209
129336320
76742645
1293638684097552387
25348322
1214327059637518341
1537788153636978689
1232470366834036737
2783202761
67193655
298496404
912482847344164865
82220552
1610991332968767489
773186584460062720
6457932
33048362
148573210
125414499
19251755
1617374845808922626
29570221
1458105428533989382
1460420714054524931
1253378553263030272
788510574
23579118
1568075460713615360
170497442
2733769329
337137527
1492162185971351556
906195663104475136
51609735
899823785423101954
199357852
957040826542166016
1535388369064189953
1540483570371907584
60408775
480714833
158783104
279360128
1445157939002621955
1265464535986720774
1442607235
78099686
1415135175235756032
989446997504675840
115479623
57460575
10184582
711593795180171264
1109602344717770753
3294958235
199405515
1291992388630700033
189336240
3247166196
64264101
1594348593879687168
1436345528636346371
1325622400969568258
1232364092473663488
187730397
1560377161751601152
52145598
1395569917420875780
46664465
251786148
857813631618228224
43047753
18195583
564311843
54397777
1325921464500023298
1634259013
86307741
56876473
28826242
88189545
15430166
1239730606277373954
1242811629814890496
182038489
1503570328823418882
1437014461626335236
267255774
2846918416
51532034
58318482
1253282125027164160
16636276
1533826063163396098
1283849737788063751
57809549
1526951745338982400
35393643
1151515249759141888
1125373635483643904
1266425439288995841
1105567416208318464
1512446707392552966
1393255608594403332
1395957532410138625
45956864
2883288617
1326252711822684161
225475300
71598198
167249827
59340746
430286188
75348255
88919496
1411171083471015939
133689922
1197707770025435136
69363878
250914908
1529307848
1023762642123538432
62063432
48826149
1537145078908653570
1410747460809596928
2889745054
51591570
1263243994462642184
1576314661192060929
1386157912624599046
82212249
32792380
1007930785
126439966
1161961828219596800
355702777
51565827
15319999
36090895
1069961359574663168
