312810454
318056797
1010227483499745281
3363253035
128118381
66410762
69801904
60152097
52464019
434005845
46696130
1537429100771520512
36392289
1047151406199840768
15410917
288607569
2422357978
202808816
1342502330080649216
35620080
48077195
474150555
57068292
252037527
73372157
172628020
245585173
25577896
592848469
1527814456155295744
244055014
180179467
228447312
99162230
128961576
353737709
99353567
3014257433
1439990219407769600
65766919
747577257795985409
723367777
3220438907
1239043030847565824
197906460
98392613
1697271211
30893561
1511756011295711239
1290837451062288385
1613027815
1092580358233751552
995356384333004805
1306414559146717184
2787216415
739951339053195264
1292511503023775745
1375448854057869320
319309081
26042861
41499336
1558153818210287618
1402046991136346115
258622199
1212702980467650560
906138272669327360
1349141485472649217
552792609
1046492315374813185
1098591459798892545
203053141
1517351939264204800
1346299951572283393
33900482
46030169
57017730
1474060879
983761072644648960
201882598
28503856
60938683
1478545454375841800
120556049
3818384296
33325255
1043656791693889536
128670508
41175670
3033546384
106859192
1173404465522782209
1516429790064095233
71877526
2374912899
623050661
36289190
27921417
40545750
104889558
36993251
838833999334227968
85834455
340470755
36748548
251874401
73161380
197927723
2895337118
2695073968
73503309
1164893212592525312
1520477884292476929
3063931179
2845855215
181639791
2214807172
4236705497
41444151
31228871
138796935
60369902
73493771
27279878
270069773
83720016
369664223
855430412
1411856143488622596
8539842
913175362842001408
2278090306
304730976
3643141
162937441
64443688
83594684
1317890491028021250
1340961737009459201
4027821142
33249379
138748755
64810427
1191808401325666305
210109963
131494231
14322008
82958591
1214131159
53775969
199010112
7619202
1508100255480430594
20743783
41838450
73135603
48910046
318178951
54270728
1511117622
110971465
60757693
2605456079
61850588
71365679
1525543797597282309
298078155
76746144
1259676580592394240
1475588450992762887
1454087791122472965
91025970
1519824886637731841
54275381
1428746458182864896
66653237
115036387
1272269141521686529
70141650
228978642
916618203861868544
56900015
1159065444319469568
91022159
26834873
1456387818096402436
114816276
2503077872
59889861
837813698370617344
94150452
55356202
191577392
131378013
53179056
1530685003151167489
53693463
100075071
3062855996
14171692
964916587936534530
45052469
1197707770025435136
907395692733374464
537449502
40071096
15813125
51212628
18672079
35628422
805560831891095556
1382791465248681987
1479874758430928897
40753039
576485025
147861067
74003872
93007074
3535234528
61766850
485904751
1412583346639626243
792315093912588288
151246302
19266551
196746703
1116742309549432832
3443202195
3171067517
149944097
39820540
1407340648936656907
172532861
61116586
139391159
39267584
77844663
51833642
1376625199823605761
474475507
1230186585615978496
1499345462742110210
15552144
43089906
14091312
56427275
18688345
136435677
1371511720636727297
1186471855684800512
37031702
88919496
24445472
594088941
206211298
85317206
8360272
14617122
42918259
22129587
1226185142
1055152529716187141
111417386
2720697947
712803270155235328
312881232
57698788
2205262231
63236916
201967265
22134912
43626200
65689092
115109126
8170142
68858136
66571468
123058322
163686818
1339594513946296321
36394941
982424038080483328
1123658935205019648
1272534096
133562665
3209314474
986660752441389057
113644350
344185601
285132306
1402755253431410694
9044332
342815291
1248216462843666433
24955346
17616508
1271236317851136001
99023218
735785016626532353
1042868386282307584
55834545
836449028061683712
94932709
47130564
104874903
24647223
1518648872716877829
15697718
172967713
76471293
184541699
109648103
106761409
115726323
2986517134
132303267
329094985
503473978
44239324
278261056
37664324
150411285
887123335922028544
218296860
25574151
1422959266646925312
711181243635912707
22129769
268048287
78158660
48815111
58525482
1518904082794270720
1420869957609574401
182003213
1471064985489002498
808395072421117953
1448045730963275783
35127266
1592638196600422401
1542626124638855168
57717875
66797586
102160355
56851995
227004615
1238979695166787586
57222839
2748203367
1348869748084375560
54440370
44300313
1627483540706193415
46403740
579387724
69902395
8740262
39924479
1333753094786740226
1370183224928960516
58361866
37519474
53535856
1600905663064023040
1384348286895722497
1433330510487597056
191564266
1561724006058835969
1554667441506160640
1444668586623180804
1554095250469257218
61431750
2593530399
177743869
210573522
26894476
1175188165340147712
1414984050675224576
1519146887877738496
106253823
111377606
38795016
62008930
3314337995
345216960
70573414
42461416
726675828
397596771
1178436633219211265
84912815
109676296
1554676701640146945
2521870481
50300213
899658002353049600
908887862883618816
1335230705647890433
53477518
16998038
33386496
353249752
211017495
127334557
1154575681
77812145
38797094
1259935998189932544
804874019942133760
1014264572952432641
1245707282081632256
1227423545887723520
1218263233590710273
13124602
276107429
1291395747922030593
50623843
1554047417959473152
717411587519291392
37949658
2701135949
78422472
1336652995430391808
51502761
224744440
1207868956045910016
9358142
1491269283288170497
8433852
1478411142003412996
203973686
18089533
17423994
27552728
14948284
283790380
189682767
1532719415543873536
195561444
1265276757189353473
717006267340955648
1488517548513677312
1603551127970222080
172542588
1384295646295773193
136458635
3240637287
1039490615451508736
723609596917616644
1213130543694405633
28358467
1350885403482578948
1311134227
227811108
546230403
56713034
30404697
1360419830
158160208
40333381
15430166
1058131859547275266
196780891
2165665577
139696469
58000599
69464414
205038431
78632358
66398769
801099001
14516005
1540591945927606272
334038245
221759428
14220748
1452131040315781126
75946968
60516925
1395912818
970502241873547266
88319875
241361723
51554470
163693148
55590887
97112260
54242592
66400296
207582365
1004461721229160448
3416165079
561569324
2828323481
732378990258851841
71347736
1465931747850391553
1509262313748107266
162476497
1430348936162816008
1101575305
316084429
17081212
1524611472386674688
889984327257378816
98478098
1365858900541648904
830069567103844352
2965095953
1542339013297770496
44728722
134627302
65340928
3096900826
749062187927343105
79229320
70339846
1253085529341640706
191233825
1319120473276469248
1220851610311692288
22488939
1483281330876170251
172412865
143443643
1347944673327931398
27508992
47546665
36407991
861037389338292228
103690124
1249584894679883786
900354079
68293188
139869699
209743935
1101319765036027904
11334252
44759333
25429552
54721899
15997446
145048064
82245238
1449031746561921029
1166128438459162624
40742560
1108157878836383749
1498192986429169666
2761344034
230002540
17815099
25700962
1494774540236427268
54229693
217634440
3028264996
1321954628020436997
161320874
794081996
156769386
1500767809701392384
1416915625499414529
247069039
1392070573480628231
1311119493507297282
454419733
329437586
1519400295775805440
35951717
933852319283851265
48451972
1399167775810142213
64567564
147648697
1348680193104338945
60621293
249135602
1546660386354696192
1299037215486611458
236950871
826229336
765644369990914048
729810561928712192
263341227
280194491
1245224537697988608
2177060390
1540962818
347565734
47428085
47476389
68795532
58554913
120956551
1055307559442231296
1353950652230205440
193927064
1376934556641689606
2875134167
236421159
28896163
808823516330160128
1374846068391882761
158481123
984271782000644096
1173111684
71155681
209570167
1364715298834833412
246071345
1296610083535826944
3431861955
1143691272483422208
550524865
1361271221657214976
53446965
19996223
47832422
1044392722797400064
870745039
1484677885461946369
58669367
1515068567166857217
473230160
35794011
610171401
49101673
132909997
65015218
215596444
3140826667
40351394
1190456798001672198
1368357467013406724
451750996
58881971
111961943
2499929694
57648654
1199720487464648704
92743535
45717924
1525854878647652353
312764619
1439230864731299842
1470322528816144385
1520872188647067653
83419730
921197448885886977
27655064
374301259
1539448477
53150995
108040482
67658546
821412926410067968
1256774960099532800
1121374812683808768
879353623603548160
84979022
14164165
1033700736046166017
71258885
1478097668542971911
39288472
1527112042712268800
76481710
144811662
1187430334268395521
842152436
58921547
1212117681521876992
14097839
18605102
1449752296930349060
1480173060787482625
14375797
1062079929301561345
36764360
1197158166242484225
212382294
60161613
190234400
1007460252084731905
55968440
52739315
233974211
2156227558
892619729944399872
426853640
828703127469711362
33373698
266401372
31412039
33487301
151328105
142325755
15735007
59038937
135991255
1381738927678185475
172804457
1410992801899286531
120232954
1540508887991947264
137737110
42420941
2212382840
261366155
79594476
131949133
1420738065006530562
110688963
1420946005688733698
558984191
64808395
634607724
77919101
293697029
169825640
54052799
98237980
1118159209
1224729917553872898
44020200
159623184
798324717170081792
172450495
1218310737925492737
376952386
43749754
351093579
4876971381
133105020
323412654
248412116
764974167016009728
3784065443
260409127
87296539
956447000
171594489
3654982295
175885758
109953338
79728031
15413333
67466596
1460900112549523457
1431275220
1206339092394467328
44148599
195387860
1369128953869402113
461244444
1298596607009619969
1376521396466106374
124819923
321236518
97021200
22428146
363978885
129067538
94907395
1519719287669276672
1507775646503690247
762464802769809408
980197386877394947
113988684
1440842838346895365
9182572
137777595
49629990
79282891
95419614
52866878
210853844
366904011
247992263
163707938
108641632
241303038
209685597
259739961
10184582
370996172
1495404615659139076
732387436446240768
36036799
1615688082065326080
107785164
1103370507070726144
303478419
1014174368
35015510
199706558
66565714
905801733347139591
3346948101
475298385
170735796
150413399
68746589
76533729
37104324
704328194934054912
19907731
84386862
1279943343464689664
1306623615283101697
40793376
77098153
53371678
173462111
47776080
1601687614280683524
57460575
1623862262581583873
1325826314092285955
92896687
764551507459137536
1523671506907246593
1282855855977897986
37875362
339183004
49370468
1365427084634521609
58541236
183087789
151185308
11352422
483444460
1298662460078149640
864583851527598081
1268564911363444738
74871050
1506349373017501714
64258447
177611787
1461666037838098432
706629892
39328633
1514244135754080263
62695011
314949210
62152333
66026648
426015718
938542520795004929
1520020871213207552
48202292
55886961
55891961
1546595978089828352
229697786
91825987
41435684
815090953
39580197
148573210
167931308
30269265
1123429804420870144
1526566337769783300
206502111
25497300
1003860747615686656
132297821
72369137
75011917
38950971
825199579956129792
1253435267211550730
4005745996
591961954
57192266
201442875
3680011935
988972977139212288
407723267
1020414994356342790
1559663738621411328
1489205371642261505
22248152
857294353198436355
2364925966
1416605691930980356
895450719410675712
1549368638406270977
51532034
168790484
1201600564116774913
784747158922821632
80171105
752636262620639232
107691749
52267508
1146918309562134528
1162332787183144961
322551079
59189545
1541484529667424256
1264786631128743936
711999783695749120
208110296
1557142384596623362
35659206
143186864
59883726
72955740
3138934131
234000865
418127985
1023704124502753281
3180486071
51884947
51181189
824937370797604864
17970343
739824581112942592
767073102194958336
1479611996601466885
224897478
67468067
1479078276865871876
4339611
57381684
1512446707392552966
3381522531
162191550
138598750
3007828336
1211087057797271552
1441244123881623554
58612085
1389759047109337088
2357908862
2931352923
229097887
182792084
86169162
706314706
4716861802
1417231284582105089
52433864
1568739750500081666
84133951
59005499
81702672
39936067
176935525
591289414
10164502
332499524
223002989
158574495
1108822381810909184
53532718
259986546
215330380
41647014
326369034
35358969
969682947984052226
2881352598
2244003326
1137393959955836929
45839281
203809353
104181806
35614693
120176789
40926968
1544633436
2875557680
1511103618560241670
2344170594
199492199
1503498490319708166
1554564391152107520
224072349
238976808
1053415710985256966
44636743
1567328799464767492
1083909740504272896
280064161
959723201566773248
19572422
2196663207
1242746868167323648
339933198
75202923
164937347
1542346112190881792
3404349807
742122284748509184
4001406323
1327365418722484225
25042231
706835265520803841
361338946
88470034
45384117
2808694011
1559698751979225099
1455160742114701314
1251174104847302657
1610127575812120582
860324510561697792
56727590
86939399
1455390230727565312
1625210699856154628
109742142
1937742564
775614653657444352
53936857
27178861
1482072021899096073
66876701
575701999
268020581
347359854
2564170847
1482130888569892867
42881764
827616827983462400
1266770808686460931
60411327
113773688
272030887
77542681
39574179
152751465
41709648
57512126
2784624050
1534647997245571078
297205465
1263983859315728390
1433531400
4830945819
17430248
4182965187
75704595
979362812991627265
94930256
105962343
1544356394345848833
2277144812
378383633
1559917692378923010
700430434145038336
280315063
42303406
1561664697358864384
47767246
1134601281669128192
97034316
713180659
101355768
956662873
154630442
4718595340
3939051
49408808
266164723
353323004
57521038
66423697
2374664614
95335083
47595731
86780048
6256732
1542621577468067842
2378685033
1637140739049005058
1243426227597139969
210904668
52363865
1638477698497495041
30598341
1177756974601134080
1378539189864693764
128697310
332457915
1507503673479507973
1392071555954393089
846721063862128640
176506955
1179676440
36556228
227544125
1477440766460977156
107534198
571115896
940651231009177601
6950902
162451356
933631184671735808
40088205
1153051570956832768
3398126781
57100510
1607921622769438720
63155715
59600399
2562208002
177423719
2937614243
102019658
1487651381871878144
1599781348679585792
1444323210200223746
67895112
77122945
81192305
2771934227
2673822773
1504933895606779912
71517584
869403719443656704
479443694
1562687235748552704
1299532468236816386
786638498476466176
215280872
41952917
1262286342
1268348161338363910
162087831
66993759
3404461005
1128689688
189977303
1197294885709189120
1161908007690788864
228012605
49758624
1064632099670540289
1328120356083814401
71886271
1372719414404079617
408838514
39645279
52544422
17314674
86765582
3220038195
1536035321992945664
1196612442278813696
109706111
51938571
1410633602354794508
92010174
1581701925506105344
1187368935559258114
2385799459
91370913
130008392
1364770773324468225
1015243761826353152
1555909086826438656
26780402
158744849
1444441871548395520
272990848
51895938
1239577192037642242
199479035
1030977257517592577
1511038409883717637
1456636522367787023
48592235
1560652565355696128
1095780639943639045
23961187
279246236
276343460
3108275990
184546595
1281079645883039746
26685179
347676601
52601175
1445189206800846855
858057419682979841
1557191998041382912
2218568759
1505214819254874115
332437034
53238997
1371865733869809669
1482876322368081935
1514074246338785285
1592517447374045184
1286207048309452801
