430891172
921364987129532417
1370733603504730121
750856581579935745
1057698967675461634
1533645418998923264
53103492
2881753695
1260339991613526018
375958134
105939984
979942389619011584
482978541
595755969
170497442
274623585
235266818
298651149
272093073
267293166
218625907
51294408
56807544
172804457
408130226
65087258
1244422242584408071
1436523242639040512
198621311
1326055227250925568
37959215
1520408693497643010
32692633
1518908815009329156
1538007773694160899
64727308
130271934
3724233975
1235340852370825216
1433149665382387722
159219312
1475360200756498434
51430514
1533860303666028544
1439534897878781955
2879478999
848956139479998464
176163042
4376805203
58608290
932593110416322560
1552515416546738178
1443989242611384324
329045960
133848455
1146860875
1060318682780483584
1350110199005274115
187356206
42027444
191040242
1526383393
2168385747
128243073
871869822371602434
1231272962071965696
1104807843805519874
336910221
78617110
52591649
1538245768154386434
1247336669889642497
231019474
790632315038859264
1218263233590710273
958851652018196480
1390931250
291523398
84052703
58565393
190088556
363756106
340611708
99143055
1279730155922087937
1521064752830631936
149679560
254242619
909136642216218626
56851995
924819187696054272
2429206439
1543982499247824896
1420538722077089794
38964173
64151080
842195921991569408
614455528
1534662849963995142
967061455223783426
321236518
83494348
116449879
1570764218
270375224
2921446067
367910036
4857297274
1524758856743727104
1283394353835192320
1597687841219350528
1482876322368081935
1586341876751339523
1389051122640433153
1634753232370008066
1951743578
32792380
23946358
1275627429244088323
936716277967712256
56433569
1369912872
1511557871754006533
276270452
60100946
1515962252221894659
47499936
127402450
75827450
1124056776494788611
1524129450027278337
1216371180279648256
223953749
1199907828619710464
44932728
3363592053
4008806418
1544086903342915584
101831805
1269071668175134721
70029376
1528712787010236418
47369902
1423731472121438212
1402459314019876866
1349204687858372609
281130563
1416915625499414529
187407766
1327854139
181241409
1214788498886217728
1049853801920950273
937105569953075200
36417316
1318388007578357761
2997042885
69775308
210608573
1524231215456342016
1329051085957427202
1489323860755460102
18114465
1521983892475232256
46271402
1523158102287212544
339186023
1460385948726923265
1450679774431649795
58369811
124152372
226997479
1521354594189815811
106761409
99741847
1629893132589383682
1579247100747022336
152231471
45705838
270069773
191586485
1274229214183673856
60940932
285299381
1435770352899137540
1411179172286902277
1481989980528467975
754508338688385026
49737939
1488708967136215040
1126579220
765279042518089728
1582449414689390592
264381178
1596170442900967427
1133701456350109696
38945063
1552056997985517568
1551415173642067968
112429881
1536492515716747273
880403212154658816
337408358
38893316
34123254
1497020081112596482
150072468
1306085064
163274935
1402804587229237252
15429243
29374383
111610451
748368526193401861
249388254
1000348665654005760
857624090936528898
767552771390316544
123059688
1432083748116385793
1575011826177392641
1485394721656774659
18346652
148348455
240800341
1541168126
1421354365
167281734
438473416
312699472
269594317
1562050022480531456
1359619452594245636
1439797289829212161
258348394
443267022
197998894
721819798741610496
1283794088047923202
1533498778472402946
1078398974279778304
1317895406483898368
782391607601528832
867828601604984832
273170247
233327955
78184731
17724563
1380626609405841414
316775437
1393595474775531521
62210806
342815291
1155893420277358594
4849770465
1496842800075268100
1557346822817026050
1562943474412187648
1494900462243487745
885726991
164920903
625134926
1565891427288203264
1635734910840307724
