55430119
2439016608
49836909
67628737
33275504
182792084
36746626
107589416
52837716
583971202
1225480418524311552
58759505
804833827663265792
62038975
53347287
272115866
1691766446
41376236
128326870
1247336669889642497
15678859
1557763070470098946
37949658
23539355
90363931
257549901
1113438091396689920
24701343
188114692
1201218050009321474
68794087
1478439909476208641
45477829
885726991
282299390
3435055191
957442106
2306707293
129864698
172532861
60161613
1526928294070956032
304659222
297653828
1121036060610445314
41430381
25700962
4631911
95634637
58647268
1192113016998891523
103318802
1131914722415206400
1317995871481565191
1142086700501524480
1347831405531848706
130612438
920086339172929537
89705791
1334109675068026880
149789964
51530915
1172621382347366402
1443044407075299329
1504194224648073216
215445920
57100510
364646027
38126297
143443643
362395606
1042571329994612736
1505726701925453824
188547682
1431131812001165314
337137527
312923675
72287523
719130551
61647895
49145938
1436470090413846529
127240672
1446896501620449293
167505006
48907216
799412180
14357628
34264727
116929873
18688345
58994298
434585854
1265268737487384578
579387724
1221986563221086209
1146209987284361216
136819239
1461604802639630342
900397245715156992
1416915625499414529
1074715205639303169
1351605237807779841
305778664
59850664
306166512
2596803259
1476015440430309378
301572337
1179243901535883264
1486425792997380098
115090159
44300313
1571000250
14787132
169825640
3991143969
3328079567
15349705
1561812986968383489
1562125046079954947
1274917361489973262
1354455548352147461
47656062
1187698723406667777
1037050573600841728
36533572
1505952224261943297
96876429
1260643800902443008
517391200
30893561
60733150
87721285
52279685
2741840722
36407991
88919496
939243755529523200
336289096
110688963
752252937267806208
203235361
140450668
73272837
19383548
36289190
89255134
421258780
129225572
39936067
280264787
42518664
1421643407768829961
189313855
1001139050902904833
24956368
77542681
1248084794744987654
1482421191025516547
49847593
212209206
478632389
100839060
1052168110801899521
614455528
17304135
1462861124164931584
83968333
808900263570538496
23346535
17842289
15586834
65138908
4764638009
43089906
399829214
29012710
1316890925117865990
1142323755903062016
47428085
1385554332712640517
1446423846073032704
2911267770
40146795
57748745
333376246
1290272983953612800
146893251
1225892219850313728
55414982
3929791
3320202574
1531067822532616192
35660684
1551412667390332929
1324567212078878722
1431414187654361091
63830471
1535388369064189953
17968383
53569392
855117284
93684609
1318952604999798785
47449562
99001288
147349751
1368206852442513415
77301032
1503232828401717249
1491855941079384067
280326399
1494304232186466304
4374329596
1519248132747444224
4236674193
1531146907
1440692607886135299
335345544
57220858
63019359
71581273
942962034521538560
190049884
35921606
1229920116957204486
1565098534172598279
1176968166322442241
1387439357401894913
948972294814228480
1503199636177264642
88039233
1355231454066847745
1151633449444368389
1486186763861254155
1518971662879838209
41644280
129574385
77919101
200994456
56715581
80162981
1462095682437885966
1209837626
1515237904246882304
1488517548513677312
65979108
64810427
85922120
357561011
26817727
1245347031675277312
51864119
980197386877394947
48355207
1472640534472798213
3294273237
768008468
1212664433572335617
151564993
144811662
41694143
17243277
294195684
37031702
35283872
709281159105146880
40125120
79717192
3174510621
1251596720842162176
317060713
1383074445955321858
229538586
201967265
81496812
907308025777713156
136118232
1062014710021808128
58552050
41385276
57017730
911584367658590209
482490389
31194890
113773688
539348739
1335450813439864832
64149391
1088016058919849984
337538684
46779569
548474899
182589764
941526010297757696
56835757
1254905639274512384
67070386
929222543625551872
15774970
13531002
154376382
44425081
90764485
28677011
27921417
3115968078
88739943
1392619510360838148
22423154
15735007
1273078510899380225
74767817
66686752
9745332
1541986004080492544
159483465
307921962
890996919664881664
1370526569408704515
1454933230042427399
66571468
921197448885886977
60143151
48007354
1493830230443806728
1506435858769063936
1541815801627516929
203212098
529858800
1522198957
1444833601116327946
1463897153626066945
167597372
190088556
66686250
851838132
726986230781612032
3735378196
86076204
900797261382389761
1051373759586807808
30488590
1166539654801362945
311184218
136394580
1522193375587614720
399571091
1155482829075177472
1004678937958604800
233962816
59270696
71235472
98491235
1231421559237206018
42090199
1527628414974320640
58216233
2489265258
1467309227144138752
967491915825508352
203809353
191204863
2988372256
33790494
1287953663827337216
50521586
2474471474
130520674
1252284440140750850
192864647
15696703
97567948
166169487
2505875096
1499807390
65819004
57152598
1449891521336123393
1545736218725474305
1420869957609574401
26262276
2174489370
53561273
1191808401325666305
180139068
1059621462364045315
316072613
84912815
62279697
301620461
78632358
1502931470687555584
56248472
15165399
3294022744
1511533529947115520
61277066
41818731
3004474515
60547295
3108499451
1415989325792153605
1637376186
544783913
4800229121
1031986261639274496
49644180
1327329809396064257
1399698288434200580
176929951
234978765
1327969775327260677
1295611003875581952
119861194
3636152656
464897939
41301982
1178066051709493249
803370400826720256
243166954
87244850
1449752296930349060
809457818692632576
998025967
52912420
1463345247744782344
1482876322368081935
15410917
1306948184460099586
1133207439468388352
1301357163315634177
73235284
927635027420213251
41891375
1207088969940373504
33384655
2808694011
416607209
1179940949817991168
252145952
1527015111763845120
48428116
440380027
611773032
67065204
4086887662
51617816
1484991346444320772
1388293615567450112
262862330
37110270
1037840074505969665
1268617113696112640
129032190
1598772273829318659
38795016
1158832654982287363
1153090347989385216
4825206922
15898157
1176557503
44537191
1354795363526463488
1514074246338785285
541823700
15259361
146129570
1107016789714714624
214562966
176875950
166495623
53091306
14328502
824617176917307392
3313559703
221759428
1391233893064392704
1537997496617562113
41175670
169964377
1351696412132716549
715523689
1381249636275523589
3420881314
1147203239517048834
27387017
1432124135656861698
95433357
50884646
1529298743161405440
1619813465287163904
1609691914747486209
1622391800148131840
280194491
391358045
160374450
1355679013914746881
160987515
15179493
1063126740745236481
1619512140074737665
1198551783003611136
4706720667
1365427084634521609
1386412979567091712
201580498
113219108
905035296856838144
1362738730298183681
933344066657452032
37529014
913241881131323392
823540749316792321
1409517917197279235
162448564
58288300
1082755959670390785
292464711
74330713
52309670
101068627
1222288046114189317
91864046
1243640657979342856
51885857
797252943804252160
1196270485442629632
15741733
338086978
1161249195019386881
3906926064
216133927
1533122660640727041
286741690
31794196
97308735
55235656
1328140899063369733
1191725339074060290
366714265
2786724579
3459753935
1548722349431717889
63039831
66282097
97689547
3397034373
37416391
1508600188801323010
1329061617712164867
101933196
1012913205788766209
2314245187
51554470
1537560310927736833
1460899695178485760
3027355715
1328430252566130689
1283256836397899778
77822199
96990201
1487085261091749895
1110944818115629059
1215463587336065025
1429493010769797125
88719956
2285296454
78113607
1351970783355150338
143230795
72968989
1645922713
11334252
32792380
1498112098538246144
1627436314504097792
70380962
1007930785
909136642216218626
1533015298072272897
1458087632391622671
1510804756289269766
102016841
1076106932807708673
1212123042
423779003
162957667
