81593903
1327239167894581249
173819903
348841175
251109370
78099686
81013744
120956551
1185751186927955969
1417510425713852416
1254448955607392256
128124649
144001797
19774412
16631711
1445743452004618245
34347274
1629275874
900755139123978240
2837685777
48758085
69343364
80628503
101355768
1485767426704822278
1078132260
1458452998255005699
972335629
1427716791015444489
34779125
68980987
1254464763024850944
1249983240951267329
14465338
79796496
22576338
36993251
82940542
438473416
15430166
33085798
137708759
1347077785
44948170
15052095
2177060390
74325248
65503972
2883288617
928090584979525633
64466335
961663380
265688478
28720775
2911921585
215776349
1468768897872633862
13821652
147648697
41958045
289063916
194876021
199357852
55310560
17432419
526528864
2787216415
1441960652646477825
747577257795985409
1351376408233316353
58498894
1228837021
41833433
27008217
1508080429
1197158166242484225
1518759122593800192
31138182
1316214160938631169
824788057241051138
1108828095132434433
46455841
20743783
71863016
1089325133569896448
51559588
1484260760721268736
78617110
1276933401573044224
1153787864855040000
798238569789788162
133397211
81496812
1194733160241803265
1516193230378913803
765913081088241664
25577896
51135920
1481401232858222600
19266551
16701382
1076201807007961088
55974850
31443928
733487737047764992
105908157
22288598
39789302
1383166966182121474
1224829394226753536
21826222
93867480
120552110
75873979
17230271
71581273
636324633
2868037334
1531702325693321216
93275623
27494620
2708356474
21415271
324675661
1498465674854871045
73503309
312923675
1103370507070726144
184541699
76481710
85642174
774469015
71890905
70573414
988133710636769280
222312829
97047212
94597726
2849156723
1450862466263658496
198545534
1361149541110738949
1529763791872851969
60896393
42027444
55968440
45575799
41571129
54393253
1277396396040208385
842809918294048774
1335440376996524032
71562250
558212587
56398558
66410762
2214807172
65275699
469589381
41301982
213225933
1518908815009329156
17766088
31412039
1019528599207104512
36169291
1038239209872666624
1225738111
984271782000644096
41499336
1304509993358708739
1359619452594245636
60369902
1542225434292768769
35021879
51185134
35347680
15165399
1158537169876738048
203973686
64764039
2412633505
932258152359366657
101459494
60743669
191519304
7407942
835302276331933696
14164165
299330235
28356964
1471150831
35540550
312966352
68819250
1183280252325453824
16338620
573309143
2165665577
1534267732849565702
18688345
19383548
23579118
46241831
233166705
169512806
1436523242639040512
1418096947420930048
14646061
1503554418452672520
26407502
82214737
35625891
29502075
53371678
1524811071818719239
34046979
1283003492488089606
2953014478
2662408269
40372242
1306268457751674885
1617909829
36533572
143126709
515847461
68058272
97181154
56372027
3351042767
1023704124502753281
36417316
1478239042919710721
329320714
121212107
1530352296361590787
162937441
209026290
218625907
56261764
18719599
1143898731894509571
1543982499247824896
8205502
1486058855268294656
164796545
857624090936528898
607737998
99378755
141762913
44300313
340590353
3691625422
143443643
109626658
77233601
56851995
94150452
19812925
1161961828219596800
4331665120
1528782277810987008
62842687
1123036055576428544
22157406
1516744549217021963
3053063052
125864433
27991603
1340389045
1256096582
137547006
1326946766583951360
201519238
252593537
83714348
853994633411670018
389141081
557715408
3404349807
263721734
234034704
1224707421198786560
141730592
1098709110382567424
480714833
1093169613662244864
48825283
58070434
1194123174096621569
1526769531779268609
894915508587442176
67486586
8958492
209685597
46705163
714645120642072576
370796645
294725513
1282772919421206529
1053256480068169728
1536051315029250049
1390358520
875394032796610561
98699049
1500160402897973252
166270232
94305291
117884071
70424635
1542192579151904768
44141697
193331243
1201651620104298496
562107096
22428146
1873018710
421902687
269870396
24956368
53796569
454419733
1535359741001613314
147665151
1522883136664838146
1121631714382503937
1120376289683214337
1245131354737696769
107427568
1503385849043603461
117060034
1456967893942509574
89579386
1423871670914330624
1041139561496104960
2236651340
186612406
15659203
51165664
224648416
41708682
374835055
1540474363618656256
46478331
53520976
174806999
3054765922
14818332
3324267797
1559201715269865474
550249592
125038533
88621088
72601613
52809507
146956661
1552405832914112512
1410290274199289859
1000528474992455680
79072215
70141650
1202996793312776192
1366917535103406085
1550547731177000961
415073795
163874389
1374893882362769410
172161992
2639898065
1512446707392552966
980443530
76420932
239440786
151581569
1186258907028701184
26262276
1063804299174662144
54298229
33807078
55886961
73891134
199153118
1375977413012774914
37659875
1420869957609574401
966809869394305027
975842633615540225
48186490
1035634444315570181
51776863
100061522
1089708230467641344
1547445700761423873
4180595267
1498112098538246144
1316890925117865990
57809549
114581418
956447000
52058931
179693336
79717192
25042231
51884947
8517652
1432846966577369090
49756621
9336242
1231267069762691072
281130563
113444196
1428746458182864896
38359909
273150222
130804779
42301397
1114595200113029120
128780460
1061055113048088576
57778160
307362769
1146491593849004032
65819004
39328633
149014796
64270985
53448908
27703690
19651912
13363792
59002042
4286004615
1118317793886314496
1288262450740068352
1021762237252476928
1265276757189353473
1304075424587296769
276270452
163250069
712609120
811699192506810368
33386496
67423254
36254443
22248152
57956355
172989891
1080896760741052418
1237391444962201605
115415404
53748964
1532652296
1122482640727224325
263850032
32847062
1350358507850231809
174011830
1490381334958718980
32931582
222940645
907277877217042434
57100510
16564364
768878510249275392
17013899
853505977
32411283
1260458882335465472
20783135
2347607418
1613027815
1254978737281683456
39788592
246873272
1391818601888354307
1238288915083210752
1357093706
70753923
42336042
703663152
1272529586962776064
291876364
88296115
1272665632551698433
1113839880302485504
1225416173749182467
1105557560084623360
37242569
440380027
521503771
17110057
1510339063064285185
2965095953
200843297
171282737
100227419
65064890
52467327
51762018
30860359
41046645
234410458
478050507
89680261
1256220237986480129
1181321981469368320
1013513327564218368
17059242
1020386330101108736
81192305
77532217
14407123
1522829621120712710
170798680
427046764
8740262
67658546
482978541
1283244085864812547
575089874
75911540
36060786
4367133801
1065964061010141184
135363695
1201323447189737472
270356782
66418901
22475249
3079882259
1091499218563448832
39431538
14603625
61097173
1280959943630295042
600718851
136773661
41724125
95766400
1205124909522915328
1402106878902030339
35076021
33631090
167471254
1350569820257988608
16030618
1087291188766539776
222181835
1488111475789082624
78997397
138257731
57794600
41735582
1521625431639736320
2170735714
142325755
1274917361489973262
1398883573432737795
795646904851955716
1150111070280925185
52866878
91840976
1513134594035531781
1257198300
250852531
20704620
20254008
172450495
78965632
1356789639701479428
1507070421564276739
14452348
21906738
934749818739658752
1327365418722484225
372601594
1959923005
64287832
15419776
1465540813
50613595
26327667
1249758495374807042
13484842
229859833
1521522379704483841
994022329
208823732
1511058555985702912
1039271264299479040
41709648
302049182
1038871408732979200
68475360
889984327257378816
1110348628592418816
1432098001
76022404
1532371924474544128
1358832120572108806
2369876893
1491576035443462144
1542866357959753731
1503835985897041924
1002073590425116672
1213847318195101696
29120161
235481095
1131638717544837120
1069219163934203905
873127550318333952
3523624035
150419791
22530598
730421550923563008
242688743
1363141512700301314
41177838
2356629355
8468922
44519940
743832234516422656
66504019
321236518
153095286
62865363
127506470
1495887384176648199
14119329
37961146
1550127107895750658
193889181
61677491
67895112
210109963
1483968874869628929
288086248
161775132
293825688
720736575072636929
160700133
77088222
710778089849167873
77748726
57222839
42498771
1267481846985764868
1400020460612603908
64519948
126127543
1192796032201101312
97832019
1236804406869401600
22152627
618716217
87892052
225475300
2669395046
703961955623706624
1408410275343220740
1378444875394396169
45037591
1319341609767653376
288732031
192781620
17546422
1509605196074258443
64567564
206877215
1293355344442339329
1503461140516454404
37571692
978499635575738368
177629082
2818103629
1146894852749221889
2402019150
49053242
10907922
729505869604528128
733368517483999232
142463461
61580271
59977435
29963610
130992691
152337601
721477343261433856
1380419241996906499
1452679699319111681
104228041
145289944
267293166
56230286
52602811
2416116606
99602134
65138908
34123254
221145198
75904276
95657591
1403468190588547075
327436826
2730737541
71133166
1075528670335373312
847753393900666880
331315770
873710591663370241
3724233975
1477046463393935369
72924161
1265649820225753089
328618009
2200545902
3404698167
241303038
1170883964724269057
100640766
281712241
22134912
182186590
2586624728
735492984007839744
17154660
300560958
69408870
3033215741
1609369201
1632153730169618433
1631140244601856001
3955458700
1553583804920610816
1356393730295652353
1571453514181746690
1389901118810034177
1596574069964562435
1362927043894272002
1614773188239441922
2995202884
10164502
39878749
1560100255970037760
1358483278471258118
1431680147749490692
1482876322368081935
1597018267746537473
62104573
1477138553461219328
783255681830879232
1252739068796063746
431119445
1615824106603126804
68887227
2500629679
1572806775828512769
1005484708711534592
189336240
1354788522763423752
604716918
1220546577779056641
1412003169241112576
280748813
1319222805297287171
1133534641758064643
2962136217
35725353
1584945708993486849
1617179580376154112
234564287
1456447129162035209
168169793
45937238
1445855022051328005
2663965709
22208682
1390931250
1479840681581494275
1531860051824201728
28985814
186255210
25700962
3170024314
176277837
32913714
280264787
14418146
70509209
931277060550680576
1413208515418763265
1008459016023035909
43737017
58041135
1333259609533001729
1357961740621905920
1181938948702162945
278128809
1135954054675410945
183447070
253164228
15349705
82648434
1095465952928505856
2912213903
1218263233590710273
27355168
75959540
350383862
193043317
189277369
2374912899
1478159347339378703
52363865
1427345464232497161
108637786
202808816
15531148
134649778
3234938873
49211744
110283865
52761226
224029971
183804169
56850119
1500611048830914563
423985972
65242334
3072319151
79274410
53073948
79636926
74603576
1191065864759644160
997231127776677889
1335325411539087362
1299060462596829184
1374904291044044804
14504663
1291412912112906240
68737051
1056897457139933184
2778695574
1224790884551622656
568504469
78178016
1225821762371411969
1195880948
1032820485376159745
1425095959059603471
69892426
1513565227819978760
1260207099121975296
73956998
1022601341124919296
1274373450015158273
1443367208537804811
1012317915947945985
1526014984085458950
64090963
56248472
73681164
99023218
1509648853707935754
1600331461
1284699214598017025
1518002495779483648
171747106
1223833758144573440
1251395802255298561
23166886
326369034
157508037
1346503196215271425
1425606809327476738
1470915850442100740
17696815
43554075
76394338
3307809568
1457879946
58090517
18464533
25771516
3493611
29837396
2439943881
1387185770767822850
865031089005494272
959088513705799680
334374820
3549387736
1494481647076618241
1290476003760803852
46538982
738438457131958274
1499117002664853507
2306707293
626576436
375925260
1352368018022666240
172084927
3643141
8791982
1445125846545616901
18293936
51405210
1247959846487498753
2883126076
1288887885333172228
794332895271940100
3176526903
36164543
100353774
71672841
22959614
1354977061656547328
1090681428
1353825190577319938
75348255
1498114366138466309
553975931
1496146933928370187
1341085192589590531
2212382840
368526040
55298352
1512997952603705353
1108748830206554116
3290793863
152866784
168486466
82427060
819617510140116994
15946117
403725721
25992208
189140598
77542681
239063669
73754119
1563638317572243456
1616308016
1589258765538320385
86970841
78158660
99001288
868672107424735236
298496404
103806332
370132739
904172922
1619533186052022273
1348408734796673025
14827952
1002323159314501632
90764542
135722182
2996358261
14988415
3092453777
1617985533510127623
1495904461776113672
218334819
86701290
1346696453218041857
53264762
942889543581294592
1361512546029740034
1324382006680129536
546230403
317478010
42256402
201580498
1004473003072245760
105317409
58803509
84648084
191288665
1214749838996312070
1022928903034363905
1241116260064202752
17593432
3044667964
25574151
150332900
55621012
803067272466153476
1324897824
171721635
51303342
1539701608262631424
1374195612615344129
2764522719
1389312129107378181
1463897153626066945
952175514139152384
81004025
825337360292442116
1228179174726066177
1620817218010234880
792315093912588288
1515932832216100866
3257520879
53197021
594613020
1390335267622596609
1191808401325666305
1536864711429480450
591961954
824020805566812160
1075490755
2885097263
1153534926706401280
1205266233161064462
1040704983358955526
67147947
1505193844501057539
595755969
1252983523927044096
153570368
57158780
1258812706410450944
61211873
1246251641722068992
1528678190209814530
1410706253563768833
21091150
76365636
3338143649
920707676081983490
1533442014259425281
221759428
45235681
51882226
26823385
37339121
1283040177246674945
55911171
1080199851302965248
27947163
1497318285162991626
1443683081588723719
1274396000493461511
3013634770
35105584
103969971
111083452
62426768
926196371589419009
355026225
131521886
34264727
161326582
164763211
109409580
1366762071703052289
621544152
113421133
79637747
14837227
1155663516298371073
280343787
281769866
1220031831740907524
34327581
72955740
25617433
3288782332
53758663
87718122
1284477620168658945
33514428
71034347
72703757
1164893212592525312
1533041370239311873
174262112
1105471538923487232
19907731
999349149849006089
1477683354472439810
814495210172518401
1141755419884433409
48820526
39091214
1431275220
128913470
1146764959008940032
1444586170235727874
1052446125016272896
1279141399
1208161086433832962
704673118485352449
38532553
1315607062831861760
3670019717
4343938707
307594283
468959392
311157473
57256052
1522366673885536256
138796935
204518161
35552367
29287336
215381775
52126093
122790142
47384104
197640185
58954420
35614608
103061655
42090199
428695708
55467929
1184257534988816384
36230250
2601778294
1353968539447697409
464803587
4339611
1184462780629487617
1210285695866200064
126971811
34118957
38605991
196564620
201882598
1479430365391597568
101105368
1520945384671092737
51554470
28273980
53103492
149911388
218244535
1422971628049379335
35588436
381620204
1464931280387285000
73770504
2973501413
764132163147161600
801099001
284058920
1530014233538207755
132318991
33654540
139426866
556352866
39936067
52790452
70210944
477766920
192287573
15410917
1530266753875443712
92607517
60174364
1544121585631625217
151564993
148573210
160585173
1441302198
1078327421269671946
59248723
3746338528
1390383755190222856
184546595
86765582
610171401
47656062
1557580160714555394
1557568120088313856
1483035612475179008
68795532
1273707949194719239
631577596
24875696
1243426227597139969
142383459
329475811
15301575
1670375816
1220139903272484865
2673406817
158788166
180081874
1564700354104774656
68027619
1562480128521023490
40255368
68256685
1114519107234406405
27285952
1501117429283528706
78071191
50909740
1526512540687245312
90423509
115179380
10419162
1033035822914826241
54367271
1554134147404292101
67465975
1235554556265869312
1530056505550053377
1010544866588323840
484015235
322662499
1194585649749340160
1263213544453128192
890996431938621444
73929557
1514267801464320001
2237933274
1300834299910991878
1396230461639249922
16737415
1376625199823605761
318853812
4617156075
52837716
62017362
2784967459
899823785423101954
2480347582
357822208
46269654
1551628200589115399
1213655292
87797188
1130284447914504194
146975283
1546230475991171072
42611569
306032645
156769386
363245657
1137477229959626757
426676871
2765176287
1359987290152525829
344523098
1245840775239344129
1346171018558234628
1003800302380814336
35662662
950742763804512258
74448066
1218943863823511552
294946677
15817024
1374017196414885888
177065182
279360128
14607119
43749754
73284427
170497442
53219816
34654919
117648920
54270728
860469355
136349177
339183004
934434467673985024
1260654771394011136
87705848
17940959
1233948635949338625
1528735431440977921
1612564996524855314
1344754403883020291
456176493
20046848
1643741834462494723
1613308442743029762
1644476686862368770
1640195303801225218
1483949775166836736
1521120128896835589
262338689
378160180
1177109527860326400
1592264464010809345
52784634
49345310
1208534560910262277
3577509077
2479474222
1563754403231895553
1259562758233784326
1491712792579264516
1150946014028849153
1644428045539766283
960861900463575041
118554030
104132815
1600905663064023040
290269131
391688865
893896843725295621
1361441321920167942
1535221384271519746
15689027
2629092711
72180781
1521210153059733506
354657434
177386330
4794212859
979362812991627265
1542491137507745792
1448782808785293315
55567880
2551018152
4760170701
347885587
2571909060
775513713436684289
157382681
52792186
167095721
16256451
1969021752
836265813728444417
1495404615659139076
167117787
729486204
722585983426936832
1036400365388922882
42881764
357561011
1231437918394290176
712794288858472454
1536732583849086977
1488654025381879813
1054021259250597889
1552328468444102656
104623717
2316257917
74288609
1411408721897529357
1046198124904140800
123712813
1558913280005005322
1544519675597422593
166725130
57475935
52552176
1414249903874879492
1167091093651038208
51538765
1535359842222805003
1083493813379891200
2474471474
41292330
201442540
48398806
3252799745
1316254803115290625
1520264581276446721
37035780
1595230523558879234
4911526246
283790380
1485286797550788608
1499326672109195266
1239976003356839937
1255437900134649856
61635131
809781421376241665
53921394
2951553111
35410801
167794263
1446531459611774976
104575861
1542621577468067842
1492604151997550599
1322897524261347328
1563502747315367936
2159626749
1448106965599723524
1514061274736381958
1372435235632246786
1379408202605936640
123998132
1379757552
52560164
844948803669123073
41838450
816340384204910597
1427626625542262794
942619364
1548379516405288961
1212379746765430787
1402926624467787776
52095465
1524206615913771009
182038489
77002638
4280297357
86733176
191723258
71230124
1308989283525591041
86137639
64810427
985647642574229505
54112369
25632653
1636312614547464193
1359665212819914753
1035339344318529541
71686598
1386017826335494147
257639970
2774956546
53755255
1371871804994764801
1626545662434201605
33111943
9254922
198227223
60674445
1450017805282185223
1153186153710772229
2267384157
942976411211583488
263703054
1624348146380701696
1061795518052003840
1635794586885840896
1508173872662728704
1169970228727599110
1479632199704059908
787705666743988225
3235982547
51617816
1111855329078362112
738143559920934912
68544620
873273650849492992
1515542167305043968
1552112744
1562987573785800706
133907400
93191831
1474013297980624897
729993938
49372597
1464352502779084800
151540195
1624555927830507522
1322719074435190791
1299532468236816386
751696398
1219384348824215552
51731225
1330507960037027846
1235646481622855688
132471365
3087311420
186267090
148522109
174726387
1532343570425864192
1503924414278160389
367270447
61104253
41459944
72904940
54402467
752636262620639232
52492069
1586618717353435136
1262383370908114945
61477367
1577213985660747777
1581776192851566598
172561008
49713441
3087761238
1491823594703306757
1390501788713984002
340252125
16864622
1219261930986229760
173513369
240800341
65815071
143816792
1601579179
1099092342
82419757
2377833672
1481386358031720462
295283339
1248720938
329085796
68757553
1505200048430276610
82587805
43047753
851837217437884416
29093125
229496829
109325390
54397777
270069773
59870878
1309336024636686336
70474713
195620564
18805591
57531053
3295820957
74836878
1259522744770797568
36764360
171957428
1458146854353448971
2741306891
1224900958943170562
59340746
115259320
1495886474297888770
43692060
200954288
61513443
1446644351141126147
1551936722010865667
1389835867422957568
129136971
133689922
1550117509604331526
209362581
473108403
1085192260428255233
2669926658
43370903
151978321
1059736961307545602
1468311833056624647
901407982013042691
14244243
1121557238332706819
36608122
61801911
1397329195
4699948116
1481662192781074436
1358744887659741185
345114478
245764760
89012683
81713344
20353097
47022710
1377276638187098119
55448310
71715833
1281172359202983936
1242082406
197554607
221909853
39482950
1335026342
1362536497514168320
56262314
1487794465561620490
36051596
1562931900951724033
1538398861340950529
1136069753255202817
1532979105146322945
1399067016942829569
115799618
38576789
48211906
276573220
2886790366
27946660
465134507
1284198199381590019
95306909
63880800
188090798
1522330905557229568
275242341
1094085844502220801
1466186253804654601
1560149055115780098
1227731423500656642
113048871
116449879
33377005
301620461
1494900462243487745
1470841262349725701
150688200
63279367
101790191
32527755
312610270
1564049320021839872
957806266088292352
1561234334861901829
1122199996093403138
1389793802722889731
1168597657729818624
273545379
121456458
35072625
1023746093216149504
49959610
2174696982
167931308
1169408620959846400
1033648821119713280
72155714
1059422348854657024
1898283902
15495065
94453606
280194491
17581343
1328041369303207937
30216274
107421958
69676999
99353567
110132295
2894082837
1486789983486763015
36933243
68684459
1164185887086972928
194987064
920597438439804928
3497126055
1121401968604450816
1340986739247202306
58743760
65805485
113180845
332291733
2402425004
3188443457
730400785905889285
1554088744352976897
2716711203
69636814
1484166797251293190
48611031
1064740464199385088
183806396
94162216
10341762
225064867
1385994866887434241
1202190203718438913
3166579396
1106324144990375936
1434410176824676356
180875727
46396662
1169702460266622976
309928447
68018561
4351146081
1363104077987602439
54356823
1541546686589407232
249993355
43470333
536878101
238771880
76580569
1504358840971796482
40331577
71576055
259146638
70708267
1503766975327125505
28383343
423777834
743178570093072384
1042430710907326465
106774618
1371667306733010945
26302424
263727295
1327431442780069890
34176667
1324327472326991873
28436011
1420927006535995398
46981208
1432316742718656522
1428222142295027712
1438472281
1312786972163928064
3068314774
157137761
73135603
90834290
1295383206825545730
106995471
495563042
78361665
40146795
85343671
1250049498
1107867521904979969
316465921
1147977986198712321
129336320
709772040
233383596
367472800
77844663
2505597843
321929595
83181263
244904932
2237610920
1558512795485982720
971793072639094785
2665895247
2888345027
240353994
142649833
3308390243
1359248564749279234
3403501810
29369940
979497194
1443395854077992965
1525611627357343745
320461406
254807654
1287931
17222497
141447734
1382928143560929280
213925738
405779831
65126460
327054772
1242499810848014342
51640426
473444838
2681382623
1196462548213780481
58827022
1230074138
1537988462489444354
72770024
1527960748005199872
1085691880803917826
1390024725867466752
103169020
1360083179428798464
1356096757
14291626
102565249
21210064
51888376
44069865
118925906
1257892099552403457
317263935
3384584728
905063668689379328
966186884769644544
1216375381533634565
1275530334713626624
972996482906378240
16816428
312654799
1514118944159932417
115146921
1036811344186691586
1294826652883652608
7619202
1445126696378712068
36757275
72189653
62673437
876757049895530497
356497773
578548228
262389563
45691554
190597238
15453801
102992758
1442235364979064833
862513225
29996488
22027802
35024931
989488413857517569
1038158083
286834507
52741674
501131995
1325498305019834369
58259090
1365482244094234632
1494512156099891217
1189597468792709121
1538630458858262580
239176770
864853114142289920
1327453874412793860
1491818497298604040
133753965
1393068681987510276
166169217
1269426477562499072
1469489317013770248
1507166745739603972
1972578984
94247033
269813338
59064065
67783448
1242746868167323648
308203844
231950915
196636342
166797952
17516438
1245563762880413698
1213039338335817728
1515879410599092227
14328502
1134601281669128192
1534558402332045322
1537403458818555904
2812627751
3518884516
49480741
1272619092114096132
451750996
56078697
316775437
1375539398
1407109304449220616
102065736
1033038950020079616
25939664
1147982759429906432
907060965467987968
1246450413815160834
1031577647971807232
208860386
54908597
3031550217
16243142
1131825372
935247710
1438242019726462980
1461236175323250689
46223918
336761890
1206370783498588161
211921444
860440363
47395147
1535442433105870848
15692857
1440351893046251522
3326092553
234544680
96208313
129983656
52500909
1086059886222426113
48839257
4919229467
74333934
1362572914286096387
1463438926232887299
2960820226
90230723
1241828714
152447348
778628746895130624
23001395
3000486232
1176490609835724805
1705879176
1516917373726597122
68857715
113515730
1168206039369572358
1443227901919440900
71269412
14974200
8373162
80993653
96032300
1211186091174199296
288237723
4706720667
3095036010
1433531400
81907987
1415342203954679810
78029513
53569392
311565004
1480173060787482625
1461928835478429696
3093809605
201782220
3290884168
62695011
1327636676361981952
1508922116476915712
3418622446
284209453
52591659
211298965
1226716885091307520
72390035
39241133
13471382
954021609391771649
353495097
1456253509960183814
1520135710547849216
41173180
1496546827839193089
44277741
15678859
26817727
1011675096522608641
82206849
1487695198104739847
127624607
231153572
51495013
125074984
1308158267986714625
490691138
335059302
1344856486967701504
1025045276044795906
1005892708324532224
1387132635613433857
1864941661
11352422
52503080
19888362
988779552246829056
2761521628
107785164
1498018090692579329
299835847
1376409747587526656
63236916
995413295271174144
68763061
60547295
984266631554707456
1449752296930349060
367966084
1557037470885330946
41801563
1236838517466112000
1243056033897099265
187683455
885726991
247861366
564363321
1253691953746636800
1094062092137754624
190702331
3365277016
14505385
1541484529667424256
1253312188770586624
3306316870
1390134329804722176
13124602
42049760
21344120
131995912
924978508224516096
235618857
2867758732
4018807829
2392089200
57017357
18141369
610437727
35619380
91015987
39083748
3064408054
1559194700355190791
3929791
1266827200793280513
1499808688261013509
1218988349853184000
785649652099973121
67182399
130866190
831932620082728970
919507095254388736
1426298177637036037
1151678419152883712
48463980
1289496536515260416
59768824
1255473748700024837
48081221
1140076640166457344
3030178168
57152598
1474904599773556737
1509268505245409281
35784221
38357543
977306570
73411807
78108494
1389003215518289920
300811674
1373698331302580259
1260174921906479106
540440005
305750238
136381166
1007302454650851328
1383829819587063822
3342200187
962844462803283968
940046833765662720
286826685
2239012222
1241921360718434305
1508214357582356482
22635254
1173120599553728512
1411282015568240640
92370066
3002223783
37031702
73885264
1570597776
950761322
1088594612598591488
89999916
94878293
106695814
235266818
1955171035
166259652
983158820217159680
185916083
3300536362
1348688905831391256
2992345509
1529704538
49750062
2893240085
1149049215831728128
4019938570
78597579
2902723605
130477658
139696469
1422803083692855296
65273725
14492194
1282560880744574984
1564568198359416833
1617912157667991552
3243666556
97034316
37530699
944563878
67915932
46700167
53123781
53578746
48826149
40084738
578503647
1564444360321769473
2889745054
51591570
1424447968460087296
1112858963106779136
1598496126344335360
196780891
79356784
747602699785482240
1043147802879160322
182589764
351867209
1347537479591731206
76316099
15883476
2771934227
66123954
1613893770600128513
1474184452045684736
1542591550437326848
26938606
143995884
1603195759171715081
1216236878409670658
896920183901753344
245079310
1470606485382176772
15493820
1592678926056316929
928252346131509248
1253523555310096384
3226447287
988972977139212288
1540921049407176709
1516772359612551177
33235360
1502427899890225158
1399244633427922946
1377043974767194113
888911525561475072
92010174
213073520
297481733
5816852
1592958272918720518
957983145994932225
32792380
1484167504146665475
1103994126339579904
144546802
1275777516335235078
1633260281190141953
1123389425654927360
1201940098792730628
415582470
1468423847087153157
1578176525601587200
886726786117238784
37821061
145270537
3585902953
1503833789134426115
1164510141431058434
1483560391632433163
137495039
43143000
96589602
801458744
1122671487620612096
207290297
1248786897352130560
2660597522
4091483601
1247016213655535616
1609176531573641216
14948284
1267291576440631296
33660604
864947707982602241
1541495573613842433
69685873
2948921992
9263792
1196989485336137728
41286470
16423307
1244438918419841029
1607133993794768896
1262643881608445954
1459151632965554177
842152436
892537088041787392
1588206816277708801
1626727997570002944
69044546
227300768
1649052020677165059
1499694012630020096
1095822244813643777
1090249021413834753
1440745314588131333
2753954699
1600715860062126081
29720850
1530941396504412163
1487187862386794499
4823011349
57581510
1416916804929269760
999191135728947201
1645839099750645775
1212123042
739634772486524928
1487969360316620804
1569645488621916160
1396146261712060417
1491913405585838080
1530614408078053377
49516173
22912995
61681871
3378841539
1354498202976854019
