27008217
97543299
52784634
916682615419232256
72955740
579387724
41267822
60207311
767098766331670529
58264264
22197767
923908208976187392
215739736
19383548
56807544
19907731
52232959
51658990
1097474397387046912
102110795
195039517
1333091179253075969
82998437
78992868
41684303
929805953398124544
36748548
289063916
53535856
318178951
23961187
176490337
22962989
20993151
57194181
144811662
1137393959955836929
891761777423372288
38730119
83494348
90000556
83720016
61513443
757203159966244864
69096611
22248152
203973686
497367354
221202313
437615886
636324633
1513885897036607489
53837522
45237004
56520516
831922788
2910826179
122998709
177743869
3408050429
58377573
1220139903272484865
2343950340
39260087
95433357
27735819
1613027815
134972054
42303406
34975846
22402665
1314186824894611456
124879030
112842256
35780263
2602508179
53276640
14407625
2787216415
71952282
1491425134560911365
876205295126622209
61319011
238388733
1416418679038808069
107799831
1505667160491933697
1557087765816381444
1351415045058654215
1560377161751601152
162937441
740113990404214785
47996931
94453606
167051866
34365712
164142088
41111513
921687424010420224
1169702460266622976
1502013846818598919
277321935
14720294
62972684
219149667
1191452759016513543
2165665577
151088204
234804944
1452631605747531781
196780891
172100985
151725277
83372620
1402999849197314069
375925260
1295436796852146178
116231113
61850588
530850617
271912682
110132295
1061941299966820352
3060328952
1235287880299315200
38977827
47502733
1346299951572283393
391620510
1234845202067722240
128124649
107514010
3397405059
63830471
1496222191389659146
1542339013297770496
57694779
63057498
1390931250
1461666037838098432
147232996
38690166
1270377804081831943
2593187235
169825640
170107891
1311965508959383557
363438922
131994647
1353599250987446272
166634136
85382677
14465338
1542677686111313921
228932426
1152101736
55858152
221199280
929997593412763650
29086173
1537867986081570816
4286004615
1535350372428042242
3092453777
43089906
1474268484611813378
64785602
218114717
1291907501592580096
879696904682123265
1379868855091261441
57161717
69063653
146528455
66858402
1463585355655954444
723519199130296320
340611708
70319887
4507771828
1185556786360868865
50940759
39606505
33924730
774469015
1560686972536082435
2751695036
362556265
1426362379772760065
1519066099031195651
232428591
65126460
41360063
208747852
25018330
76238722
1600191325
1564724987109511170
1360083179428798464
1344104485661143041
90432796
1292477387435900929
110688963
2939461979
141966602
241622546
15103345
1412952727437684740
3895005683
303316635
1412055512024326151
146665056
24683934
1194245002815246336
1059736961307545602
15851061
50443728
4706720667
839106743993004032
36146132
65379760
1253479946695184385
184893699
42225288
1475588450992762887
1454087791122472965
1322135220645208065
1481869007607287808
712803270155235328
1239998752556974082
21173480
40956930
1543746396
1194301433895641088
18293936
143443643
1252284440140750850
181289811
1473484414910976006
870745039
459332230
104151076
1207039370018119682
1379408202605936640
1081554733712723970
1483492007515500548
35625891
70442536
1411463395
1540854939378925569
2946347889
21415271
69676999
65773514
93976087
51473726
62426768
54243313
1237506224389750788
209337305
456176493
1542621577468067842
1072190462193221638
1477083508359245831
135665644
1638232890382098449
2407118891
48039782
285609105
905122247966429185
15431528
36413246
13821762
1063804299174662144
37793342
264470848
1183394074528813056
1537097985124868098
1359619452594245636
66981957
1374904291044044804
57017730
43470333
34734859
57531053
3051293794
45731030
1248649851061121026
986660752441389057
52809507
14220748
93090759
1466186253804654601
129540903
15817024
1086036129894354945
182792084
1408410275343220740
1218263233590710273
1158075248228601857
1466220101896658960
1298654566049873920
233197339
1027978531127656448
170497442
144635784
64727308
46791963
1403610381583585280
1611067306532286469
1610095415982002179
82896355
1500636171344429057
44636743
90634545
130915513
27775035
1138034422500999168
51863046
24680242
1033036024279183360
52614431
891581513502011392
1552378865628094469
53569392
1161908007690788864
44622056
1151600272793395200
1609391923961233408
18688345
1072245432221425665
1039732780329062400
1313545550063693826
1270396559709143040
41489253
1465460969023361024
41286470
42327483
1458452998255005699
2474471474
1500668838513295369
1566776901875662849
176422305
97210037
941786665
123597790
23419195
1301357163315634177
72468862
4427583209
1257723702617260041
52284044
1326147046341009411
105962343
58984104
15416900
1353239521580748802
1194339711722151936
3340659161
2500629679
44218384
553881422
1174059294473539584
1494735032820416522
962676756
1092725396938911744
1516541037384249344
1092009459323420672
186269601
419808548
1482876322368081935
142325755
99162230
210150031
733487737047764992
22229838
158160208
240487715
1094085844502220801
125509173
102160355
372604988
1547758833732161536
1500957906325454860
86532411
3069064738
28720775
274120838
819695237421559809
132987602
178987090
24693100
324656591
153677563
14322322
829038427156918272
22576338
263382943
62842687
1347177511936028673
199249109
247860298
1153787864855040000
298592034
16907462
54444389
1005603515924959234
41937027
573309143
1441969291654430727
16595668
848956139479998464
2645593543
41177838
84845096
1546182211002683392
1252040999133724672
1518547274816704518
137777595
36904504
17696815
75877617
203809353
3054464278
52912420
8539732
1087562900640796673
34779125
1592328339422937088
15774970
131285084
93879801
69044546
95335083
2531169801
1519792965895475201
2950225043
58564207
490641796
201360755
195863790
1429133575287365635
25623360
51617816
1259324253092155395
160665515
172562277
171748819
1058131859547275266
36128858
4250812918
1120049911
22630796
767552771390316544
18346652
58488371
1499101156861222917
1544669456298917888
867569125564047360
14075579
1449752296930349060
1377048015593205762
1493211894508929032
19181377
791469621245308928
119032434
86169162
186990247
138257731
66423697
1538711071011311617
912469320340525056
1029580843478659073
1525254306424930304
86787630
34968631
14418146
95291719
2819017387
900895731166228480
344523098
1022554246007410691
79786546
848726392179220480
40265572
4704060973
1157044974799794176
85929882
1365756721935876096
70180456
98659030
12708372
876670008696463360
72180781
1517613682485829633
770363245
15165399
3184019711
1172915028
1078327421269671946
67898559
76746144
220978370
4699948116
1146261631506309120
571770240
1177985291954671618
1561354413922459648
623450310
162375455
49408808
1479533179929251847
1558847602141044736
209026290
127906828
161696522
317422355
382154856
210473173
16631711
21563281
260463029
597862823
24731914
41444151
848205260451696641
78433496
72731619
30239202
205310854
37676691
155699174
59010044
155705009
1518553764575203331
975032069825888257
76257183
2418090999
2979701957
1531605533584674817
48793694
55003384
860144029
2891363009
1501662634051002370
1103714211039977473
1241921360718434305
1471250170335617036
1058795162896400390
1386020156837662720
1192156874247954432
1525608841274064901
526528864
330723317
1440435995661332480
81593903
71380813
56442329
70708267
1484977538266976263
941834436626276352
22823839
992906200441327616
160987515
125221616
2998919553
19760192
1441202399566172175
1279114797737541632
1116685225
49319290
44300313
331971264
167597372
38918230
1563720685192724480
14504663
2345908771
39241133
71123191
1549368638406270977
40146795
163874389
86765582
1064353016810217472
801099001
1554978460963115009
1569761255526924288
63279367
35770077
16883741
1520020871213207552
3929791
820638337
773238929516535808
1609355642
97689547
128615116
140634427
130611802
60594005
1539575991391100930
37755734
161087185
314689829
62695011
3112052116
116519092
1488723258107215876
319729240
11352422
1616207969334530090
22865582
1312360203074011138
23882685
254685736
353737709
61186873
869551189310025728
123610288
96669466
185853202
63715953
107270196
58655158
52089108
57581510
1634349863428149251
1624512981185822722
1278310915079835648
710640026728660992
1341564803945537538
1175536929397452802
18143561
1459221979836387335
1216484580166979586
298083501
54642075
1179549900603826182
75946968
318056797
352200163
1519123625655386114
255956055
33366677
2469641659
1295206175710089217
1529694183249924096
57956598
490592505
60721389
1486058855268294656
73493771
2149499377
