240009102
177423719
1085470427886088193
9232442
143443643
64727308
3371399722
183912074
200885717
83720016
2152129219
848555556780613632
2423958642
15410917
371479366
3043211619
82450692
21415271
1463501695099576328
127402450
53276311
272030887
61943489
75827450
1425981471068770304
118876845
73493771
606016840
1305624515523874824
73460270
1244422242584408071
1520408693497643010
3854474182
1258382487186702338
66425557
1524444623233556482
1487695198104739847
137207381
198621311
1074706685137174528
595755969
1289014640618471424
1116063488785485827
19907731
1416491998396170241
66809146
344523098
176943108
614455528
40071096
281130563
190316221
240800341
57481509
1214788498886217728
1432362293040459780
337408358
11334252
3070085434
1060318682780483584
161696522
1880377615
1402804587229237252
3294099032
64151080
1531009089656037376
56541510
40234836
1485394721656774659
274719530
1525656082852499456
13382522
67763936
96609758
1199071563242496000
1173426626681614336
14398507
1439534897878781955
139391159
1445511583421984769
1399845374286774285
1279435111516299266
118219160
713180659
1474908485775241218
2973994137
1533645418998923264
1532901555611246592
921364987129532417
4899438364
979942389619011584
114287430
3064409817
1482876322368081935
56851995
1636376514102194177
1543608972833443841
221156709
23726935
123594341
1301004763253932033
1523674437056401414
1433149665382387722
976185744443236352
790632315038859264
18346652
41709648
488212730
770975169347194882
441870722
1363333814676783106
230743142
46651017
3363017782
1256186895878455298
146528455
2730158884
1556263365277892609
1553442237413036032
1230494548482285568
2956717882
1469017688769011719
196843664
234957578
1477453276610273295
69676999
4715652562
76257183
955373902997479424
1447347664408961028
1318388007578357761
52309670
51405210
75327006
33387790
999056285235666945
34660926
1212884945217024001
215596444
1290292825637224448
137547006
26677260
260008425
1507764497540333569
970734204723097600
1371871289460330500
1521237149206683655
62487346
245524501
92839566
18682419
1366569497788882946
867828601604984832
1329051085957427202
74603576
1489323860755460102
2288985993
1539074654811340801
57748745
1444686556850237449
711352570317508608
218625907
51294408
20783135
1481459536439488512
172804457
1447817696112951296
184992427
99806712
1435632226167889926
1450679774431649795
593975511
172984829
176278609
137960258
1393595474775531521
893451813260808192
258164047
1534010211505213441
152231471
86454721
66716207
1272659069296431104
438473416
261271624
1052735544344633344
136435677
328291829
259986546
1525600748976873477
3363592053
1544086903342915584
721819798741610496
2766615153
51430514
352732194
124152372
226997479
56677037
767552771390316544
375958134
906705546933305344
30712812
1628169037199953932
1006300207108194304
1594003062
1247882053602795520
382927727
1443989242611384324
2469830676
1146860875
93988861
187356206
16631711
1559996062781300738
1389051122640433153
203809353
756249216742227969
737803404467146757
1629656962194456577
893896843725295621
1002214998033223680
57220858
10713962
1545511409810808832
150072468
325215969
1072245432221425665
1596170442900967427
2727813235
223885778
35540986
17121480
227147387
826208760683167747
1455414150977425412
1562282056960610306
1487119352369491968
184541699
1562050022480531456
464659413
328610164
1531666956281122818
319690351
443267022
3232502200
846823891
1444033341783744514
380068921
1220139903272484865
1458199825439240194
1587579115326132226
143665196
1626891088123379714
1553801672866103296
1466186253804654601
1557346822817026050
1475825898804944902
54783971
83494348
2921446067
240814091
1590545601376256002
166995676
36465828
1191808401325666305
1586341876751339523
53569392
