1222524285505495040
1155988703996731392
212382294
75877617
55413659
20147702
1221857022
1262570876974833664
79532935
1175001457084588032
37530699
58113472
60369902
25042231
239971700
72339424
2741840722
1039271264299479040
1076106932807708673
1197707770025435136
1258036479701454849
1323823594510626819
2465974025
1510295349130407941
66788713
425264201
199901773
289063916
1557861565952663552
1356402359501467648
1452398647019192322
335344193
62834165
395689514
701680421126463488
1105270514883485696
53554742
175521221
64776150
173408176
330524658
1015302215752409094
1268303647340990464
31417610
220499849
1287460552126738432
294946677
972462380
1431438294227820544
57017730
123601616
41136794
188090798
36504411
344523098
145289944
78507844
2362098735
299824318
106129983
59858568
81270451
590000927
1261328436976631808
18399056
430891172
112446419
293716971
259905665
1226870301679636481
1172664662678298624
1567983192195448833
1632947066946170880
1482876322368081935
1549922372714729473
1365811734750052353
281769866
162769821
1034954734279512064
1277728653187702786
183642514
66544424
27008217
855938087742050305
67898559
267507997
48586521
835282783874478080
1314646539613208576
57837367
637385447
170497442
3339940750
1567475216
1508844145921691657
209026290
67435321
771520845470691332
1084600726624583686
809808733
322897508
1411492292586872838
83720016
55392137
2418817953
40982929
3415911419
55625282
1125378975013003264
39073249
77108282
1268361139802472451
3430327966
44340424
966440447131430912
185916083
1514746646323683329
79616665
1555023323444174848
53371678
4001406323
1013113657851613187
77774672
905801733347139591
54567903
854163785740890112
349119627
1564426210611961858
1619303567902343169
36764360
69044546
1022563236569378816
226900742
56248472
1544128266398728192
365075592
801099001
96220508
263957467
432077979
628018010
1426657302459863041
41177838
297653828
40110559
80633714
1503232828401717249
1253961063076376576
1443038683104432130
82940542
1252322045028962305
164142088
139276688
1430477006
85834455
2787216415
477807362
66872748
68795532
404706355
3493611
1547086744591470592
1587397755244318720
194780780
224217678
55090568
35702601
34779125
1280856750082703362
59889861
1513231231
1049847515409997825
162957667
269594317
171282737
727083578278993920
484015235
48186490
374506906
1157005495808471040
526528864
1221261875415060480
22429122
1466447250297610247
3363253035
225065995
1969021752
897298921076252676
30791137
38690166
181639791
348077645
388874742
3057906575
2849969571
113214662
1520042854147624960
385657432
1524377144784261120
113988684
1321213727610408961
228852406
2667164849
1145508420004536321
30488590
16999732
3735378196
736579906268717058
1540474363618656256
824714079910686723
221543668
1308158267986714625
59114084
1481989980528467975
2326839929
848956139479998464
1485270897019740160
56182140
90396513
56800115
1082097281132838913
816613480895836162
297205465
603297005
72969437
60396456
3188494979
272188119
18682419
37031702
1260097627
56931404
250267802
73248757
88919496
2952419314
748236406963703808
57162469
20898848
406963416
13124602
8170142
2903952989
1372362666430377985
791629058
305255965
37571692
67344026
1270819105680101380
220419072
28140373
149789964
947609330697883648
1557075346574409728
812486818088288256
2499929694
1456285382102843395
2798778686
46519353
421258780
143272324
20508939
70206504
1644110526
4706720667
1487829004929454080
1545096552804487168
49480741
108407108
61017309
890979198445244416
60721389
92743535
53179056
92517878
67202036
1586039953221472263
14328502
477313835
40117839
1055152529716187141
1078398974279778304
1446644351141126147
27266333
105962343
22229838
1691766446
51165664
21415271
173819903
585726008
3142093204
339933198
3298162567
44673247
903307362039201794
378153499
51481579
143919568
48157520
42027444
221759428
4925796315
1609476119379513345
1442630354741956609
898749456329433090
73493771
51617816
139696469
70714309
1272773553948147712
34239340
57332945
1108822381810909184
41818731
1102428048044056576
1409613255111217157
1075717351738363904
1476275980910174209
1388524604705198082
188123214
1394478747944947713
1443399233260986371
15410917
42722945
174393755
58711389
277242309
117454065
1427787319696842754
16056891
17358718
53558141
1488246984674795522
1038239209872666624
1025021035
342144745
69560254
1959923005
1458452998255005699
125509173
61235089
1560745091169501184
1560732291680321541
50767044
375925260
1101319765036027904
36614964
800074579834126337
312966352
