1006668874643894272
3081694840
220542527
167911025
1102371380643983364
1178889891972861952
256544422
215096709
1389581689354129431
906262574978793472
1208833436192051201
1353467576282722304
1392240189452562443
619346712
56931404
53347651
965657854144335873
1405380968203100162
2744858603
1539067357997547522
226338570
47832422
497181333
1148992918893600768
148870532
1360753365739798531
3297829744
385675956
1174813843740139524
137055378
25578084
721891328997634048
366148261
1138212896310267907
334986926
73456249
3437214016
52271851
214253846
2745775513
1073720238796169216
39789302
62810965
74233732
1440462452483784712
45003811
316776058
578086430
51297628
89415501
1138906746565615621
51931982
1263356412241084416
4736032516
860133551395799041
317132698
1504940972890800128
150332900
1404893252260597763
176907195
1136729361242103808
153612929
1201124940411547649
1520924672002560001
4853982353
1488357778477527043
325854544
125519865
1518908815009329156
410760828
391688865
61341485
17059242
3810010996
1175001457084588032
1066683233755176962
293788999
3384887595
1520769458494742528
91864046
47220478
1331855691179585537
152492555
215669641
505177751
203112390
1061986505688838146
3292622114
80148399
128243073
411472563
3001965339
1496289991005282304
1417339053503037442
164868548
1007823716502392832
13124602
758767661417369600
1428330643344269320
1358615540068212742
53834975
270193365
1375223712245514242
327721460
40032967
944100184216260608
3188530642
960978889513340934
1058879410416353280
339186023
1554884799415943168
1338682756432355328
1175780387878051843
4699948116
1427823228
1161812883765944320
57220858
1495837679715590145
1510295349130407941
1333494912206188547
88562093
51430514
221759428
159854843
1351335583377985538
80901793
90012553
262392990
277148402
1542531783400497157
2684550856
365608309
70779321
46155122
28019125
75636091
1131169877279027200
433824601
228567509
1092755206029406209
1554978460963115009
438473416
1051979048941998081
236087995
1191465826953650178
1375847957564686336
821412926410067968
323808124
1492579819606925313
1258812706410450944
755590349016268800
142325755
714633397
62310858
172425855
1051521099861774336
118541011
137207381
23443039
79641068
52200368
84571881
536708278
3387282047
1066219272
1540133988194566145
995844024715096064
1478028194943057921
1525217043531931650
1057288678920339456
58010853
601913983
2658665050
1633196172
1485071585123909632
101325170
235989085
321040274
762349442985037824
172646993
879859952411697152
1389400254554988545
140907993
41021925
83969811
84058509
820826820115316736
61814005
64893554
1666126567
853028928251998208
38294068
70563747
1041869091387179008
1087857055
36806992
159978597
30893561
67477871
294463367
84591288
2469468328
41950147
1321312231636799488
538371495
50743646
1371877000416219136
52560164
4076513001
1359619452594245636
1248220145417322496
1059597114538377216
4836156178
2854135979
1519719287669276672
1535571456196857857
3245101013
118113674
482978541
53748964
79038984
1189573869578915848
19450758
1171368560444227585
84052703
1056885719585701888
69775308
2662408269
243559724
3044667964
220849237
1458600625101545478
71674128
32441166
858775250296852480
49859718
346048937
1213947647473487873
141761494
72180781
75428103
359983589
65154104
1400272296690995200
329045960
1305019134732890112
1300795536
1545571816760025088
312699472
2773047596
1029899068846354435
1696942200
885726991
1119362852480008194
1281460403298545665
1583774377
1797898658
748546544136249344
327094979
589542674
2935444570
2583345503
763873659589124097
1214721947067703298
1179944118950256641
120865549
513546769
1486058855268294656
1550270978000912384
1051823891939819520
269517544
1267651717103050755
569437173
223002989
889204607548878848
1013113657851613187
1522937253814751234
284058920
44167940
1415817147171889152
695489897390542848
1512492575248289793
1310676242371432448
136742137
147232996
396045950
276270452
1477369559623606273
1550614328142872577
58977902
1547543685629345796
1365704773
1550512566220341249
1542214379025874944
1384174370524778500
1216532420683616257
429541556
78528548
1356431222101209089
569141682
1046745940202270721
898216915927261185
526528864
72865220
848547278231142401
3044745669
236733243
577175569
1081039954678108160
1418817937176240158
91228249
107067839
201360755
2157276005
58693976
278184975
822665821306712064
278162482
51424195
862644978538999809
1221544142800654338
3042060337
1450498485871157256
1138036470
2506152804
4825896802
1064554394652422146
53080048
903355734477467651
875559397333880832
1172682325
230251923
1546687144726601730
1523456444644925441
1229920116957204486
1630958555602796544
1512420948854587399
82287929
1109114482872254464
1562439782676189185
52539510
157473969
1135290342134165504
1253828737742917632
1280643718865977346
3024249575
1850255252
71618551
850529014913671169
1168608466837102592
1891273320
1554484923750354947
1331684948361830400
977515120116027392
295924951
1723000224
349958505
2751010925
67066934
2577597908
2673942503
3786057795
1268313816158306313
241973453
106129983
199362502
124033381
1133737191581061121
1242763136068980737
1132133699741454337
1486904787899764743
2739984951
1449639868980678658
1562050022480531456
222604178
3031125824
159143072
65647600
2571962857
182454164
1929283104
3266341356
1549010781215268865
880320457
2200209434
1370731409611051008
1326982040705773570
2902079732
1521470791421988868
1381751120498987010
1193539503660634112
1178112799853158400
1180812777985851392
1301323141948542976
925107463040401408
195620035
1082823415717920773
1332318517576802305
1460000822767591427
1397935846750396418
39899805
1500896439387500546
2569323376
974067644616855552
3724233975
1440842838346895365
1109869207758483461
3345604913
34626356
1477923932535762949
73490029
232547788
1545077604180529154
1381992054
1051932269403926528
1222338376193449989
280326399
88915753
714247384960733184
1235325153028059138
1133518856281042944
1267878179819094016
943256657827713024
262379118
1939567585
1546901574735249408
1180192051108954112
1119232841139785730
1364420623
172598229
279798120
1484956302279430150
1507070421564276739
1504436359494356992
321447879
1190071960774029312
862797483130355714
1509390037280038913
1546298849957928960
828071376
132330825
1241498859144183808
2808694011
1544820995189612545
237030000
730913149063446530
1180239269228634112
202706818
1421643407768829961
224285464
1222410341566615552
2720244743
184142553
28655593
57147792
203973686
81266685
4539340275
332851143
796008510471475200
763722375787577348
4474472056
1516425601187565579
366696478
380455851
858527060784013312
1033763192634331136
3505769897
30354784
102414991
1560567127
1140571003988430849
1506701106038067206
4868055281
1435635054403805190
1236794351193411584
140075357
58994298
2309257638
860732194079342593
962433269919879168
1193915057740095491
1348713807925932032
1334337267054284801
1161762241961779205
880253565108965381
163472972
182547309
1267657894125875200
1453893822111440903
50478237
155760750
68591712
983158820217159680
713637011
1047675641569710081
713813920176279552
885321550223855616
54065651
385065280
1406064958903881728
246413568
70763776
722273646690058240
22573842
38505279
1628812068
1080961376716275712
40897123
85834455
342815291
929008051109203969
1153046806458224641
928666892922949632
775940514
256796559
1267470857598898176
495383986
61290302
917110224531722240
73458988
1511901120620384262
709215856497188864
327175781
1094694409973743617
1518845757150928898
1525665844721864704
1257860346011955200
15410917
1413976352
2277014944
290737036
1256077366264246274
1529396395043704838
306348524
2567890054
266269674
1144990122485698560
1522416890227924994
1047312213755740161
1286684958858317824
1239210615715115009
1432462777533222922
2596625848
59869334
1177002332422332418
2876476491
286482367
2446325420
2758748835
2544100661
249238966
871924376979091456
1354162708820750337
27408586
189277212
1244788399506182148
1427826554
1022942683361357824
65389213
19394122
1452095470621319168
36713826
764551507459137536
883517599
392810037
255531425
419739435
143225253
96577034
408130226
606711841
3004765947
54277696
49168944
1445045248145698835
233683687
35052013
1122934607329026051
1438738964475793410
1359507869939486720
4798802925
63127245
70424635
724410733799329792
247565544
292689060
58918291
184139574
143919568
1370203742264561665
34123254
62063432
1217535848394231810
4867663163
405077710
1082330588000980996
848280410324946945
1256884135957876741
1102428048044056576
1051270370773409795
1455896988130676739
56259410
1475348270729805831
403050966
2422294761
1285377923277611011
1488335593591480328
3051751693
954738570044067840
2185868452
1381980799831056384
754073900942659585
1149357249422331904
132959427
2740517058
176556287
52228362
1074293610386997248
1450302302
1348819988824682503
71086483
187380751
176221743
1219091799702228993
1145465122145624064
1512105901
1123708658142019585
1504956908834373632
1090414142614327296
860956545974185984
1021684749679710208
2170964809
3305842246
130170060
1150431070397108229
815877891561025536
1115435356994846721
92390698
3033548951
1126129954943635457
318228108
53195346
4626229996
153918456
49737939
1515129011189522441
343838950
776422210630250496
118113723
218625907
782391607601528832
143177836
17842289
965762381346459648
54830893
51242253
2720697947
2281449467
1508959939510812672
799458345828618240
1380033273812942849
1541852858898841600
179742455
543477345
172111209
1340035813657206787
1095453094924746754
1628955390
186524011
705172050399338497
940332626308673537
59295391
192274607
1133910724932251648
1534934516824940546
2613604080
923380571304284160
754282710
4910291447
25531371
848956139479998464
1320885457027301376
39438575
1052648302448177153
45402118
876655039531692034
4376805203
1338947463043035143
804810993754918912
902302982800375808
771943792702283776
1290698485579370496
4258287862
1284502284186144769
389027767
4141417227
42622695
360101991
2804744816
176301500
44156404
1630756729
320217441
55328745
279333274
923659840836206593
58608290
363203031
115479623
1464634819887996929
776495464237690881
190316221
87524453
1552515416546738178
1314731328898772993
1525444210807152642
877200163655344129
711620550762872832
1153648740110090241
14350111
1552056997985517568
1238332307334930433
1551415173642067968
65914630
1328973221375471616
220050919
1210256573064470530
178133898
2823333838
57417211
293697029
1072936569747791872
316771066
3296781452
1105580037401649152
217244214
148733762
713160919983988736
57761531
187082281
356717391
1449783537549389824
2511465265
94649558
815100174284587008
158874220
187062766
3217973356
1126616387303165958
1498372687445569540
309315250
168249178
48081221
324175715
46776031
2740967427
55244663
168730537
997697298800041984
51262323
554685441
73696884
287238512
3177018065
245413920
1539905218560888832
1384634090863874052
146996923
891826070105862145
498979503
1547815584087191553
1479430365391597568
371874313
73135603
1248444059502419970
127324628
4880305215
1426242619592560641
1417146336953217026
45653564
1268340404262486017
67743422
52021006
73002111
3416908168
1012549864541052928
26388799
133597590
42334494
844001379685466112
113028271
228060854
809265128457781250
1279435111516299266
363178953
1546658232269213696
32866668
32382452
1386686419767287814
242190397
2165665577
1538398861340950529
711352570317508608
103958224
113115757
865772845665841152
1215730368571170823
1519787566446354433
1511557871754006533
2304334983
56583424
61940367
77301032
1398005617223159811
738484040882343941
14504663
1541222739377360897
166634136
1402804587229237252
4847520616
1564067167552798720
180156924
26262276
461983703
23159524
69881221
1364749118380400651
1562193496538488834
1560012309476556800
1303834347934568449
210227691
1357064181686673414
1525606074740523011
299200399
1237565913341329408
375820014
842305217697837056
44268338
1128298975587651584
62937758
1310031306387066880
28414804
172747833
1273058216574943235
33817759
1343652793538768900
1655835061
702266678126780422
36796182
1249267952
1406876640429449217
1154048577284407297
1136062274723110914
1059375490174193664
739993763649556480
1562067724871901185
1174364077549850629
26388703
4886471644
1584217661692694533
1282345225994883072
517741923
1485317993835995143
773702438935199744
192209339
1500189122744487937
39297947
191449147
1474213545084604432
2173008833
274185599
1334200708141375489
226650443
76257183
1207032622687363081
4070664929
3256721884
1372176844565413892
412357826
1426609893243510787
1057389111965900801
1579098193
1212117681521876992
1538189822912765952
1518951002703073281
899817215310082048
966470556668301312
1281415326715056129
887035232989446144
52212200
161046386
1483538230129700875
188905596
3131072729
52085167
3217646565
1305357132435468288
73236837
1515682259893997569
723548764980580352
46715953
229071291
52485654
838851007903842304
165053848
890331992063176709
517816540
945847018999738368
3764680162
1480348313002156033
1334294994564354049
1439990219407769600
1495131794915614721
893589675130191872
713751504730066944
1305272286648381446
1207139466797879297
160226202
55987400
1194733160241803265
1447310053766221824
923669869
1266099050660671488
389651397
86167475
1086036129894354945
1202998161943465984
1268044428561846272
115143622
64274123
36716297
1529952872686837770
1478023516779855876
931277060550680576
95934216
1488370737354260482
204467410
32591991
1326365157073809409
968689803796668418
2344131523
1197503500084764672
394404431
1260097627
87247590
427046764
1245783723506913286
1117204727031373826
1561748179418218504
1204870873414549506
1577129316009254912
1600715860062126081
1565097207069659136
2781448840
1500862392011530242
3051218053
216350842
996897771557982208
1260758511379677192
1540671352083865600
244659530
172020966
1386493042073513986
1153080495246336000
4857114568
1538646022926348290
146126026
1536793527505534976
3298162567
1550996105218985984
16213654
53560148
1375164274734153729
1268267424
1481609883132776451
768650308234993665
19159813
28562620
1015949502
37031702
27566436
1109607063947280385
501177937
238729242
1621499970309464064
1301357163315634177
1597389979784822784
752636262620639232
1539956646436274179
1219293871542239233
1143375392
254242619
86868691
1446607223397003273
83256959
1542281763862503424
55856375
308176753
88470034
1075773332329517056
74768139
118449873
1105963168155746304
1321137076516065283
1157384016666025985
1459562237069246475
1330181808508571660
1226526396987662337
61016545
1023546867601362945
108504990
146134586
318096834
1120798544
1057417564064755718
1267298174949117952
301620461
65238358
745129626205224960
1577810244381597696
1438922935
1490727928333799430
65503972
1402708360651288582
47502733
1100748924925693953
1316240641068802048
1610857184400646145
348022440
1622931524042559489
2272296782
1482876322368081935
1303500991933960196
1597706106155016196
2875544134
1371773879811727368
1548819817339265024
1630161968937029632
318749500
32792380
1625718964797030402
1633838685287481345
3558185777
1022328318643892224
1542583687757324291
798148880038817792
50440588
742931877615525890
1346111702312615936
1104197682745262081
1610378551580139522
33547878
211389584
108892006
107243492
1275963998073225223
1382784640080080897
767552771390316544
41964306
818925805640286208
58369811
123987522
169686358
333118437
32669427
1238770278676774912
168730168
165161072
292674378
320798449
1475200372218245123
2859323264
1475501007497056257
90236708
1041136653778092032
172967713
1354767486
562107096
1476275959
1235600181321773056
33790494
1248212628574547969
2935449693
188097001
214610416
1404675134489772034
1333449485607989260
1398938089255587847
760656771853746176
1351908391564824578
1588302022155141120
4503607769
1151960755819962368
828176761
1246500415472099329
371382378
1290727476335980544
3227499513
1215836930610475008
177760608
48768534
59005122
234034704
344369811
32489080
2149669831
1223158172875206665
1192560790508883970
153046194
1935727969
4313648417
793471639732322304
42065679
207709088
1299757806569095169
168335845
1024856569035608065
1537449328213692416
2966330447
736595019738546178
2818211581
608306577
62532093
26670460
1016418272848343040
388467583
3416773767
1348852409825689601
2157432960
4218567195
2695622544
2294373312
799009042819665927
242860418
4290157948
3722771115
1055701531968892929
263234760
1305609557864054784
1327943850
502937926
1445095659888074755
418030333
1432922494046978050
855327415022739457
327590531
2474353003
1082298634069331976
282211202
99092627
1331758770125500418
117198530
36179023
83636187
969942163785244672
1506181062313091076
860571669357879303
97034316
551832292
743644238408196096
1569495229
1350249015133265922
170432872
1140752315022041088
1494450554872942595
849321764618481665
1703760476
2260656380
1544311102095376384
211692584
100795567
198614199
1080928481112981504
1085521001834860550
56800115
1381289921760129025
103703891
285299381
847879189
240343084
42252494
71581273
985248958061608961
1555244044841893893
256739311
1018205706049253376
2596308281
531488945
268256910
66689536
