1010227483499745281
736987615807803392
201497835
1047151406199840768
55356202
215596444
981333167515881472
46106554
32935648
848610532055797760
71899805
3374951309
503360636
1412583346639626243
94150452
1463599973191274503
1458217497979670530
1542346112190881792
1479874758430928897
69801904
52586670
52862964
31412039
1298596607009619969
4130852296
115466354
175268383
75946968
1191808401325666305
1449752296930349060
550524865
32130620
375879730
1478401458173358082
87819478
108292520
192283229
1090681428
1038921597443338248
1173404465522782209
1515068567166857217
610171401
1477440766460977156
3363253035
1225434518045196288
2499929694
1246251641722068992
14669109
1439230864731299842
184649099
15410917
585726008
78749759
41709648
87043108
1024987232531349504
1481806068741287937
182908124
41838450
225000120
86169162
282299390
52751599
52482917
138950210
1075679019176263680
148064768
66410762
1537429100771520512
1535046142832017416
36748548
53535856
252037527
1541564249847250945
26042861
51297628
14827952
712803270155235328
1534295099806474244
29306020
1523447132241473537
89275906
891129185355395072
16395684
60721389
46782195
1363359051757875203
38725820
14493220
34264727
1485912093773766657
3254998990
53073948
1098591459798892545
3063931179
4005745996
14322008
72342367
73493771
3680011935
15860844
1375175286778691593
43089906
3246387327
55310560
56119185
866743112726704129
1517729733903011841
2366101488
331268697
315490988
41880014
1520020871213207552
161894073
255019727
42899313
24683934
59664961
1272907131293970442
1374104063986520064
185064519
65503972
1421505300784373771
836084679002447873
282760088
73135603
72969086
1419984140515090432
318489107
259986546
99361304
41444151
53179056
17423994
36949022
1011804433318113280
8205502
571283666
64527512
18369022
310967159
586644549
1504115320004431878
1354201984702799872
109613921
1259676580592394240
48844279
1053502501
146514517
162937441
1475588450992762887
1454087791122472965
1233851413089980418
55464613
71336251
1067046884
68873878
1408297770
921400210420576256
2228574193
60584411
40545750
15165399
128670508
36362637
143993588
837813698370617344
601215623
52217612
109049442
142048515
942333025
1314752544355373059
58244220
1697271211
1521957630473736192
1218264471367561217
184600052
44300313
121481243
76257183
85834455
1504453765335760898
90533220
1419142043985719300
144811662
1280313912437755905
1207824480199946241
47172916
158963067
1121374812683808768
24214391
45691554
1408028111699124229
138103681
40786242
816649417298219008
1212117681521876992
356650866
43626200
408490019
66571468
45233070
318098022
982353084683866113
423323401
24955346
137737110
836449028061683712
71860557
76471293
1482876322368081935
1052648302448177153
1619364063787507712
426015718
1259596617923076104
967403418234032136
102019658
3045467182
1564077357220220928
174282081
809785193473175552
1412522923370364935
3030249430
1686751520
312810454
2771934227
56427275
42691847
79728031
109320956
1365427084634521609
437060817
3601029388
884729994
1538988627245637633
65359079
1158964548763881473
56807544
1260097627
71347736
1509262313748107266
252765524
162476497
1252729560182988808
1430348936162816008
54367271
4908780513
1493579333847457792
904265844468920320
534588539
62163520
1413191489849548801
169175464
1212702980467650560
1349141485472649217
42631736
1517351939264204800
2628977602
1012317915947945985
274623585
59157108
36289190
280564402
36993251
340470755
46396662
229697786
1095814462634897409
543477345
4854344247
109085659
195967157
83720016
841678697170141184
1627483540706193415
2768216423
1149264881415311361
2254976016
50865757
169825640
52485654
21232907
110688963
1553581815453057024
67505812
76926396
75706594
260409127
129864698
44186555
128898155
1305989017096388614
69585226
33487301
1495404615659139076
38797094
1164893212592525312
2845855215
330524658
181639791
138796935
343838950
855430412
84614167
112903220
99019070
1133815604379627520
29732635
57222839
3371594355
85382677
1179940949817991168
138598750
931895082399256576
26601130
177743869
83284179
158160208
1108178214059413504
490792751
1416915625499414529
1392070573480628231
126303589
1092955945674649600
933852319283851265
1525258815817584640
206502111
1348680193104338945
432816064
70837769
88717821
73427222
85317206
1468413394097442819
3864453645
60949873
1392071555954393089
1888336105
68185739
882403578257842176
1624617056795500545
25704646
38272190
30524235
1325826314092285955
952175514139152384
884973446219878404
45175518
58541236
183087789
1622303754207764481
57870664
1613197472179920897
474681796
1355311222158192648
129052665
51154202
829038427156918272
353323004
86765582
3220038195
68795532
1022367633201618944
35052013
153007960
1507367279339712539
147777367
109489306
170936992
3939051
23559259
886982728960356353
1092580358233751552
18688345
794594086686691328
1522559529120149504
71365679
184191116
56248472
1517594016686170115
1420869957609574401
1260234015610736640
1557829848021753856
914541426423353350
48799399
1259935998189932544
3145767136
1489418742027198467
1503825587739242502
50623843
1510465269428334593
76222711
51275309
62359295
442314953
1431432938177155074
1215341028351389701
235231869
250852531
154263502
363978885
1538188316851507206
2566083565
1677130196
23619589
2903364341
82635920
59005499
1364770773324468225
77288935
64567564
48161519
619226472
52367280
52294113
91370913
42881764
1192503778865537029
60161613
63814417
983751213794709504
1395070110600204290
203349584
52550310
583370537
80410607
3724233975
37949109
21415271
44636743
3295559122
158541662
1498002281601638400
710943241588371457
54270728
937192849375973378
1297223586718134274
1543029862876733442
152712761
44248480
247860298
92592258
167680842
457863925
579387724
1039470035381706757
1630224374228738050
182792084
99781424
2414152055
1518982718415159296
1392392593
272018843
868837405
1631311185327845376
1258472265068527616
1416605691930980356
1500160401589346305
895450719410675712
1490449027627995136
57354161
1365092168235368449
2211380832
1479611996601466885
3180486071
74218301
2701135949
864947707982602241
287402608
1579225972192251910
1422956314905436163
