1041848786874769408
1170324261313155073
2585777970
34264727
14827952
1306061936463884288
151654030
89766277
1324743193200594944
1531072524011855873
23628500
1255686515881136129
39632290
2908601134
1052571715182637056
844773661
887414447853244417
1187179869119139841
44300313
1109945854230695936
1481276344667414528
1240436414568898561
24956368
162476497
52714954
3333336976
3326443325
285491662
1082778986130878464
1448723540082036743
1520215560948178947
39241133
2628977602
3217646565
20743783
1353850409987796996
87819478
2761344034
1011066226213314560
1183051855791886341
54204909
3990485894
203973686
72342367
458120859
1343028976059621382
824616143495299072
1493095291750395929
1178285100875882497
809785193473175552
604716918
3434902756
1011804433318113280
1227023098286936064
103092941
302826677
70837769
62695011
407324105
18202406
240353994
1408229955012640774
1502759945128792066
107799831
63039831
329437586
2781992405
495467091
1463599973191274503
16203527
1517594016686170115
1498363951222083595
33366195
82958591
33487301
76709840
1110998726888296453
1093452715991187459
316873937
3063931179
3082160727
1613905112
1482876322368081935
1594861268397088771
1378726668936810508
1603443493468241920
184920525
143591152
73378570
1521522997038878721
1918832269
752636262620639232
4130852296
1887492560
1191808401325666305
145048064
225000120
1280313912437755905
52550310
86313996
1538302503200112641
26042861
336014514
1416418679038808069
1445929620306604037
1265892131908050945
324389058
143993588
333376246
1002029103585820672
41641529
352200163
22909019
1420869957609574401
71771137
250852531
61091610
31443928
1029152285543342081
41719423
834184630286819328
998415213924937728
220059940
42525483
1526642194916032512
172989891
1434368722412650499
158160208
3374951309
1530955959199318016
71860557
1519018762267246592
53569392
967887132068139008
2966384362
2165665577
4809265053
1257776047074009096
26262276
3308736765
15420501
1307314802260406275
1546289366342967296
1643910349
55590887
1264314412934017024
1052648302448177153
1431369113994211328
47389045
752845926176284672
1298456229103239168
1524017381282127872
1066142387863470080
1509819594793533468
11352422
1379828583376519171
37949658
1233069345196081159
3340230375
1524388139254562819
107067776
787076347374034945
1328512151456243713
1141023841050869760
1546139835496284160
1550308670935801857
1192503778865537029
907346179167588353
270375224
1539212538658934786
1156726255418511360
1527539446589030400
167586227
1447778901682491392
108049106
174494258
37761154
1195029787896635392
426015718
1056008105782317057
132959427
35756231
743197111
78058976
1542053975561756672
801099001
1248005061336317952
1559193180922384385
1518776599914729481
954075099765846016
1437482503955173379
1443700915270262784
1234512537883947009
206502111
1086222596272738304
4224356713
51944254
1481322297877225472
1445074416845664267
92572410
1216375381533634565
1467969021161222153
726164312474136576
64791529
568370198
1485912093773766657
4706720667
111083452
53539864
1538584503500824576
1344706043960586241
963641982
476386898
1175188165340147712
130170060
2843839835
1543589978063704064
87513217
742997944723472385
43160028
1101575305
1197158166242484225
513735658
735988817006579712
40125120
1438826646396710913
1308057602841030657
1499345462742110210
213011617
1557205695199584257
1289628983106195458
247771452
54270728
1562753038909329415
1133147165096914944
38434085
952369078924185600
180671295
379449502
1253030950507855879
207966754
44224535
1184364446711517185
238388733
132618458
44214852
1534111747694551040
50940759
1556536344100438017
142463461
1450162774819094535
68795532
1434620496809762819
1274476568161726470
3656607538
44053466
218308754
220419072
268002576
341735428
546230403
114909944
58881971
1132768988314951686
15410917
1600347269001265152
1609047748518576128
1628781343873146886
579027633
1582367844628570112
1898658872
1542192579151904768
391102355
1367121098018545667
296359271
1492051524456955924
1542302778
2857272280
1257026995772366854
1473532640
1723173847
83508645
1447252910669242370
1244414044536176640
900743972561309702
1513692516318654470
381606480
282198621
1526527697559724032
80595079
68584751
582230335
1388136065651855362
888909941263781889
1420556871686148100
202282895
2615619241
756288450685468672
1470855554922958848
51776863
1496853788791091202
1480989577078788096
599702513
35111872
1500924762553528323
335996953
1426619384332701699
2240032681
125864433
1535633142127767553
283734221
2828323481
194782672
188123214
48795141
359509146
99019070
63032040
1222930136615604224
101795558
1535074629060071424
866317403331989504
1527914993345253376
764758259475615748
421258780
1499209032938180615
848956139479998464
336629154
109844877
122157339
158065286
1154270926508384256
79042536
21232907
70389714
22432003
189643382
169825640
53258046
965019043
1117149295860432896
520915794
104187428
2847662032
845273957418848257
1124650337237917696
1455021591318994950
214170195
1242121736960778246
1552578082103590912
44271876
52751599
1147977986198712321
525644503
234213419
2650361937
110868678
160684784
79889315
1318224741254238209
280713172
1344856486967701504
1544854946843181056
1256770056937144327
773293128812036097
2576849562
199706558
714520805087055873
427153559
44932728
110132295
374559384
1059736961307545602
777924609085730816
3308656851
1250414432724725762
869333698918920194
3418961399
1466548501031047168
1247565787235340289
78281059
547313059
1527680652656648193
278856202
156066955
736511804323581952
25042231
529782077
1513347315574231044
1210283060735938561
390818289
1504808381932052495
1465485125878169605
732767855184338944
1520801660381155330
1135159029116887041
1544477142804824064
1592352121806110725
99781424
1492775130048741377
4410829815
415056190
1532077694413852672
1630601819800969218
1240934869
1092455165762904065
4836156178
1864941661
328814471
571283666
15456487
44636743
1214106854378233856
117454065
606499669
1465460969023361024
186220244
2877807772
144308446
1136465742709350402
1270811140457738242
969369447206195200
50847219
1491823594703306757
31771559
45175518
77082533
182196560
1262286342
264232336
1509319879324798979
191565508
48012522
54721899
61604271
1560745654049275904
134247351
99429274
1416605691930980356
1184789942343475200
3343581207
1411932481226428418
3404349807
175474478
220301124
365157869
103747749
1363573075845988357
1329179918236856327
1503279399537414149
1051761287556997121
1363578419942989830
1496234152676499463
