1565527962358878208
1095922038110330882
83256959
969576583223791622
1545065628129714177
139835545
1591171559229718541
69685873
1593329337918492674
3231617541
391478238
3304853501
260551432
181289811
538379476
283790380
1596330995036340225
1470102317810790411
1030582781070520320
73009839
178751535
1315653756571320320
83893721
32792380
1333938876021411847
40281415
33660604
1619787630710775815
16661741
1697271211
167794263
1536497243724910593
41023465
182507349
1325057589521100802
197906460
53535856
57388401
1582036751916449792
923982713304109056
1416221641172992001
1629966450654863360
1133906872031961093
55620840
60079895
203973686
226987276
761001344849342464
129913247
1632541596980764672
52809507
1592288401339944960
1503006331116130304
1567983192195448833
1386017826335494147
53569392
81013744
215856243
56293787
1106239160594112512
1478166111866736643
85929882
190379364
37104324
227391579
36060786
83216214
85382677
15453165
80628503
1410706253563768833
287042948
93867480
1526240047967649794
1437563100899823619
14282739
37648419
18293936
36217270
77082776
783164929
98659030
58264264
55957342
33924730
162900206
1118902686060097536
46611511
3174510621
340611708
2628977602
173293777
44728722
624823904
1485704671490625542
962153430
377681388
75306168
36748548
134972054
116513309
217919493
61178974
1458452998255005699
47931439
15165399
182498326
3383629216
1058302595503214592
78029513
1461079560020234248
3415676427
189040410
1519075212196777985
339933198
1503425197625516036
215776349
17092823
1163059159815864321
2278090306
971175541171802112
3324267797
9254922
1276710070638776323
526528864
1592643384
215739736
100227419
177423719
110545803
87171493
48161983
1045322216651587584
1524444623233556482
1470857820316868608
26482718
1509891381761912840
30893561
67898559
546230403
77878380
52614431
76746144
238772919
909476940674949122
59932435
1174138773023657985
109049442
1116685225
1238970613944987649
634984130
3895005683
116014894
188433916
774812198665412608
1042236645888729088
148573210
3167424639
9320052
825337360292442116
1282803391819849729
2229612095
264101761
1374904291044044804
329475811
83429026
1342850328069353472
2672413636
127909105
1391761148710686723
3416510393
32526178
148029925
52058931
1274917361489973262
1265455117677060101
1162332787183144961
249993355
375925260
1235761348853760000
1480641546278117379
1499105080569737223
387239305
110971465
41818187
76130916
1346605239940624387
1377636186550890499
1260977776494084096
1265002262167986177
1083856741832507394
209685597
47537051
1256088097202282496
964322863321964544
757148174
1193949410050347010
63783945
23579118
57100510
1311345161297948672
379939247
83038647
857624090936528898
1474874962817306632
77548705
16631711
2765176287
57694779
995845640428113920
1396131754847649799
57531053
82608371
71581273
1499522131293519881
67685402
226207969
219625221
403542105
103390721
102656315
269594317
1474202443219099649
2920758904
337596942
62250785
79594476
202344651
1331988546375331842
78178016
111012092
52385804
65141435
1461666037838098432
149789964
858966960
14322322
92765088
112306314
734919378274242560
1285211876893302786
167933536
164796545
1481603685021102082
62654069
237030000
110688963
83720016
256242511
1020386330101108736
1084586157327962115
66386519
1230685587935506435
79796496
711580366549729280
68819250
18688345
49113935
20743783
1520457862862020608
365255678
2773047596
36723490
61841453
1075007486053310466
737366237085376512
774469015
98478098
1230074138
1308572386531446784
380335973
1529185557489803265
637185540
24784054
14503489
3708769395
52792186
49085749
3237120995
149135509
19383548
1178177143882297344
996897771557982208
74040498
131994647
1222524285505495040
161696522
1353599250987446272
89558665
1200181230077173766
707239627795652608
100502991
28988891
36135219
1326946766583951360
526732258
1303648059818213377
38274306
1508582235393380355
1158799712662802432
132280286
60938683
1436065306619879427
68058272
1005603515924959234
23317378
194575741
134929816
1425646923864760325
93786108
1341817250416910344
168489181
110132295
238771880
1298654566049873920
158525883
70509209
2598588525
401667415
865567426842435584
75471043
752649523877572608
53418338
77286607
16087263
1415383504297369605
467626735
304734827
43470333
4265654008
1528905643565924352
336742179
58574047
1661648348
22288598
166047048
1347944673327931398
15410917
1052381395430064129
2890075000
2508843106
1475530437615357961
1011197768243834881
119612457
4617156075
89173409
254685736
1294978295616999425
59804252
757928493711761412
8851502
48910046
2389366800
374777951
172693096
448795340
72065724
28108895
1362760081528479751
1002246363374149632
1526727566144557056
1396146261712060417
2802585275
53276311
228695531
1473438143777021952
204159079
1316890925117865990
1506349373017501714
153677563
75011917
822556231
1441474451317612544
2448343741
68749990
1362523121299898373
209307995
906606599094935552
712803270155235328
37242569
1486058855268294656
112293011
185853202
63715953
42027444
443268298
548098515
75959540
64727308
1903994184
51405210
241733376
1277819110483689472
137942699
3042057803
94889730
1496286329038065667
1870188415
948336413958922241
71895898
13124602
281472725
75562956
56610486
47965679
60499246
808885835806502912
81146737
41709648
1276340369677070339
18897424
53130969
2174696982
81593903
825770295164272640
35561721
53195346
67895112
487783932
27008217
1593952976
1215444482046513153
1036061084
230560129
343426272
1052232389659959296
131494231
106129983
34734859
3638069663
73130543
183405910
1464570681950195715
142402322
28552134
253331028
3051293794
195806471
144811662
15645343
1074703650746982401
2343950340
1076673329799618566
161570367
132959427
723598993650008064
22197767
1170324261313155073
906138272669327360
376480949
782391607601528832
143130371
797818249652092928
56520516
61484852
74626990
376997244
395689514
62080707
56416020
35951717
1253003470078083075
1361873054360567808
444309662
356650866
54397777
35555178
1476960927262167043
1094022964771778560
1006655240
1533961976749207552
730990120694775809
279360128
20993151
891761777423372288
600718851
330524658
38730119
3130079493
132000524
90982544
35740990
1535756130
3439244954
201184908
184847463
1085122836870631424
14387285
757203159966244864
1126257203785162753
1300181668712591361
14421344
862336064
1214025327439011840
990576801335390208
1495495191029063680
37257905
619955507
1278354550647332864
34295558
437615886
456176493
1542621577468067842
52277363
21415271
151581569
1639345372068827142
416513903
25574151
1607126660653977601
880634773915521025
1604903391494344732
1554408368294559749
886076076862169088
49788650
1618384130089041920
39267584
86780048
34152124
95315910
3129422133
1468609804315017219
1548722349431717889
1310679652739014664
25623360
1578509663708090368
1570602303148670978
1577241782638841857
1475588450992762887
16463363
1374420428286951425
1482876322368081935
1550922310126821382
1090681428
1480037774740922373
924930091490127872
1356349852800712706
3572574796
1545896186267287553
3304788790
1384852197003911172
1271437524234354690
1390931250
336014514
636324633
1537097985124868098
598324854
55049113
1003868968304742401
1182977256999849984
72180781
38976190
54813329
504778289
1195407769
136435677
808800388036038656
917028523
85342816
1304075424587296769
1460800379998949380
925274700711911424
226296972
310028957
1337159461283237893
715191572850147328
43089906
1521326352716214272
943181215066132480
1281678065505046529
962389362225958915
1177408779534647296
54270728
13999162
60696171
94628586
1441960652646477825
4113899655
747904767997976577
62626606
1372929679804542978
450898895
1065964061010141184
1428889323970117636
369197628
721354011333521408
1135397442432720896
51554470
2505875096
3662107575
71319953
4706720667
1490499948407934982
1530226918494191616
900895731166228480
871832539291422724
1429314596209405954
1521510305649602564
51502761
1193548619758100480
1137718260709908480
1512102018042712070
1363873694565752840
946332907056005120
99023218
740113990404214785
15817024
535978923
1494362746158206979
1492245515131670534
66035200
847569672044240897
3416634543
47669029
26676610
1250970400726700032
1549595141735858177
1015302215752409094
128413740
220660833
4699948116
459332230
68795532
25520209
1373117023471943681
149949481
53073948
138176653
49053242
14418146
142325755
25042231
58313813
105962343
10164502
1059818709764792320
300972374
1477784725792116737
2976203187
91713382
867828601604984832
1478098998980456457
1026236993095786496
16539688
71094992
137547006
38795016
152817897
75453864
1355520346892468225
15985370
328814471
573309143
142511874
66571468
1266526676
104345686
9894072
57432061
202916957
210150031
733487737047764992
16595668
888116200768536576
189607936
61850588
1191808401325666305
84211758
1197158166242484225
1010227483499745281
44186555
1389948212363018241
1512485413583310852
56851995
735015342909558784
1487802225166532612
44963267
2582573880
1250987789711224833
57677374
108744089
133689922
240800341
1119656634077405184
636607665
618716217
1525685173647466497
1123020573473484800
273087071
221888241
1332019271589900303
1359002871568728065
172616260
1530926094538444800
1353391255548538880
1214723098156707840
323504301
295299424
1450234842596184064
242326288
156181583
848956139479998464
1434227974488961030
1531627266874261504
309801535
34347274
54188645
1239373814171078658
171189044
47375322
35225292
12708372
1254827933379842048
26820408
46890707
421258780
39792167
122511235
1476676685386985477
1381623881585340419
86993661
52271851
1382878304697516035
61900700
74325248
1479078276865871876
95740373
16156045
158160208
963303080
3404349807
63515833
45973668
817882111868805120
25834900
56438700
753020313043083264
1489696054165573635
2499929694
56849791
35662662
67182399
35339893
1436365421326778375
37229702
1548622584
2494016282
289063916
56568412
1244709103244541954
78158660
255050291
1481231046574227459
119032434
245489594
20565350
41435684
31140675
1167615017203769346
47395147
138257731
153183409
22134912
1349862571940188162
70545945
1501643442018992132
1288144814085726211
1538711071011311617
922136860444459008
1488596263398481921
1369996674454667266
1242257014891278336
207367277
54194322
1427609038087495680
66423697
1133049851497852928
11352422
63484829
97238543
93007074
199249109
57098065
970734760048955392
1448791480210952200
1495766883810922496
57220858
155684766
61940367
151169791
1540768149070438400
1390028177523814401
867786887598981124
68260081
12530722
990728239227293698
51120821
69801904
537427042
940425179146215424
1008524370963324928
70573414
66502902
151564993
925440641416552454
147712554
107700921
62155479
2308568209
51443228
102992758
1085410859877306369
89255134
29086173
95407715
271726579
69676999
1493936221428633601
51473726
36123600
1540676817790668800
209337305
1381299315382030342
36783307
1378088151839821828
107514010
1431103838870724614
2983337687
1496679511848624130
185765324
1142822432849481728
131689007
159316984
27566436
743178570093072384
1531907241879683072
1480686870434562048
1435339899025215489
1164214188807458817
27921417
1499485291849076748
340520402
282198621
1011024645703729153
297135051
1323458925065392128
32969058
3054464278
1319791913713782789
62846707
62795891
157815201
2377979454
331028155
166976373
10184582
1245123712782929922
18202406
1361054552074649601
77055263
54941151
15102014
1242959027518275587
136118232
2161144635
1446644351141126147
39773060
58564207
1532472161478262784
1474844808422305805
602215460
1107465266500386816
32208377
4831354215
1213700994615263237
57164481
54892582
321072658
1482740154108362754
732736663793881088
101355768
1187698723406667777
38905992
709519694
30829981
2730887464
174227938
1105965045794643968
82927105
2444397577
1284198199381590019
1172915028
20394954
67782189
3371399722
44053466
24956368
47328516
90000556
219423250
1396819940800335881
1247666270
112911962
319109824
1219463450327420929
1491667208
188300786
46722019
157137761
143443643
2701914920
3020072146
52127276
2937614243
95291719
455654239
4028391861
59237556
338741457
59060259
725753810715561984
1426609893243510787
57110248
34597181
1120376289683214337
370814638
839858300
1542354928789774336
44612907
1411346000049016842
169512806
159698135
1495726521746661376
72574022
33680931
99806444
941133499872038913
1488631453898448906
1434351578786541575
15430166
91022159
4004977271
71877526
1474013297980624897
1266051584481468416
151088204
31138182
93275815
1340647948183592960
19996223
959088513705799680
1252384861450637312
58958500
2835611760
8774132
1482780260471083013
118097657
1510441217510846467
992125455548416000
14465338
1231829419460845574
1469441900704940037
276343460
51931982
2848600077
9263792
1039271264299479040
1420366046276489223
59767989
41267822
58377573
1242082922527633410
25932877
1276930040496873472
45067570
1301553663073300481
3426211
51739605
1569684617388789763
1613596819941883904
1078716242549239808
1536369178160021505
9232442
1649175787
3932694016
323406864
2771934227
17314674
863525270
55300526
319690351
1536827257745973249
472201672
202053649
99143055
41927414
137700432
80162981
1849706190
57717875
759114322257801217
1423477586798292995
1587244914965872641
70696012
1350044105494196227
33724835
937881762881032194
826104636
1520527384671313926
15453801
36451062
1257522557798035462
3092453777
501177937
732309761413292036
44948170
783843190734487552
1030698968412553216
1363964407974400004
1616504401388048386
749941383360868352
67405932
16509549
1488723258107215876
1498092685437067268
120956551
26646141
86765582
1416710686378504196
55387208
882568909802672128
17432419
151185308
2446325420
131285084
332962774
935735759860101120
302868986
1267830556789620738
297602795
1578444300341444610
92602814
14178010
1464931280387285000
2991833872
40146795
15329559
721037381072265216
59977558
83347207
824791354484088832
8205502
1493427340654821379
50677247
241533539
250213401
1500630510980194307
1134907650129518593
1399521938419105798
41838450
38517631
41489253
253792482
195562928
35588436
44069204
95306909
228838735
880436984858238976
1385354152457523209
1078282405834903553
3293388366
1567443354459193344
2886790366
17013899
1394897323738685444
137263017
2401115698
2324532745
36146132
1503336938035683330
23260982
321087682
1435083142566662144
140257044
1685316572
88230085
801099001
1038427599737946112
995415057151549440
763730687342080000
249324751
94221894
1366593641079259136
2474471474
72171219
122068824
35627380
50636122
189140598
1557763070470098946
1212577883283058689
1002359890583711745
1433022265306849281
1554141711382843394
716341255148597248
50940759
149159668
168169793
4518953235
39606505
179224949
40077877
33934383
1566214816246759424
85834196
188493873
271389271
1551319023308226562
1654320943
3308325051
162882787
1092755206029406209
1395758163404668930
188123214
66588514
1328360433703657473
74256272
736511804323581952
24875696
1347077785
1275911096562573313
352594856
56518133
541823700
1057326004358791169
1429487894394294274
124272112
574953733
14357628
15495065
59850664
1245012505476378625
2618093849
2358632762
42420941
1106645021636415494
356849755
1025802635595722759
749062187927343105
3303891826
41384930
570322119
65523020
18161004
387405601
1187459606647332864
71899805
1255829907164323842
129914832
363978885
1201323447189737472
27714562
1001852845187051520
322551079
918226951218876416
55716996
56199419
611125081
1537147032514732033
3294273237
17032345
34991437
77844663
1426541853965443075
83508645
84475109
1388989704205438978
44622056
992906200441327616
71733129
1504585103674118162
1524054555645952000
1498018090692579329
409548876
1443227901919440900
1359651983150440449
1509146615315116037
1520613352707432449
426015718
1445144192360013829
386233399
83598434
60174364
28240232
54993017
176301500
1027366660074889217
3163747396
232856292
213769407
1494481647076618241
44141697
1234541522248491009
825798571496718338
50478237
1402685269279711236
43731625
1016041383054991361
897612127766167552
20860716
1128802615226228737
1537958995331194883
34839736
894331465286242304
1264314412934017024
1495530294
79717192
1373019914395598854
189308536
918271959003222017
1546238195263832065
1547568970818940931
1411055379597959174
220050919
235618857
1463501695099576328
2571115891
30462051
94873433
34264727
353661689
55467929
24983564
209136534
72699023
27917695
162476497
836754112918192134
204463492
42881764
1194855764789215232
2238992608
215963017
25018330
330378043
37755734
1472033937123946499
81713344
1460899695178485760
912469320340525056
226966360
763603016121520128
14827952
25095139
1237506224389750788
1352857440
17243277
1276639100964155392
827209346459303936
153511864
3158064713
33621751
55720779
64258447
435133536
1583905039663468545
203809353
378817364
390665071
1620776872652029957
1102669480621150208
95227758
1221797932535554048
1193525651371896832
74441013
57051330
265214746
110755460
54536224
519480589
1527304717495246849
893896843725295621
10226052
1330241492
1295875189926961152
1622759433175502848
1611618541584752645
210891010
1442266415734542337
1638055505120702465
276977359
1624104972647268362
237300093
1622824512306683904
1298292038522351617
1500187650
360310395
1303868355686920194
1337761860070887430
80017406
1406401256097206272
928489672862523393
3366504551
312581810
1129534869074259975
109736817
1475306566324830210
705357016
22248152
587553293
22306773
33001834
333542165
14322608
218625907
165895398
57521038
887305063856832512
156255644
741733746374762496
32640324
1542053975561756672
727083578278993920
1133020111772749831
41596144
137862463
52294113
765684787
32847062
1108846312018063360
4879770053
1463700693215322119
135949223
56811986
1510716565720817672
1440440870075994121
81204916
812306339674423298
33117102
1466220101896658960
1520589962558775296
56590310
1219295385073651712
281250984
1094062092137754624
314705047
719427905760202752
1107814965212262401
1519146887877738496
1532320641818443778
1083694451296485378
55858152
236440447
3057507363
304528331
1345849754962550786
70131380
205681005
579387724
1144301031167336448
3173934802
1163315982003265536
1412952727437684740
885726991
1223073094778138624
58852093
3084579605
1344391152162795521
303316635
1541151943028088835
79616665
3330356657
1537489466436292610
1416621815838003203
1295383206825545730
61211873
57918742
1159286265503780866
233166705
1154204226299551745
119695079
38415414
3092020539
1213049956732289025
161046386
808900263570538496
4149390621
89275906
41410205
388030398
94403898
58827022
1134601281669128192
1487155557165416455
70564221
91395405
831269894759051264
832338079
3643996882
1177985291954671618
2695040308
1549368638406270977
1300469042629750784
623450310
65126460
1171243705648463872
1476769328087416836
240504288
95433357
49408808
54436174
51884947
30216274
756110410579845120
76243075
327985781
840380618684932100
1260097627
1144070540
127906828
31219591
88499540
3493611
367127755
264483223
46930767
1158075248228601857
1222335531268308994
37793342
39241133
71123191
1065745997391949824
770831646287339521
3327709437
1538158140293791745
1465105120744640523
101938638
41650084
1148974375330287616
162679441
104807805
13344922
182505863
900015059337961472
27627948
3020503348
872134277441495041
4826103312
122998709
711999783695749120
54298229
169601886
1557568120088313856
1534471052780261377
1192196498244718593
793259180299849728
1558479914126516227
794332895271940100
1128688454878081024
87244850
292470586
1496539960198971392
14948284
1168308400599511040
35702601
1089683294831169537
59114080
882982306197196800
1532719415543873536
30488590
3911475699
237561416
756868178102349824
60044342
229611639
1490714545626787845
1614987840642842624
1094726524572524545
58994061
1170885750709248002
287991683
1497308626507251712
1402520098846515200
1175536929397452802
15740394
41606422
73222507
978876809793204225
1261854893524037637
1594837052469682178
808985975401676800
1617179580376154112
104311824
1364536122
79285340
1545571816760025088
1532345902349811717
78099686
305701888
27121799
924819187696054272
55751084
259402582
1126614359394922497
144171098
153603512
29236536
1405532541650489349
1563385497338007552
53901706
60752106
1492860935823835137
997084376453304320
465134507
1376697621247578114
1484268558775459840
134131362
90432796
1361821886104092682
1521826846073102337
92824204
42371730
177671674
1540133988194566145
143234746
75911540
3363
1491425134560911365
1254958425534013441
1439439505061203972
78417340
362556265
156803266
357561011
136525766
147034786
854502288819441666
754091462774648833
198621311
777641954465161216
64301313
54243313
497367354
90012553
738484040882343941
1260154087888338944
187636178
1515004623119163393
1363104077987602439
1289127613
947609330697883648
14824123
1094085844502220801
1056021125753458689
1396138973320425474
336117114
1400486826071269378
1531819312004071424
1117204727031373826
233592511
1444911690949271552
867144623386480641
1308399658214076416
254242619
1519129758331768833
1549785990289653768
2371221277
28935088
27878775
95674345
827675329
1244443996849688578
490641796
201360755
1464762980680318976
1627436314504097792
42663737
1301357163315634177
783255681830879232
369782886
1484972375817007107
84943406
1399901663469637636
17154660
1600654900265947142
1518414686202601473
1628136073812447245
992418009523392512
1457496929244524546
1097673120754950146
1347946640494239746
1622144738173353984
1623057239312601090
1293879798998196226
40325461
294946677
41360063
153065215
1470211226617659392
26374504
1203680938745638915
1145897798103175168
1639970084855726081
67887710
784868379706454016
2409293936
1378042459461185541
177853668
195863790
1444472353820446720
1546182211002683392
62246590
1304357571298557952
1380374275761274883
1608610166445948930
57222839
15689027
1596678077995782145
1558134278332059648
1531623976769925120
97442566
179691238
67989740
208207519
214863327
1527333001113108480
75692588
1364974641400467460
421998057
1242811629814890496
2726917613
1501657674391371777
63279367
1139337845238325248
1563535525562445825
820638337
13388612
129336320
1015364505612808198
201285499
2246205219
41678385
1303117747279327233
47652768
1609355642
1305596721204953090
32151917
792188105742835712
984867291581042690
33212605
57161717
1263430630987235329
1558906877974659075
848198577704886275
2855478339
340470755
218114717
59038937
1554121007060877312
140906602
2845855215
920452835720024064
877899881523929089
3443202195
34975846
596937273
631577596
66996897
1242073489152057345
729505869604528128
153240430
3471909436
303478419
174681064
48225015
1380161227259789317
35780263
1499833120832593930
1479982571408740355
55929204
156056153
2866183726
2497555783
93299551
1009886904748331010
48025888
26815618
1264699917827813376
62122524
339314895
17670379
247861366
187693596
182038798
80391997
24271223
1132823006462525441
1139538539920707584
153007960
1528050175067009026
25700962
313344675
1509268505245409281
1460935874573746179
175503085
938231298417668096
963503645865148416
1307220420416942080
1442204507731988489
1083617072960192512
234164665
1344425189711503368
69866950
1153186153710772229
93876285
1410715840203329540
52912420
410509576
1633296207261978628
1541829925090562048
1534124881239056384
60193594
708457474815188993
92801848
1086028955159851008
65914611
263703054
1341085558467117056
1445062672622424077
67865037
358814757
2386101945
294687484
261948895
1382121914659966976
108439036
1525940475915603968
251927511
1608256229520080896
1525656082852499456
2811297208
979529557
1008499416448237568
1080796663785156610
1242746868167323648
115259320
125509173
1345533561575780354
2371078796
1079790835506524162
86532411
343894810
49440562
8246832
362637946
1301731217021243395
62918479
37005083
1538805819625680896
55310560
130271934
4484332348
1042946841438867456
1644110526
1545988540546301952
1519709635623723008
130598663
1551723180187963395
43733551
157354265
777127433912872960
1531098376149864450
1319055789718446085
2177060390
112488799
1443399233260986371
842196408061054976
42791181
1263160006280646656
51756234
971661428
1624755757647290368
1265673657747210241
1044216397000257542
28257347
1902239490
51420427
404115656
788169721
1540671352083865600
2165440775
769999716524449792
48191863
325026136
506242212
18441452
1623029070589005824
40914799
1023607705251078145
252856797
1391098476759588866
1350065698156982272
51617816
35537374
2575948577
26509116
44541506
1597373277491662851
302378276
223180266
41177838
891581513502011392
1369270598749323270
3298275888
3409055529
196175870
1021156430777237504
1460420714054524931
1613027815
275680550
62625594
717122632320229376
1456579121765666823
1151938902007144450
1087902829
2928938896
209346762
2315950783
1611113017697095680
70210944
1190685918941843456
15349705
1288147006079279104
1272292275570323456
122038358
141676676
1351023652242935815
164012275
54555773
1482069181419995138
28893979
173819903
3431774751
35271025
48793694
2732943225
