2585777970
1125152138
101459494
1103027223341219840
1479874758430928897
32935648
89766277
72969437
158160208
41708682
203973686
87043108
4130852296
87500311
87019637
201882598
1542053975561756672
90533220
1538188316851507206
1101575305
60418529
75946968
89255134
15410917
91103142
64727308
85382677
303528533
58966332
1047151406199840768
207582365
1197158166242484225
2628977602
1197707770025435136
1384174370524778500
913820328652091392
990251781778214913
2795426315
250852531
36748548
162937441
32130620
1481428396664049666
1542192579151904768
2566083565
1192503778865537029
1353950652230205440
11352422
69801904
2306470621
68795532
1427671800738197509
138950210
82914576
293006732
207552047
299599701
34628528
1436660029
302826677
162476497
1493152195340025856
324389058
3374951309
84202338
1105625869702311937
172466232
293697029
304513033
502268061
54647342
2366101488
540702604
1172915028
39267584
331268697
103806332
963641982
55356202
526528864
124078131
315490988
41880014
585726008
1280313912437755905
1520020871213207552
102462023
182136262
600718851
98056202
240800341
10216462
1149264881415311361
72412384
161894073
1136270035788414981
255019727
2474471474
53541937
172431845
298084596
1085917688835309569
724575637189595136
130170060
1053070422089052161
573309143
350004427
179191729
218341898
42899313
1422950459439034371
351259857
18464533
24683934
1098591459798892545
57100510
177743869
59664961
54465685
193927064
966653984269373441
1272907131293970442
190291491
1535046142832017416
152311321
1374104063986520064
2843839835
3700062616
185064519
67155729
157453640
1390931250
175268383
970077257212538880
1364715298834833412
1350723188934799360
1425500238719201280
23539355
1010349492036624385
1515068567166857217
1532438593137954827
33386496
1347363686550274049
610171401
1477440766460977156
3363253035
221759428
52550310
1225434518045196288
108049106
174494258
1173404465522782209
2499929694
37761154
1246251641722068992
1524830491043581953
191577392
14669109
1195029787896635392
192283229
62535347
981333167515881472
196986474
1056008105782317057
132959427
280713172
35756231
102234726
1439230864731299842
702290904460169216
167990235
552792609
1533366827300098048
69676999
1234699810772570112
113421133
743197111
2742189239
184649099
43018674
54270728
78749759
78058976
34264727
3188494979
8360272
41709648
1413827695209746438
47595731
736680582822907904
1120376289683214337
66772848
234213419
90236708
1179940949817991168
148148935
110868678
1487211751619928064
53179056
852379105525891072
33487301
169175464
30404697
1569652747
94150452
1463599973191274503
160684784
14322322
55310560
79889315
1212702980467650560
904265844468920320
41400080
144581051
1318224741254238209
1269793230482214917
1149765403058589703
1349141485472649217
1307685907605135360
42631736
1517351939264204800
89165603
84979022
197640185
60665956
809911922564993024
3241107603
1012317915947945985
2240032681
363978885
58264264
1507906452584816642
309691828
125864433
274623585
1043656791693889536
1327239167894581249
1504115320004431878
1354201984702799872
109613921
1017138708
1003957951
73493771
438473416
44470239
72342367
1567328799464767492
3139886019
14633401
2636196581
195446351
1565053658684919810
1450619523908972546
801099001
1567643638305366016
1372686793162776577
195560839
773293128812036097
1024987232531349504
316072613
3352644125
1481806068741287937
2576849562
778002775581962241
211017495
3063931179
182908124
37949658
68251300
774469015
166634136
377409209
2251138838
41838450
1295409492688023558
225000120
86169162
907346179167588353
1344528424442994688
2170052662
282299390
141783919
64567564
172628020
31412039
153639579
52751599
52482917
1435191416775393286
51538765
44932728
110132295
291869927
1481510876050034690
2149499377
1075679019176263680
148064768
1191808401325666305
66410762
1116351553294753792
40037333
1209651130755620866
1162334310827003905
40125120
1537429100771520512
712098467699662849
53535856
333542165
1308057602841030657
213011617
27720975
247771452
57068292
74350552
1278077476292497412
252037527
1541564249847250945
44636743
1513286037191155721
26042861
1611630548
1213855332151132161
16395684
75011917
1732887494
1002029103585820672
49370468
60721389
46782195
1363359051757875203
105494659
38725820
14493220
1485912093773766657
41641529
3254998990
53073948
732837438
37755734
173957663
22909019
747577257795985409
4005745996
14322008
20140329
1420869957609574401
39241133
3927849683
15120800
3680011935
71771137
1303109617241731074
15860844
1170324261313155073
1375175286778691593
721354011333521408
1463438926232887299
1038921597443338248
61091610
31443928
43089906
1494400383762018306
3246387327
1242499810848014342
1029152285543342081
201442540
56119185
866743112726704129
722638869175365632
41719423
73135603
1517729733903011841
946183106
834184630286819328
1677130196
23619589
83715121
61017943
1408297770
455654239
2605456079
61850588
71365679
723710502531129344
394331903
143291321
1259676580592394240
48844279
146537061
142875392
64256552
146514517
73786890
1475588450992762887
1454087791122472965
1233851413089980418
55464613
71336251
30269265
1465485125878169605
1412583346639626243
1489275451084267521
732767855184338944
1516429790064095233
1486746692695298050
1416923659621515266
721733992328916992
20743783
175474478
2194333709
72969086
1419984140515090432
1380387465756819456
318489107
365157869
103747749
109489306
49781084
1363573075845988357
82635920
52075423
76369244
1492925601472262144
3087494572
55373383
21415271
1010227483499745281
1444185322565287937
736987615807803392
201497835
719932016360337408
1530955959199318016
215596444
715919246052737024
71860557
130867159
99023218
1519018762267246592
46106554
2539116365
854401910836690944
848610532055797760
71899805
503360636
99339714
1300300135402999808
57222839
70210944
1208638522112061441
261342521
1466186253804654601
85834455
1327606426513051648
1280698967551021056
1492860935823835137
1417937253968584704
3371594355
954075099765846016
138598750
143132738
1437482503955173379
931895082399256576
19383548
58612085
36873004
26601130
1058857004201115648
66398769
1414953898717089798
14503489
3321082973
36949022
1550175395730931714
83284179
177556281
238388733
47389045
1445074416845664267
1527435443935100937
106253823
1554704569925509122
1108178214059413504
3314337995
4794212859
38964173
712803270155235328
1260234015610736640
132618458
1557829848021753856
558394274
52837716
58541236
138257731
321236518
981667806310748161
55968440
1551348093010018308
1264914827648139270
1534547252504580096
69141491
99019070
729505869604528128
134500300
93493805
92572410
353249752
1501909225257189376
914541426423353350
1283742189273718785
3405484779
127334557
1154575681
48799399
38797094
1259935998189932544
804874019942133760
42544192
3145767136
1489418742027198467
1011804433318113280
8205502
75375387
1503825587739242502
2752627382
142463461
49161438
1173583371970260993
114764764
36533572
50623843
208670266
124879030
1408028111699124229
470746719
1476384758913552390
2165665577
501846797
2701135949
1408229955012640774
39899805
1264314412934017024
59157108
1668610315
3241260881
36289190
1905481021
62655978
280564402
36993251
596832097
340470755
46396662
229697786
1095814462634897409
543477345
810719445291307008
56840424
4854344247
2828323481
109085659
195967157
1007843805343698944
4889301555
2362098735
2845855215
330524658
181639791
21653078
1147977986198712321
31228871
138796935
343838950
121289559
855430412
188123214
69993071
416589294
48795141
84614167
359509146
63032040
913175362842001408
143993588
263341227
135143612
101795558
1170156749724233730
1399813385378729986
203809353
112903220
1334344586
1510465269428334593
59891969
1519870119140339717
76222711
51275309
62359295
94560406
1215341028351389701
1534295099806474244
374559384
27279523
3120341351
1516181275178119171
777924609085730816
853258907539689472
29306020
199310784
208555685
55309931
1523447132241473537
89275906
891129185355395072
190811439
869333698918920194
3418961399
62842687
983761072644648960
211921444
41301982
36434313
103824136
1193395557965991936
240353994
52969047
826411640002330624
534588539
373412585
63515833
1281943802563964928
62163520
1413191489849548801
153677563
19812925
43152230
8851502
65528723
35872989
80410607
175593761
73411807
1170490477
3724233975
37949109
136435677
107799831
329437586
88979782
884973446219878404
35540986
17033894
2781992405
9232442
156574480
187522408
1470952805619929090
1360083179428798464
17121480
443267022
3295559122
459068565
87244850
148573210
1498363951222083595
442314953
18605102
1431432938177155074
42401945
235231869
33366195
82958591
421258780
154263502
109218520
248879745
1092455165762904065
44248480
247860298
1053502501
1466607566637748235
1067046884
68873878
263008252
1306061936463884288
151654030
249916641
921400210420576256
2228574193
24460707
1324743193200594944
1531072524011855873
17624650
60584411
23628500
838214360
40545750
1255686515881136129
39632290
15165399
128670508
8246832
36362637
2908601134
837813698370617344
601215623
52217612
1052571715182637056
886977897134739459
844773661
887414447853244417
58591341
109049442
1187179869119139841
1411336104
142048515
44300313
942333025
1109945854230695936
1481276344667414528
1314752544355373059
58244220
89344506
318056797
1697271211
1240436414568898561
1521957630473736192
1218264471367561217
184600052
45052469
139468422
121481243
537449502
50201953
3326443325
1437574954711715840
76257183
40742560
40339167
168916384
35702601
1041411083758718977
1244075317314097152
57488473
1504453765335760898
376934289
1419142043985719300
144811662
1520215560948178947
1207824480199946241
47172916
397596771
87819478
3129086403
158963067
83508645
66707806
53150995
1521532089522348034
108040482
65781145
864583851527598081
1244414044536176640
1227247794009837569
24214391
900743972561309702
45691554
1518031674407374850
1467457085931769856
1625302800
381606480
2787216415
854904895517974529
173819903
282198621
2177060390
1417517436400721922
1523626417271021568
138103681
40786242
58921547
816649417298219008
1212117681521876992
184982763
80595079
356650866
1153503557905244160
34628000
68584751
2158024799
59303623
1388136065651855362
888909941263781889
3394227016
1287167909215776774
56610486
1420556871686148100
1163801704858562560
408490019
115109126
2798606261
1321820876145364992
1049311079799685122
1257127605809053696
66571468
123058322
54966699
139777218
45233070
318098022
172350977
982353084683866113
53960337
423323401
338097482
432816064
1328512151456243713
41181740
68819250
60161613
63814417
201967265
1538988627245637633
1045151067363856384
997682916778967040
53448908
41444151
1519326995997462528
1141023841050869760
983751213794709504
1482130888569892867
45506551
1554621015963176961
1345216871960899587
877655696963186690
72138731
117580679
59005499
1395070110600204290
1266770808686460931
91845628
32566212
27412034
203349584
1260097627
3300536362
1554175810751414272
39574179
67505812
583370537
48131496
220301124
137737110
42420941
2254976016
50865757
848956139479998464
169825640
52485654
52268517
21232907
336629154
110688963
109844877
122157339
54367271
158065286
1154270926508384256
79042536
70389714
22432003
189643382
53258046
2423958642
2554464209
965019043
213893456
3025072047
353737709
1117149295860432896
376952386
520915794
351093579
76926396
104187428
2847662032
845273957418848257
75706594
1124650337237917696
260409127
1455021591318994950
129864698
214170195
116770249
44186555
143551662
1327365418722484225
52586670
340520402
68196489
52862964
1532030458179031040
66783903
1298596607009619969
145048064
115466354
322551079
18672079
902352124415287297
4203295863
1213614289040244736
56807544
35052013
120956551
153007960
1507367279339712539
20518854
792315093912588288
147777367
170936992
336014514
1416418679038808069
159245107
99361304
3939051
56397631
23559259
886982728960356353
1540785746436579328
1092580358233751552
56427275
18688345
715191572850147328
755102718075801600
363164196
45934663
1499179122324606980
331971264
1416915625499414529
275815104
1216375381533634565
1392070573480628231
1415708371
308217234
126303589
105929486
1092955945674649600
933852319283851265
718862114
1079244492648181761
1527914993345253376
1525258815817584640
426853640
726164312474136576
61940367
28149075
568370198
206502111
1348680193104338945
55463909
109736817
1253795719942733826
55467929
2903364341
250186577
3864453645
60949873
146220493
296359271
1542302778
2857272280
380041281
116449879
1257026995772366854
1392071555954393089
304147865
1888336105
281736259
70837769
55964072
1648057244
840290730
88717821
73427222
304659222
85317206
1470957015619014660
1468413394097442819
145095920
318178951
1487926697584381955
1449752296930349060
832847128997289984
38415414
379134763
54440370
381667552
550524865
1539212538658934786
1156726255418511360
375879730
91870422
1133815604379627520
1236001285301772288
3297885665
1463655479834513412
1558153818210287618
65359079
176277837
29732635
1029952296636096512
115280626
42691847
1110998726888296453
79728031
17423994
260784151
1132768988314951686
109320956
1482876322368081935
1600347269001265152
1609047748518576128
1379835020764938243
882403578257842176
1621119002922651648
1301357163315634177
1628781343873146886
1363578419942989830
1554594903153328129
579027633
227811108
1461645433554493443
1596321192876572676
1582367844628570112
1611474149792272389
1365427084634521609
437060817
87575111
391102355
754073900942659585
1458217497979670530
374301259
161320874
1108806747232317440
1011066226213314560
1183051855791886341
988566840333996033
54204909
490792751
31614794
205941486
24955346
320413902
735785016626532353
1470855554922958848
836449028061683712
1218263233590710273
1519383494794915843
76471293
92743535
65503972
21091150
1421505300784373771
836084679002447873
921197448885886977
271629865
282760088
196780891
1270150780251705344
316873937
51303342
1575330062630637568
1578482457287991298
1866499844
6950902
1052648302448177153
1619364063787507712
426015718
1305290834259193856
473205749
2228404916
1259596617923076104
1006532470483898369
1332158614941863937
1556606558083203072
1057328767910199297
967403418234032136
1594861268397088771
102019658
3045467182
40325461
3044667964
1564077357220220928
209685597
1587397755244318720
174282081
809785193473175552
184920525
1621293990640340992
86160670
81192305
1412215584935251974
1412522923370364935
69569430
3030249430
1686751520
975557552514785280
54066551
143591152
151250715
479443694
241984918
1521522997038878721
312810454
2721313266
606134340
4394102597
1918832269
1478401458173358082
769143354714193920
1490509188367368192
277757351
108292520
4774985296
420277730
167586227
1090681428
1423847980021555201
1498002281601638400
4716861802
1569637779050745856
710943241588371457
1226004117522391041
129540903
937192849375973378
1297223586718134274
1543029862876733442
571283666
70799995
1109135865605959686
15456487
1453164203511058439
1555516332938076160
1379032610
1242121736960778246
2352101616
1113158678876704768
1202281381608464384
152712761
127625070
2514188832
402451940
72869929
259986546
3370304409
41647014
39366339
2755606056
1472215472603021317
16636276
47019558
64527512
18369022
310967159
586644549
186220244
1304550944038891520
61655429
281769866
1562753038909329415
1410716779907792898
1335230705647890433
51297628
1133147165096914944
3601029388
14827952
556284030
1424365375165194249
99781424
1479893963989565441
579387724
1627483540706193415
1039470035381706757
1630224374228738050
182792084
1492775130048741377
4410829815
2414152055
415056190
1518982718415159296
1392392593
272018843
868837405
1631311185327845376
1258472265068527616
1532077694413852672
50674036
40966580
2978327949
3319385187
1434620496809762819
884729994
452833278
1495904461776113672
1547025451482337286
263279947
1543404541529423875
76022404
3656607538
126781844
1465016834390958096
44053466
53394246
1158964548763881473
1374904291044044804
218308754
60516925
220419072
2582573880
24445472
15349705
35127266
1955359812
69682337
71347736
1509262313748107266
61815311
252765524
1284225426286575617
582080272
1252729560182988808
1430348936162816008
41468894
4908780513
1493579333847457792
1076608878
1360011642
1522559529120149504
64090963
184191116
56248472
1636591538
3054464278
83720016
79294361
1503279399537414149
841678697170141184
1051761287556997121
296588910
1708281985
1425144396303978507
1634294324564226055
103061655
51617816
2768216423
794594086686691328
85888647
1417604620013215745
725186372
35111872
1500924762553528323
335996953
1517594016686170115
117145486
36036799
1136465742709350402
1270811140457738242
1103370507070726144
1624617056795500545
25704646
41657764
34625375
38272190
1339594513946296321
30524235
59630184
1469756713997852675
816640559385341952
179928020
1614987840642842624
1325826314092285955
92896687
952175514139152384
1623791687934828545
1491823594703306757
1553756297815900162
1622426024846786562
84056714
45175518
183087789
1622303754207764481
355702777
57870664
151185308
250253799
1298662460078149640
1613197472179920897
298588902
474681796
43029211
1608887371549794304
274824683
1646929340033126401
391688865
1496234152676499463
1498029234564091912
1647203579512455168
114039878
1612929513079422976
1502367362615586824
458120859
864947707982602241
415582470
1619675148923146241
604716918
558212587
1488517548513677312
996765713103753216
287402608
1579225972192251910
1422956314905436163
47184439
2884609756
1376625199823605761
225250195
857624090936528898
733485605699649538
1257776047074009096
26262276
3308736765
15420501
263850032
1364770773324468225
1307314802260406275
1546289366342967296
77288935
1299757806569095169
1544739241728638981
1431369113994211328
48161519
779079508464918528
752845926176284672
58640728
619226472
1298456229103239168
1524017381282127872
117060034
1066142387863470080
2436344273
1393230171927351304
52367280
1457113600225644545
559131304
72998183
2615619241
52294113
91370913
42881764
117595755
1447124040
58994298
51154202
1480171214136041473
177629082
107067776
71877526
911451715
158541662
3343581207
1411932481226428418
53247493
1020386330101108736
55483053
1355311222158192648
349288373
2418347620
1528744907925602310
129052665
1466548501031047168
78281059
337137527
829038427156918272
1519224749922168833
89914423
916939687
49408808
353323004
1549368638406270977
378889423
2912619195
278856202
86765582
3220038195
1022367633201618944
1895366755
595590437
3028724643
16427571
25042231
142723275
49491563
430286188
909136642216218626
1513347315574231044
207107355
190644408
133386591
21440454
1630756729
32762520
1072641165860712448
1367370918394294273
280194491
58279620
1542346112190881792
1553581815453057024
247315065
102160355
461244444
294940269
1376521396466106374
946088527879639042
128898155
1305989017096388614
69585226
190343068
1495404615659139076
151078515
201397169
141762913
181289811
1416605691930980356
1500160401589346305
2597327108
1533531362254274565
895450719410675712
264232336
699994478443159552
53587588
89291870
1490449027627995136
1304032921322483714
967801164283764736
57354161
55244174
751597528676724736
1365092168235368449
191565508
48012522
2602508179
2211380832
54721899
289112622
2286529655
1126559503242145793
1560739333790998532
1560742633529610247
1540876156857192449
1560734011680514050
735261998804574209
1560731243137867776
1479611996601466885
134247351
32669427
99429274
1479078276865871876
74218301
341735428
92592258
1563984352408748032
3844632087
2886790366
167680842
1451170611808641028
457863925
1253030950507855879
1416482113579364354
207966754
1205218467823136769
1174816737637949440
319868149
