1058131859547275266
1298885573181149184
1239698777520340997
211017495
329482776
39544115
312810454
53561273
1337899225
4860134997
278856202
43096142
1549528053822509058
892897235792527360
205038431
56840733
88719956
584628887
151328105
262862330
801099001
14516005
1540591945927606272
1254905639274512384
288065335
295283339
242991309
1545736218725474305
25577896
175860937
35770077
822268919004139520
636480492
1206322890792198144
316776058
334038245
1535442433105870848
1093169613662244864
161747388
221759428
282299390
218735209
163177984
1309594402810101760
1222288046114189317
53219816
4238071336
1148730079121465345
73493771
1381329339904577538
186530556
57100510
312923675
1550139052355100677
799715559323541504
1153480406714507264
56182140
19815293
259288208
1216540519834230784
1424501764456394754
822150796351537152
1248971895669698566
1169702460266622976
2795426315
3180021671
29369940
68005779
55356202
62398334
60516925
1328891287714586625
937416853042982912
37949658
591961954
339183004
304730976
157873755
1467552391503491077
280326399
52866878
1410706253563768833
290728750
167249827
163693148
172628020
838833999334227968
147861067
3063931179
65177472
1054550426446635008
46119379
983158820217159680
36289190
66400296
258122827
1004461721229160448
3416165079
561569324
51938571
1485959546501844996
33944698
104021345
1260097627
1383794181567483908
732378990258851841
2422357978
1472696739178102790
4222596388
215280872
297602795
188090798
1329607180660649985
1157466890
3466447877
148870532
355052632
230501927
1101575305
1361994758533619715
959723201566773248
893168366516678656
1424321251632365568
32566212
54065651
49793114
1609057591
47220478
1237506224389750788
210258787
1514627447936978944
186224303
40125120
1362162770481991687
361646251
855117284
88919496
169825640
53371678
70141650
34264727
1143691272483422208
1900237448
160339897
54616314
239063669
1550490448397058050
157608249
42673823
192864647
70573414
35882302
111064481
36976127
4130852296
333797231
41792610
47428085
245152295
39299284
266254179
83581697
39304470
421258780
347676601
359407096
1294778757346140169
15410917
1449424233826852868
1513692910532718592
203809353
3014257433
58308020
1439990219407769600
71910458
83720016
2343950340
245991613
165984089
332962774
562296028
70677969
41684303
1325961098089156609
1158069738389610499
33249379
15260154
1189960188704514048
989446997504675840
52601175
39895417
2871367863
1106262439539150850
22197767
54568326
3431555333
396045950
49668165
736511804323581952
211921444
938206801392275464
22817930
1159798161512312835
66562710
1194935451502686208
1526154452
1508507175773212672
288994753
76419595
25164642
712098467699662849
1448773278827417608
39565393
114581418
50895806
178394974
215079884
1120876632527470592
1263187629681639425
345023067
95674345
1531402663203569664
1214661255451021312
1557257884370624512
60673769
33900482
1461520175010824193
321236518
1552374268230524929
1256564807760822273
62277382
287986354
36392289
1176742397109252096
312699472
1566186653001162757
1094085844502220801
89736836
1364974641400467460
15329559
104938275
44810649
107868603
825328124225273856
474150555
96230938
3021213029
1951827606
245585173
747577257795985409
865256234110390272
1271081998937927680
1500767809701392384
190049884
151169791
244055014
276817620
68735489
4827859886
228447312
92083727
1305839571280760835
210904668
397596771
828076187419295744
1453819205426503683
1453811417279311873
1532515217342595090
2568150838
2695073968
177961487
276244970
905801733347139591
62695011
36362637
51609735
106270655
162937441
48451972
251874401
1419172698958217218
31228871
1224025830927544322
1527112042712268800
65547548
40928314
1328432671555457026
1057142808056942597
41175670
59804252
1175188165340147712
58655158
83968333
1257310096222113795
1451020133355360260
264926000
316775437
110386401
23755914
193320546
312801895
1253435267211550730
1157727955176570882
3033546384
1524202483710631936
195560839
1483249219142144002
1391020811079782400
41958045
988972977139212288
46956092
241973453
344718652
41802289
52363865
329369055
69362233
817530692338937856
144811662
191213374
115152682
1485634520896446469
128898155
228013649
60667471
825352133109243904
128961576
99353567
602215460
729993938
1435360276807888896
3220438907
1239043030847565824
197906460
1697271211
65766919
73372157
922290541894782977
1290837451062288385
68562245
1092580358233751552
56610486
789893445796200450
4182965187
91498243
995356384333004805
173819903
830827482
161696522
1075489189741948928
739951339053195264
299322857
1427286777023418375
867642802649169920
211715964
319309081
1010349492036624385
2787216415
75704595
705431315
979362812991627265
1564253910000435209
1616308016
725845185435947008
94930256
3125690539
8539842
1936474610
15817024
1544356394345848833
1311370120577548288
378383633
969682947984052226
1559917692378923010
700430434145038336
1293947906538569732
65819004
2844545763
2859711561
59664354
890058421520789504
1480349388073578497
831534848766570496
477807362
14562615
1518084433999503360
1119362852480008194
637385447
850721129849335812
85118177
1703316140
806558181556101121
2750202640
1191060021628538880
280315063
84457688
1344025116443815936
1253762614166982656
35509713
890028974
4699948116
78632358
1552407276916555780
97034316
713180659
956662873
26817727
154630442
4718595340
1175927735778193410
907308025777713156
712803270155235328
302049182
41256386
3292622114
56520516
1341258647125569536
1233146291242373121
1267090430304432128
89222738
1621750085842247681
207600220
1035135282
3390637145
214342784
1592502087685996544
144616603
714754841843777537
110688963
1359942342493564929
1244506585113731072
162451356
139744894
1870066297
1447584466118053895
1108057476619030530
1500596814214488065
953803752934387717
1005827774316208128
76708757
2155643814
1365092168235368449
85202969
26617935
122677760
2296898868
1161357528632057856
1542261803018764289
69636814
1103372825300221955
1014337175234793472
136743247
147298962
262875011
375925260
1370066191084097540
1246238367785914368
1197712678560636930
39936067
201436927
816098722308300801
150014465
177316897
209698187
93943345
1268002186140749824
120519928
92010174
3346948101
714842228951289857
40088205
1597349311066537984
3724233975
724257403634651136
1166791460747907073
1011313938112409600
41054443
309202092
288936275
37213532
1432353473761325058
191504866
3398126781
70849228
800773820390903810
3014833809
217634440
208556897
176874944
73531164
2523380433
118115521
1286053410362601474
1355950095456497667
1154583863043207168
1093990391609786369
1154790594151161856
1912423482
56768146
1354570721670926338
95017029
1370189622345613312
284668082
13124602
33547878
799261159081865216
32762520
48012522
799458345828618240
23559259
518222235
2577597908
2978116588
1389484990556168194
71109358
55987157
387478898
4269625761
261324554
63155715
167092600
2546047654
965290526978256896
1445093151186825224
1479767297262854146
2319382976
53347651
27758332
1445529442554564617
50851280
3400127927
53150995
895639559823736832
1449752296930349060
16213654
1537429100771520512
2474453646
759278406932586497
177423719
38010997
333827176
1487651381871878144
1599781348679585792
185644201
2503077872
1612291683139424259
193103439
746924978642255872
3091433603
2673822773
302467988
1615688082065326080
1139611326
439197888
85909875
4660027462
1523671506907246593
1163438574844436480
786638498476466176
909136642216218626
1455300679476645892
28373337
2937614243
555563466
211920835
275251892
1292063970
3535234528
1486058855268294656
336932386
1327365418722484225
1382791465248681987
25042231
706835265520803841
56550670
361338946
88470034
212382294
1541574357344026625
636324633
808395072421117953
1351644378540990464
1062193419110567937
821412926410067968
35628422
202294382
69801904
279854727
1350854175429636100
576485025
1532749309896183808
74003872
67202036
48203475
485904751
52453240
1525058343345192960
1519824886637731841
805560831891095556
1414368025
1211574576
1420927006535995398
56595464
161138300
196746703
2821831782
599516451
1527148228700950528
2348496643
127240672
1420105998421921793
1402291722252660740
1484960771322920966
800798726730096640
21415271
3025383447
328146680
101899064
1420888628964823041
308987220
1378554238410850306
71130631
1407340648936656907
795275555524509697
93438970
3220038195
1537540102766878727
61116586
1054428859087683585
39267584
218510749
272115866
593161563
1534202366018392066
474475507
1424226152877547522
15552144
43089906
1264607369960525825
36748548
53535856
142463461
864583851527598081
9358142
1157274643247640577
3131677000
56586185
68612176
1321137076516065283
2369356963
249135602
200885717
1299037215486611458
167680842
3397613644
1012382418580492288
743197111
1540825795169509376
224432145
1386306045790851073
1316890925117865990
46478331
816806086099533824
347565734
803065335008075776
1483149170580111366
931977285736988673
272599828
32576405
1528355937257398272
157136792
79282891
100568251
2729644180
996559222224670722
301831599
182792084
20743783
92741876
808823516330160128
168790484
1108822381810909184
14787132
1340519047
40231311
71155681
2896619996
3228907835
917855442960822273
104190156
1430536198280425474
1241163361930416130
36527491
1397653349193981957
40261159
2212382840
1375240482230525953
151182210
39789302
517391200
82412968
1044791681021874176
4745830095
1269095936984260610
1496187520341716993
285771866
1252321384853843968
79532935
1021666078378876928
2872253778
708099333145681920
857596686
914130775787925504
1611171793
170936113
65481506
51481579
1296610083535826944
39661298
1015364505612808198
198017471
14587010
877523169724256256
779017532
982284675916890112
210548819
393656861
53105219
853583539
965757321686200325
1080871068850622464
762644347863064576
1410992801899286531
1540508887991947264
1057118780541882369
1544851519362793472
134546956
903355734477467651
270069773
2965095953
131494231
44728722
1524611472386674688
1365858900541648904
213347140
3654982295
193003021
903110053179392000
1540593027730837504
120956551
1535241894489464833
1399699938704039937
162376873
552792609
40128996
41709648
1533569251675602944
57017730
1066708755079995392
36533572
69322909
1376903472105279489
175268383
120556049
619346712
128670508
1344528424442994688
82958591
1245049037469990914
580135716
1283921716503367680
2983616226
889230526787313664
1157008894444679168
623050661
17724563
80696720
2469896996
1381943551903272962
347656894
51467780
66870865
2996848907
1015266966859337729
2902746797
67486586
920793359547076608
51054309
67071049
70428762
63807749
24699507
302378276
1207139466797879297
17243277
61792895
207315736
53960337
2573096484
1364003233165955074
66555402
142404705
28720775
2658509240
61787653
73161380
197927723
3151977754
2724726190
35063815
127219952
623865448
248757112
562107096
60369902
1209976925420236801
127882319
27279878
17423994
1105629528959922176
57441178
1352641257848385545
2278090306
862856718627287045
18363920
64443688
1251356713237741568
718164235
315931580
245380150
181078132
56715581
1434717663910154240
1090681428
1358542068331778050
1507189544055193601
1436456976
242391290
52095465
285996079
1532403523031339008
881934019151220736
92743535
986653573
126040561
1248116845778997248
704294299991744512
58693976
2188643628
66229104
1605936259
293094688
966450640972144640
1603308822
3978378195
134925612
824774339249704961
131539903
290031765
140215904
80200621
55548998
1257748535791046659
304513033
1448388739206635526
798289591295942656
1319963236477841409
178097194
87354759
1040847727
70389714
1122541872235388931
94380351
1005593999753797633
1347374324592869379
719287597
223708414
34082314
111428202
1360617218703314947
63057498
405219342
88750265
975542099058847744
706629892
76802634
1207135420221448192
151484117
60743669
1067163319
1395879068575354891
1438826646396710913
14503489
2389495010
66026648
1414984050675224576
65015218
48072330
175742583
85382677
55886961
2870506059
337596942
55891961
1546595978089828352
53179056
48545208
91825987
1519146887877738496
15381190
39580197
1459701572292775940
1024189116
1373713310642753537
193852550
60881028
356497773
624478860
63322414
36764360
1213912436731830272
1501185679975456770
1259552197257420800
1448060495055949827
3135465921
36288618
1364285128164450306
843038820442476548
1410634208989618182
199249109
2429206439
1183789121698959365
234587322
1321954628020436997
56782939
156769386
76580569
36675316
436858772
52393822
363756106
572260819
1435316251455336452
285491662
1340986739247202306
1402755253431410694
53658070
916618203861868544
111189827
1053724470870007808
1239379792602021888
2663965709
960197635650084865
402411433
121230945
64567564
1012499357927604224
51343721
1051141887573327872
1446312217767448576
51634428
142494774
944415427551166464
565693519
3217
216807677
130817792
1378539189864693764
15509121
987369134802591744
382356845
1485301890
1143174012
825389794226270208
1179676440
14097839
36556228
1204608358772334592
3437632402
233401900
1145172637150253057
128710350
203690916
1157349000225415168
1081586317962694656
1248612243123474432
1491573382143524871
72272804
953079832983887873
1723518612
166562366
117421795
28921638
47138440
1263247179633905664
137704954
1479933845671751680
102413771
957301145407492096
1959923005
30354784
857961359501348864
95104772
1426818757507289090
1214131159
1240520560033124352
199010112
7619202
1306003282620538882
1455278316857012233
1508100255480430594
235158755
3726119537
48910046
46271402
2384384575
1225530905923596317
32591991
368476427
1525543797597282309
22423154
298078155
1833339404
71787035
1411826421362737159
31614794
55892872
2773394697
2872418555
284244800
1293548951820537860
3558186623
206215902
1075886036335685636
141266467
484972075
330703664
238400547
168803689
87509838
1419082604645601281
214039240
1299919874
1312544764009512961
728595212264714241
454515736
1267291576440631296
225020197
1174295495579226113
1283360034299228160
321916954
27921417
270530303
86781477
249324751
308113525
270375224
65340928
1365756705498406913
888605054139326464
3096900826
749062187927343105
79229320
1526332829419831297
78507844
84161841
1257480051026792456
442342156
1530685003151167489
1196496699402997760
4853982353
17624650
825760807451578369
8851502
335548378
1238156927030394885
1112422956389539841
96609404
769900034871681024
2328438976
1418870963207393281
3022056340
1207722519953891330
53693463
3062855996
14171692
178585979
1197707770025435136
1425605462632898570
72340302
2183024664
51212628
3090420712
1498192986429169666
2732076993
166463041
22248152
44211310
1367252906441850882
1202498336596660225
72443914
4909358350
339933198
3220765519
1059597114538377216
897298921076252676
184251024
511793961
75365289
480699803
59038937
73222507
136214986
51671901
26007908
732387436446240768
1372206219360931842
1163918311870128128
260935695
107785164
1482876322368081935
1610846245890711552
35015510
199706558
66565714
221543668
57736200
1479078276865871876
68746589
76533729
37104324
704328194934054912
1306623615283101697
211333246
101355768
1771351
69343364
57460575
1187126400
45686398
764551507459137536
15281396
1282855855977897986
37875362
1022380350
1541406949765529600
150427269
38727180
1605211396291059712
1365427084634521609
1517304862391910402
831944488323002369
1460761836727455745
327436826
37466043
1477440766460977156
213042349
85977181
1267139418768490505
13324202
115109126
776422210630250496
312966352
1272656434472329221
46538982
4706720667
1432046204
1073448108330270721
348140535
1331759740427362304
1497681600464752647
1396230461639249922
713162445364314114
324621999
181254103
421387728
1045930932
32541679
565713574
109742142
26735183
55906266
783376800
793575454892589057
3155001939
946561117
1450863928167309317
720778678993596420
872624088283480064
172615145
1554072339981148161
1541990048878530562
91836250
1554564391152107520
1276244206877622272
1519709635623723008
210260777
327590531
60411327
113773688
709742003928563712
263832031
82622499
144623321
3939051
261366155
1301511808528912384
225495137
1126470476
558984191
152751465
1314731328898772993
293697029
75430448
44020200
1549686028981751808
798324717170081792
712931232
57495182
897969503509901314
240295245
1151527590332706817
35052013
2806210765
1356563263836848129
133105020
764974167016009728
1376691976293253120
956447000
59157108
2555615785
49836909
218176851
880071166228148224
64244511
175885758
1432134630677884929
1253575073451192321
727312278442352647
162191550
2374664614
1594056565
180442473
29864957
394736808
760314973625184256
3407461017
336289096
3037326843
941526010297757696
1117556091427139590
1344982170134323200
218114717
69117559
1392181671936602115
4907828782
1531478528172118016
253222706
221740459
323610109
1041139561496104960
1364942822793748483
87607244
911396675054374912
19285159
704874413
775411562047733760
1083032720501104640
635853744
4098337719
32969058
43776798
1421643407768829961
841282772996112385
4092166397
3030931355
131285084
44156404
1273635005739171842
136058995
22129587
29306020
75636091
939523226392317953
136101916
1006606211423309824
2267384157
312997401
467016785
70563747
177703480
57686796
73297464
2692056711
4838602125
3087429234
1132133699741454337
218179841
69982494
1493716233283375108
40753039
173181611
1283247557574103041
206211298
67196739
1384654504839286784
184541699
1226185142
324393001
853045863664541697
1147977986198712321
4784386223
1422820508106727424
1201808953
55032600
49760041
879353623603548160
84912815
1033700736046166017
41444151
1503698840980963331
1053705009232338945
1322953807727337472
167105406
1126150012767997952
100111856
3350065960
15697718
3333176632
20773495
1482095532814258177
842152436
100353774
58921547
2337399092
35620080
82942234
326484712
3340314023
1363622635750518785
960324828938100737
577959958
61041275
42303406
51931982
38730745
53941960
1517481523972382723
631538097
333118437
948966047104847873
2205262231
63236916
22134912
185485356
406257580
1080495571868233731
1437776415659855872
746517209091084288
68858136
745049412267839488
1037138948043272192
1170902282759806977
1329938517372383232
52931549
2357617960
946102782892957698
48400620
1256182896190242816
182589764
14248753
1258708555135401984
1325243717276594182
159107650
184830844
1354072887238553601
300691129
2466702392
782799516
168916384
251233867
963530155372228614
209307995
1467326268060442627
902271923098353666
113644350
359983589
130992691
826452249752825856
188411837
905763912888586246
988780926552432640
1271236317851136001
262338689
2364925966
1306393872801693697
51294408
875548075028295680
76059097
3332884438
1231259513447120896
28365770
3241197484
2986517134
44195661
113707753
139696469
52625191
25687104
150411285
2975067640
887123335922028544
171102051
37512047
56850119
54275381
1428746458182864896
115036387
1088576996551073793
1272269141521686529
978779957466992642
221463238
1504808381932052495
56900015
57918742
473230160
215596444
51842400
1148626429829156864
85642174
1482043674049585153
1273698808405336064
17769871
312764619
1407735959261700103
736635987745476608
369664223
45235681
83419730
1113537083119931393
217524562
59247999
350383862
3436806436
153944592
95335083
86539609
56713034
21341906
1353100471246974976
143443643
47546665
36407991
1484677885461946369
1339739176460234752
2434585227
1542695561505144832
861037389338292228
103690124
153918456
1249584894679883786
167597372
68293188
139869699
209743935
923982713304109056
44759333
77726892
54721899
15997446
402715144
312881232
25939664
2196663207
1517143873679552513
164937347
97570586
742122284748509184
463910217
1444668586623180804
1554095250469257218
1651211586
210573522
62008930
6049592
82998437
42461416
1171671554
28725081
1260653267266273280
1178436633219211265
1554676701640146945
86176072
57490655
4708144761
908887862883618816
448551104
16998038
271393923
33386496
68248762
1245707282081632256
1511510579336384512
1551194851672297472
1356656790302306304
3307654588
101838740
1420869957609574401
44622056
52837716
1291395747922030593
1554047417959473152
229943561
880436984858238976
56866129
80162981
1541635222017548288
17314674
15922513
28437915
35601959
305259083
1486691979148902403
77784313
2596308281
1549937325798576129
1358621088146743296
520997999
1191006139225391107
1422084906
38635921
1289628983106195458
66893795
1059297893318836224
3181161191
1554628657091592192
177760608
2808694011
2354381603
1034944576006565889
1560741331634372608
4313648417
1500956730263584772
60148933
270438691
730913149063446530
4343938707
1509390037280038913
36179023
1041515330257018882
1055701531968892929
858527060784013312
1219849359845744640
185916083
1286104994190692354
1267585187866652675
155760750
250348818
1569495229
1083168234659037186
4903271392
1441302198
79249420
455709164
1431064218049056772
1055489268427173888
28919005
38436423
879172891350355972
1122671487620612096
51243605
2764989083
17271467
27179676
1194500988
385065280
83653363
55010550
132909997
194700534
762303570662359040
1139167051237511169
926587843245412352
1535354944823361537
70779321
4056992842
56248554
54270728
1212023785194278912
55467929
1090022231927914497
857294353198436355
99162230
559884384
1312842602748809216
2501838710
51532034
52244750
361023383
2494016282
784747158922821632
80171105
752636262620639232
107691749
52267508
614455528
1189471276261240832
59189545
1264786631128743936
26446664
59883726
43833946
3138934131
1452957695074607106
84410431
1224691070870736896
1560726709137203208
44141697
1541825649303773185
4715652562
485189927
3087494572
37664324
41860657
239944894
24214391
1330682310191173635
711181243635912707
113467744
112903220
3033548951
268048287
70803556
336024444
81229644
1076804844
1057072537568505856
2791938957
77082533
65237479
1518667234385829889
29375563
268002576
1174454115499487233
223854018
3262961313
468849634
33373698
1445080551501803525
38949834
172804457
891467226854948864
44673247
373412585
197952943
2598588525
1105988093172166656
2773008450
29120161
27227178
967104590
1214876242933100544
2537978542
3428484952
1471928838401798145
1286296398644772864
2792552630
71365679
28176701
1376569866992369668
124521984
154967982
1533506289648779264
1461666037838098432
122443674
732970731139702784
9182572
508801977
56259060
234455141
750663541766651904
66349108
53446965
107439139
1454890837721108486
273534839
594613020
1044392722797400064
1132475791164530688
827846581
73273900
1034228671278669825
746561194656432128
1213255351400718337
882385030986821632
1359146041329729536
89415501
1293669115098472452
825875033415368705
2854652866
45238742
1421816021963399168
229945618
218334819
60733150
1445129554184523800
1534647997245571078
46455841
1429714612560273410
1433531400
4830945819
17430248
1518743092396007424
305778664
1366497708731756548
1445460159740854279
1237322425
1207991985732280321
35127266
55359406
65259171
1512446707392552966
3065940424
55402582
114816276
1392328778026733569
3363482295
1570764218
1245132703558705158
70039958
1328159479318372352
1584739260
1162784155807207429
3839334676
190510538
1529835085867909122
3007828336
3314337995
1211087057797271552
2357908862
129922593
57453835
86169162
872607817152245763
120279002
302312207
1186727896997617664
169735732
1345186936399532032
1546276855191412738
2861492826
795954259053395968
1590864411769585664
28358467
1624975982934335488
22223973
62411415
787705666743988225
1178400064022224897
1199364962411589633
19907731
538048324
796130660599693312
209570167
38260809
51502761
351936382
1263642780989095938
37519474
49801576
314967639
1633599305016647680
388502475
1515323916520239109
16103468
814376419
8433852
1618467481923772416
2234836824
76973323
95190492
104944744
726947326129016835
934942182649270272
707214837584105472
860201149093355521
1480584008425775113
1122686454
742425674422575105
287979370
57243859
1268361139802472451
73507495
923184561655304193
4463727795
864947707982602241
45347266
310922092
1264439546458132482
35540017
71606343
1539885817
908350287802503168
87796538
712335501387235329
29037248
2384062774
175444222
46266008
38582076
215869030
721372302013816832
1567240674595971077
1275503814792155136
359428814
1364925181
866722009
1515542167305043968
68587938
849439093033492482
260551432
283790380
1026020995
71891675
2925147105
1855995920
1145882900895805440
4244216914
225230307
948322202033803271
86617505
233976064
55313894
1222136705462960128
195561444
102131326
3810518069
888116200768536576
3572574796
305888667
1541216414396293123
1234224668363706369
1265276757189353473
57381059
924930091490127872
1473369722104209410
1495958182048505856
1120180404965838849
3493936413
859815927499698177
886726786117238784
21598813
933769926342569989
1085031111963611142
73009839
1603551127970222080
965406167118860289
25887356
172542588
1075377947358478341
1494499217443856387
72207222
1039490615451508736
1209082607734009857
1262730545705955330
1762842727
1350885403482578948
723609596917616644
1311134227
1506696442844368896
1542626124638855168
71886271
2600205721
706314706
771767731414761472
1417231284582105089
73754119
121840711
1491724934791446533
231130967
388946525
961407326384254977
104457632
3416908168
1235043229378187265
379103087
2831671171
294909612
2902079732
84133951
1935344947
314771458
1569354589547151360
73183704
1541055396047101952
269991890
143919568
65126460
1560468394775822336
176935525
80155537
591289414
826601012047773696
2862266105
1056371672842977280
1261894342119239680
1268218745975119873
128102308
1448984571765211143
10164502
1170387045606469633
1131169877279027200
1554333491491442690
1440462452483784712
1561832936445562880
1560012309476556800
61872811
2534482379
59963312
150109488
1418682589095862272
55860560
85882487
2308216143
596791516
1358615540068212742
1091292314411167744
1106243368110178307
2752723155
39910903
1239950223918739457
1557186933977145344
57220858
759820960442626049
53532718
1340154397658140677
257118729
402883139
1186471855684800512
35358969
97021200
2881352598
45839281
1360181876510629889
104181806
35614693
120176789
40926968
1567710595083902978
1544633436
2875557680
1092113197056868353
1511103618560241670
2344170594
253295404
199492199
2535847188
2573163810
1267849830984015875
90892404
50341672
332499662
160952632
1532746265800343554
1502708919520710659
2380676097
265733217
1520565125731823617
743479292718362624
752833614820278272
996152735727869952
4406639669
70279684
835971173028663297
260000254
65674942
128715887
1484283115
739860409964990464
299606951
1549954875081035776
168274950
75378374
3400093397
1149549546
2389131361
1358385355326693381
3960923055
1169781168
393577370
83181263
143107875
134037655
60874516
4705404631
1253085529341640706
191233825
22488939
94150452
1135862166106648576
1002073590425116672
172412865
158165742
448046344
1043553212589060098
3497200156
1187368935559258114
226385147
2385799459
91370913
298786641
353661689
1134133838404366337
975874143211216896
2596803259
1009824299480485891
115466354
2186763544
812489549582630913
1214892389791420418
3048205385
318096834
161324279
3298162567
996229839282679808
1035996929094819842
828176761
1348852409825689601
163549864
866477815222476800
844882653748891648
786506062040076288
3416773767
28655593
1215743354497110017
3505769897
3400272497
77785381
936236673746259968
158451759
235374444
140075357
254613270
1464304298511196170
3722771115
900053097837469696
137529614
1161762241961779205
1089867996158406656
2937750903
3159685498
1395896017330057218
1324579264575004672
223987924
1209195730134589443
1250882822795145216
1445130532501823495
2493507470
1015060601108860934
87043214
2444661336
1103047666685091840
63130336
204917547
734056429783506945
1453893822111440903
4441589061
4144283423
16427571
828961266005852161
3655229055
62532093
528801923
1002252246
259867991
828041312939163648
73002111
103698844
1109869207758483461
26780402
1547195775121297409
1495220362111561731
2991054214
38670003
84903392
702207035027357696
1018722471556648960
2786369597
39570350
1554613051780993027
215017002
918986218339291136
261342521
106246376
1002385424566964225
39769317
91581419
3183720221
285244737
99001288
72606142
382285600
389006574
1107821513431007233
733076039786758144
1154032231624654848
1127943902974050304
125142991
4196408314
1334194654242353153
40255368
199479035
52837028
125734225
203973686
941131265067159552
538644591
1544482574529085440
147000853
1363491826364264452
134649778
1211693601467457537
203735724
49366488
21403144
65212328
1290676541719019521
1303877347003727873
54440370
1570583595948834817
2280101561
1550314478868353029
1114272618008449024
1186356782945493000
1475615881321451524
713166920393093121
1110998891049164802
1301753683944902659
1497308626507251712
2719823406
1091901575306661888
56727590
735229604080783361
58127796
1613080791537401856
1625210699856154628
51565827
6329322
1116342800034009088
24956368
68264888
328673771
72607469
40318301
1493767434477531145
1007460252084731905
42899313
266967267
58673487
377016344
57398778
21189671
57547091
309853642
36569193
52739315
22144738
135991255
42026934
33599009
136838836
29720850
70866097
34483461
82239336
55591767
72112283
1394057661604376583
1103470091662954497
150262189
55968440
233890917
1056705510500642816
220387264
252037527
71891226
1969021752
1507588227821195267
162887011
1404134331480748034
1221930017044738050
981228950155382786
17034667
52237662
1262406807512809473
58327136
712106234942459904
98884526
37257701
155285158
222139986
56841013
1282754001570758657
497330137
45731030
39253900
91029631
27499760
307538595
37759584
124879030
232856292
222313213
223855439
161323927
48428116
1511038409883717637
76752029
2962668279
1408015883486781440
89334342
1428193620885217281
1374466612334530563
1492900929703751690
1388930772355141636
183315047
1225729857969172481
1571237748039684096
3177536693
1455414150977425412
836065919872937984
292000586
1421705072967393282
1261535384447713282
1595878669351796736
1422358183587233792
767377486292328448
1148749905101504513
836238012337930240
1552100995576078338
822925552608808961
2586586525
73172161
1212407098887135232
1268348161338363910
1262447907099357188
294946677
1398065694495940608
1191895595268608000
1508321656745377795
3351957305
56658535
63581459
1075441624006701056
65092201
1324707920664297475
1508080429
1184940137119207432
107308370
1241092744044597251
896733868568571905
16326075
162087831
1091141212386541568
52912420
134658184
25773415
166704328
1509904276524576788
63216418
362021378
1564330551741480961
1212583369373958144
25574151
57222839
1106921153719877633
1516638647830958081
175554765
1107731195704590336
1099384508112138241
1242599771979886592
49758624
232000732
1007302079134781445
58328443
70946422
1075130945286619136
1204564263303602177
62386669
1014294069051383808
33768119
243762413
1580007633737637888
859871722086051840
89935781
912482847344164865
55433099
3241358189
130210648
719233394840875010
419558771
18464533
170532403
77532217
1470596657511346177
1328120356083814401
1396949008233418756
1487911784241577986
1190983867118821377
1073376131666059266
1635757705863258113
252770421
1593229276383531010
1352011660689596424
758164666577219584
25768485
338646529
91827794
1109653046949232640
2841398985
1949353506
3438570405
1357308586897072130
160072150
138312243
66741935
1084967660683739136
1628923414290259968
38212171
271093959
1245014301162774531
887758911301984256
1216774540434558977
858057419682979841
700666464416563201
72927001
49691448
52823368
52500909
1442266501214457856
135512330
490369349
74845203
1196124416972873731
1632809796469489667
1376965727870144514
1052062949634973697
53238997
15635403
1371865733869809669
1616418834113503233
93007074
1288322947401371648
1312959672333238274
1514074246338785285
219657453
1485650989512339457
1348869748084375560
1628535163679285248
579387724
820725701921927168
1630966219636367360
8740262
39924479
911969181721128966
58361866
3083122156
1573094373956505600
1625516468971479045
1561021044332367872
1585218089406402561
1518671142025928704
54106298
