133029243
100560298
39431538
53266199
32640324
3131677000
342815291
182908124
64727308
2190032778
2324348869
212916582
2469896996
546257289
1457964668799041540
53569392
255310121
1272907131293970442
1390050123602857989
67006907
1015302215752409094
832758759772483585
1519413415416147970
252657220
2604601396
437539438
1676923554
1522395927595700226
1445204575053561861
1509429912310063105
9182572
179141510
2149085621
41395586
258859418
171144362
78507844
119591385
1535787651437305856
264228209
1536550155729653766
1482432073919082505
266754085
315571106
240814091
80109050
1433224212
138710056
215596444
62038975
1327365922852573185
1481094858307780611
97909281
848198577704886275
25042231
99361304
85977181
1155382868161568769
1399819651593420817
70206504
132909997
1092715947377479680
220130427
3324949967
261376144
72175766
1267628653325795330
42395056
1090022231927914497
28554800
50213510
386905641
2268116286
1191808401325666305
710615206884466688
51778575
82245238
170497442
3157625183
1351173937770725382
44932728
2405282319
1432372524139044868
90432796
19056581
1522328177481236480
113622541
53276311
68173774
66699576
121825728
520262969
1527311923833778182
1378924465845854209
2614388485
1123036055576428544
31281580
97480169
3022056340
43726354
1246072929772646401
1516313841117839360
367127755
76266404
338086978
998720909237243904
1526031848018788353
59850664
107406247
1545055445097754625
1551613017779044353
1089303457729835008
203973686
162900206
1502403102359629826
45235681
112886925
77802114
772508084820439044
964949259773759488
1059175054263705600
1533958982552932352
272753123
55681163
1147977986198712321
1551790466
853505977
1513647676059000834
209026290
4484332348
1335293645583507461
52035320
63975681
188123214
3164866737
344523098
55105004
77233601
478632389
60674445
179764462
1836792889
76767808
132207895
352594856
143130371
66689536
306177252
1296501898028224512
1182024596347899904
66418901
70235835
1203435237142913025
2557535294
236916576
1295458891321442311
1235361789820444673
375250385
35237516
49889167
1537806730435907585
246102297
192283229
170798680
310289274
317263935
102565249
627480066
55310560
324757155
725394570645745664
1260097627
1299879679504142336
1514240124715999233
1455153381635416066
2806251105
1628921021683081216
68203593
825328124225273856
1163045360
863506989313384448
1482876322368081935
1311134227
1412975740908408835
951225807330045952
15165399
93438970
1321063989066059777
115102624
1520517233562243073
60174364
217524562
817475179886551040
4495105456
105476853
89255134
2733485398
1109912397538574337
1206406747239469058
887456262748811265
83736754
823760354425667584
66460680
56248472
1498745203246735363
78663741
1254891513076736007
3387282047
233431955
1542679981171564544
50440588
3097389142
227343516
993669513106395136
217543875
1485364917536530437
1487829004929454080
1264988229088002055
1506998859053998083
3216267458
1305924787
1009980493847257088
288208778
2669823832
92572410
853025678
407309412
1541079598707924997
93007074
1338360637735497728
27008217
1212798017822003200
1504933895606779912
24697271
1497281568305524743
1369623308728172545
1440093031068176390
113350963
1496244642496622594
149574537
708065550426054656
321236518
1560725261754269698
58324893
1541381394722693121
1154019561638891520
1534124881239056384
67966935
836329067603443713
1263430630987235329
817238257
86780048
878366497927725057
357561011
848210593
21504244
1246229226921041920
1144655925069959168
903110053179392000
1485716231026008066
318528991
2348946290
61201503
67433229
758298123160649729
2516966574
43102246
1585358009760350225
2887010440
973474998
30893561
1506615865386622977
1621262869957419013
108110241
1007679937
1284647795916447744
2323875848
1614585827555672065
40739909
328814471
44980121
2516888682
94848616
59855164
2975233503
1634172151757414403
1470998112441450510
764963965805981696
1613231354539376640
2568025086
179741384
1448786508060794881
1632837087303958536
1148767672840196096
1559258972330360833
1504520274913505283
1349126411630600192
62260986
54089078
1553019479956791297
1438951354375053314
1648485320831164416
1540404327545700355
1216098126
