727083578278993920
1644110526
1519884887959953408
51430514
321236518
3371594355
4048550813
37031702
1558786842614550528
252806783
143248942
1479295708775829504
487995901
69883294
1535938615695618049
35823935
1252020106990944256
78507844
3557223568
61035194
68256685
43470333
56807544
30791137
1530301825232011264
897910690253590529
1433224212
1238565679458127874
3237120995
348610661
203809353
47993209
367480529
838084496079654912
140151770
2566083565
1502427899890225158
790965979891245057
43089906
1328670195293036545
1297905953921208320
4827625001
2405282319
162029205
1124741493418332165
43711008
629133704
42881764
232330396
70573414
23260002
1543359476488601603
74198936
4280297357
60547295
222295580
1136723095295791104
1238944145118580737
1555974334333739009
1262286342
1283974774641827841
782008051066925057
719427905760202752
59038937
1564581831286063106
149710185
168304770
739951339053195264
217871086
148010124
2534641401
1514325833862766592
2785413947
25042231
22576338
1361149541110738949
1283280311833460739
51764624
1515072399577919500
218943167
995129288
65242240
1295755269931237376
1357528782916190209
1202590858253623296
1194339711722151936
255521178
126647313
2937614243
1499004593170178049
1500975990604017664
45604985
1461907070245126147
2934705850
2975679292
1365365852539940865
219177143
24987794
140162480
137788167
897835101786132480
1254641502099320840
128124649
1106611231362871297
626139075
617748813
454419733
1061941299966820352
40793118
51405210
13427702
1526400983835844610
80628503
3407539978
69892426
38230645
61908360
1006668874643894272
1475098023038496771
709519694
1303722329428680705
42027444
3044817034
1179485937643991047
573309143
1493951118719823872
47832422
1425203223024001025
276472653
75202923
48921028
53577385
105847566
783371476829437952
1432871198979940354
185791080
2832089416
137862463
1473057969759834112
122231964
462255387
55467929
55892213
1525946979355963393
15430166
73967215
1037107056644423680
207624102
357975292
159466884
41838450
70141650
35897147
62648137
2868816551
245619512
228101035
893237634
163312074
43965891
51609735
1260097627
1333457260324982784
1483312339894030336
14957446
38747650
49668165
319057922
14220748
71059141
1898283902
1144009166023024646
1515030605267972097
1212442683760766976
889335582291374082
1354581612567080961
1531621040593506305
133023553
367270447
897773366073065473
1298373180348936194
553881422
266106172
1105617388383494150
38707582
852515626459549698
45212392
65227364
1197503626069053441
78722987
747904767997976577
289112622
988730594254344192
1519879142535274499
51165664
838214360
362798663
3790859177
1126268255188942848
79579194
1602662612575068161
1466083474348064771
1482876322368081935
69938974
2526096661
1365427084634521609
1159973195736408064
1408504297193627650
1543079675131568129
61348720
29023205
3847848915
210711897
1444992257363480577
65689092
56610486
2875628393
1503479800043823105
53238085
1513365560947585024
178459558
457995962
1547450588014825472
1193949410050347010
1525218046545100804
1219384348824215552
1542581473198350337
69044546
286834507
227511517
110688963
1445712049879715844
42395056
706214726
1233997482293649415
1487592626488586247
41981015
106129983
41724125
704853313410473984
2895836027
1445987552
1315013103768276994
56364274
162957667
16602450
215596444
79170982
2434231930
1517325116694216704
1204521383742623747
4022013623
77277417
1545736218725474305
36533572
327055846
3300469247
501131995
362724598
1518584036884725760
326369034
1192397316138950657
79878160
35005800
859053214842454017
3099953103
168790484
1089403486993899520
784677660
730990120694775809
1289296800
18464533
52792186
1519026455518359556
100405936
67895112
76763647
3387282047
1484263804187942912
1513391481645588480
1521521058066710528
71152305
106223307
1248757180196687874
1551691829413908480
32847062
1297659685873557512
1509471829743874049
55886961
4836156178
242814791
1526952397607673857
120588995
1626031656661385216
1545896186267287553
85196838
1375258865416163328
59600399
1305826813382406149
1313545550063693826
149338811
1240404284199575554
2214807172
1170324261313155073
1530083170162556928
794367241
164890838
53276311
942086743083438080
133521856
95740373
1214540913160138752
4286516307
199009542
1611113017697095680
1285595233217138689
752576945448247300
1569684972688261120
130738907
78718386
133426384
1176623633168576512
74441013
33325255
1560762378182066178
1525901315037184000
2628977602
1428746458182864896
938206801392275464
42069657
241303038
808105680213311488
283705363
1185654521575464965
1429199897803247616
1055509626651885574
1566788685181370368
1248984103673790465
1124842670579507201
1390421363194798091
1402030088661635075
1314731328898772993
1073893430810607621
51321035
212382294
1245861715683807239
1044891958781636609
1574369456
49053242
1447663681349853186
1515459369042956288
905801733347139591
2557417559
831948567862509570
21996413
475016963
201442875
15281396
1422664266868531202
1547445838565326848
1301357163315634177
1448376207360278534
1620859752669380628
148814284
1437256449634283525
1221573571132170241
114790466
1420869957609574401
93786108
71054287
65201001
2871970795
1220546577779056641
1566371944206934018
1633089175590150149
1268215000935563264
1540462826258665472
220849237
83636187
782391607601528832
1541134778250010625
166495623
180858857
1034305670554824704
52879124
42260035
1449538888767258626
976218408768417792
9894072
107543337
1573451880201703443
1334708936239419393
220542527
1601792413386870785
1640671059329310720
2305323264
182452369
367127755
274776831
1547012521286041602
100582215
69723751
1490449027627995136
338086978
136074732
72882251
1560734690490851352
1560726936288169984
189230534
147861067
50696354
3733164255
