294946677
1298444432174448640
1475588450992762887
1161961828219596800
1454087791122472965
848205260451696641
3895005683
90000556
56416020
1448791480210952200
1458452998255005699
923908208976187392
1495766883810922496
347858309
870745039
53080048
20743783
1470857820316868608
333376246
25574151
1521861323080060928
459332230
15741733
81813407
264483223
1207039370018119682
1379408202605936640
61940367
56478150
989403745
1479874758430928897
1265080426827337729
1157044974799794176
36289190
157137761
213769407
1390028177523814401
61317274
867786887598981124
456176493
832338079
1444992257363480577
1289240468006543360
375925260
54009432
12530722
22248152
1498132263070019585
1483492007515500548
956509953489014785
990728239227293698
3174510621
144811662
1349252786748325889
35625891
1254297152240697345
340611708
1008524370963324928
1347077785
969011587272052736
75439254
1061941299966820352
70442536
867515440796454912
1367914121962881028
27927868
72165706
1516407199588884482
41958045
1274917361489973262
12708372
1411463395
26085591
1540854939378925569
177743869
42395032
1237506224389750788
35927714
65141435
713180659
113175585
2455142225
78632358
1101575305
40539548
821412926410067968
21415271
4286004615
79594476
1085410859877306369
218114717
1396131754847649799
29086173
21826222
1353262009
69676999
748627564730650625
1540785746436579328
1428729615003131906
902189802585563136
19907731
96589602
65773514
1493936221428633601
2214807172
14503489
1357659780517683200
37031702
51473726
62426768
54243313
391478238
209337305
3163620439
16087263
12132292
1381299315382030342
1378088151839821828
1479836968359972872
1431103838870724614
87171493
56568412
579387724
101216717
1498119455699873799
1416915625499414529
162170728
192584779
133806034
33309134
1543705100
159316984
1580111216
58377573
217949191
85909335
570255455
55891961
64727308
1372520950823018499
56610486
38918230
981186828
270069773
1520755309282836481
1124122953258610688
1110557853482405888
103169020
17815099
1094062092137754624
132280286
153918456
1399244633427922946
128411328
38415414
69722142
89558665
1280524178530205696
14617122
941526010297757696
1419026488008060928
321929595
47913713
209307995
18593418
16427571
33978354
19383548
1222524285505495040
39267584
905122247966429185
14688624
271912682
1363573075845988357
43420548
1521135038103969793
41934128
1464957533005750273
1434962070517190662
64785602
125653711
13821762
1455309751756238848
1063804299174662144
76356816
427074908
1128488244981661696
324656591
22134912
73284427
83045008
721088194163433472
15430166
1202553422098112513
708457474815188993
57131680
249410456
1178752827130290180
138312243
1546037685210464256
65939737
43304084
183769625
3084780785
14322322
45237004
128431842
1280690023080308736
215739736
63830471
887011279684161536
149135509
46229740
1116397437529350144
47502733
102061729
1475530437615357961
712803270155235328
791336391061954564
391620510
78463094
1600191325
119612457
129913247
134972054
89173409
2787216415
100227419
1137393959955836929
45235681
1289684876908810241
16888542
115146921
60149379
1234845202067722240
59804252
757928493711761412
8851502
128124649
374777951
172693096
448795340
72065724
107514010
146918505
168489181
81013744
49053242
1526727566144557056
126437864
1424527517646471169
1225278819914964992
55003384
20955130
228695531
36993251
1124045706883473408
20773495
231216845
61186873
3572574796
1449194770627170307
52614431
36146132
342463987
1257676416050696195
1522580170065985536
49113935
75011917
62385164
3031125824
50443728
1511493449320697865
1431131812001165314
185853202
1315653756571320320
63715953
57942243
9254922
107270196
2257352207
102110795
1237733249054642178
1217832483498209280
69892426
105908157
111417386
78099686
754527585682518020
1471250170335617036
72770024
1386020156837662720
2251961053
1150901053547778050
1192156874247954432
1525608841274064901
1277819110483689472
163679032
76257183
461262148
137942699
47931439
340470755
64730843
42790478
736511804323581952
1083947232024514560
1438321446351167498
1241469461602893825
94889730
1496286329038065667
105962343
72601613
13124602
115409680
223329929
1390931250
526528864
330723317
4914663634
27008217
808885835806502912
624269307
955067742717136896
27450732
363438922
33373698
4898853519
63532307
768199241244217344
54567903
1390626922309332999
1143898731894509571
1185990590560907269
1250882822795145216
95433357
892117136
156056153
2636196581
81593903
79711417
1093212008
18631980
53195346
67895112
985210258971914240
1509917033454047240
64810427
715375007
56442329
159718364
137863193
16595668
107439139
1484977538266976263
203973686
22823839
1054132897509265408
1169702460266622976
278261056
170206422
1630756729
26573630
1429487894394294274
76022404
35357293
1501657674391371777
825337360292442116
131285084
63279367
940298568463736834
131494231
16883741
1495731893815414792
1139337845238325248
47776080
108637786
170497442
17896618
1378532072122372097
298083501
820638337
60711689
774469015
1328348992858710016
42303406
1126308407743586304
215423813
21189671
41678385
2246205219
52284044
1303117747279327233
1609355642
128418531
1448358887309070338
792188105742835712
305253319
1432299454930071555
57161717
196780891
69569602
2165665577
1149342647393357824
1395125217685655555
19234257
24451195
72468862
215776349
424877999
2334198433
27121799
1326147046341009411
131994647
132668301
1362536497514168320
279742593
792896009772883969
153603512
55467929
53901706
83720016
201887312
124879030
361646251
3324267797
60752106
1492860935823835137
3108275990
75348255
997084376453304320
15716894
15416900
1484268558775459840
68795532
73875574
44989585
280538979
74626990
1353239521580748802
1521826846073102337
177671674
149789964
1072245432221425665
1491425134560911365
322551079
149159668
51593192
1564441850605346818
26042861
1254958425534013441
22197767
2780600404
362556265
2991833872
14178010
1443395854077992965
53754829
80779349
1219443836956573699
706629892
74350552
1263903790639579144
1388989704205438978
52198105
44622056
28826635
1504585103674118162
1524054555645952000
30829981
887059950975025152
1443227901919440900
54270728
1434186086109093893
1029847332161048577
69801904
49959610
376997244
1445144192360013829
258122827
891761777423372288
1005603515924959234
144134888
60174364
621544152
27285559
128532250
52761226
14357628
28240232
110688963
4899362357
386233399
1502034708665876482
176301500
1027366660074889217
1485912093773766657
232856292
4699948116
1373950792483414019
900895731166228480
312610270
1049437974931406848
1056021125753458689
2177060390
51778575
16631711
51502761
1500942453716795392
344523098
18222826
95303457
428993401
69938974
210258990
1195407769
238771880
35021879
75471043
1241132361741406208
188727812
1495232590340571137
3092052842
249916641
129864698
467626735
43470333
1031200865531686919
1241416484049518594
1269813173135212549
40265572
40125120
56850119
53418338
3092453777
35344924
1117078613558476800
704813885849772032
58840546
624823904
41838450
21091150
29353616
1855879927
44376472
1224280911061098497
1165806361390845954
71581273
70180456
58264264
68475360
361189054
32411283
46611511
2628977602
762199440
851917459472953346
38950971
239582745
2593187235
159623184
876670008696463360
72180781
962153430
169964377
377681388
186240150
16419184
81429638
32605296
82690846
770363245
797572357288263680
1085534450723811329
338032657
15165399
3184019711
51658990
1476730387783200786
2278090306
127430417
57469889
53520976
36060786
1172915028
177423719
110545803
1045322216651587584
26482718
1078327421269671946
351941846
36292593
1165650207108927490
1201323447189737472
76746144
45911335
65015218
84912815
2910826179
909476940674949122
1461020876
2603992077
220978370
63057498
103318802
1354581612567080961
53837522
1426541853965443075
1083769080740564995
136118232
22283171
19760192
1416177350958518272
1285395012088365056
927878114239184896
44141697
636324633
1448106965599723524
1279114797737541632
1624348146380701696
886076076862169088
97040998
1542621577468067842
1618384130089041920
150506691
1639609939562754048
20714507
1571662592757612544
10524882
53535856
86780048
1528758095177990149
1468609804315017219
1102022492
1310679652739014664
25623360
1578509663708090368
75347026
16463363
1374420428286951425
1479078276865871876
924930091490127872
1356349852800712706
1066807912948031490
1116685225
1238970613944987649
1132127652310134786
1083157047410114560
1510990551344111617
105734289
133785942
1020414994356342790
1180144598980681729
72911970
49319290
42441379
1143484026
1227247794009837569
754099107065655297
774812198665412608
903110053179392000
3142316351
1042236645888729088
1065745997391949824
120556049
3167424639
1284261394012082176
94453606
106175107
29012710
2662408269
65064890
959088513705799680
1521198641884577794
164142088
114557133
1525495336155992065
3416510393
1457020623264358401
49370468
1502013846818598919
2429206439
1419700146632286214
277321935
1124056776494788611
433754460
70580362
111074714
1480641546278117379
28692412
110971465
45731030
1546682997805649921
39433051
33095549
2292723808
133386591
146278722
17870916
74459862
165895398
8205502
10164502
1456089487
38329999
129521962
1105625869702311937
262338689
1246640317933158400
765320202175254528
1450105879727120392
1403053161376620546
1113936118473424896
712609120
114589632
32640324
2843241820
68887227
37229702
52809507
36748548
1138450853415796737
14220748
93090759
1501712911953235970
41596144
23271837
917783749223436290
1376691976293253120
52293604
750860233413632000
763591705971089408
57435440
86334891
263341227
15817024
2343950340
20175601
1181321981469368320
1531444539814297600
93867480
130190259
1507006039312330754
4879770053
286417078
1438575359939813381
44791609
88483183
376934289
22402665
1556361742158004228
54100700
1408410275343220740
65275699
812306339674423298
3436120270
100061522
1510997036149190660
38803932
1158075248228601857
94873433
169246492
1237893239367176192
1466220101896658960
976976855294029824
1298654566049873920
51215029
4149435927
125038533
157873755
1520589962558775296
767552771390316544
1027978531127656448
36032912
32944587
37719882
848956139479998464
233197339
3340386171
67465975
15280766
255050291
259739961
295444109
39328633
701754499
1083694451296485378
55858152
1148727599604088834
304528331
120089980
144635784
70131380
749062187927343105
85382677
1178024546982645761
56433569
1144301031167336448
1166045047655153665
21232907
1267390680214777856
276817620
1395912818
1552394271025758215
1637948594018820099
1600905663064023040
52277363
3083974561
989446997504675840
2161144635
39318256
39773060
58564207
809604188
526732258
268318846
61850588
1377716982741614601
1532472161478262784
121456458
83347207
1493427340654821379
1929283104
1313545550063693826
1270396559709143040
41489253
44069204
174681064
974668954991022080
112563459
461409440
1385354152457523209
388371260
97210037
137263017
1415383504297369605
1026361356
60721389
1503336938035683330
1465460969023361024
321087682
161696522
533213978
2474471474
1500668838513295369
1685316572
176422305
1559534510278066177
801099001
1023704124502753281
57516089
279854727
995415057151549440
18688345
941786665
123597790
302868986
122068824
69044546
23419195
3047259108
1398725767
1557763070470098946
1539701608262631424
1080962184589524992
1223291184312995840
1433022265306849281
831944488323002369
1010744431736127488
796869930884988928
577272846
50940759
1515105811210678276
3054464278
342815291
70573414
39606505
1479336710471405569
1557801590978928641
40077877
63314335
14720294
74855225
80142139
844744874784182273
1486058855268294656
1179611437
217045747
1105077015445676033
271389271
877259720356188160
89935781
2800760978
42675914
18462170
326289650
12980862
711999783695749120
870806004694384641
953255567371522051
1434030049
12788292
81907987
1088842735824617478
22817930
261877513
1170857409276973056
3318224434
1363359051757875203
591814768
2849156723
321236518
40250625
1518021113627951104
62180791
40128996
162882787
188123214
1310984939895164930
24875696
232428591
147975890
141333818
115388599
1257526724918730753
16919719
1708691299
14409620
25700962
3551115917
2910102790
1052381395430064129
38977827
1276169842693898245
1514691246643630091
190522323
1361343667546574854
98392613
981780385393672192
239014563
32208377
56619506
4831354215
1177408779534647296
230619364
57164481
747904767997976577
60793478
321072658
35347445
37257905
4339611
944231537737904129
46715953
382154856
18961294
241303038
1385751628536549377
1457007745283022851
925274700711911424
289063916
1272692618808434692
1412576398997442563
1512485413583310852
1326976983507611650
1337159461283237893
42611569
1858793251
34991437
210473173
943181215066132480
21563281
47395147
55105195
260463029
875559397333880832
24297173
597862823
24731914
41444151
78433496
72731619
77919101
50478237
4113899655
48767113
1232764737978556417
94093832
3051293794
758424
1287779870517469184
394404431
1418019067978469378
884528267147038721
721354011333521408
155699174
2800647412
577290017
240794850
155705009
3608971762
163312074
215484230
8478452
1518553764575203331
1420869957609574401
4706720667
39260087
27735819
3791759417
263703054
865567426842435584
60938683
101251849
993498084553515008
115179380
1058131859547275266
169825640
1204048772327772161
58632751
1484727088053694470
51507756
118122013
4250812918
898599388515323905
1382878304697516035
1335317942272188421
1492477695493652480
253405753
58488371
1254619245075484673
56807544
14607119
52028376
41286470
1010227483499745281
1242419996481015808
274120838
32722764
439556141
206514765
1949892325
221759428
192781620
1458097422698270722
25834900
1194585649749340160
108373246
186612406
88919496
911396675054374912
341007761
1538013908
1499101156861222917
613207917
235618857
95674345
296472897
1053075109781667841
25042231
58553366
104624394
1475262553832017922
1016420613722910721
1224756983049441282
35339893
14673230
1436425647577047060
192693388
33275504
17194551
1436365421326778375
23548095
3127024384
33403987
115102624
1548622584
1092893065403080704
1427437341522767876
2494016282
28030497
2582573880
1548811382359040001
3392077413
2469641659
19181377
971506013105991681
201906421
1481231046574227459
791469621245308928
1377672015679787009
52385804
17624650
130210648
186990247
153183409
198582342
762464802769809408
210522869
60516925
908380520005992459
54358218
40296699
120956551
50335822
47375322
194575741
1349862571940188162
55300526
38227599
159182079
1501643442018992132
1538711071011311617
1285587461457039361
1455013702462279683
59182311
1077152413243662336
1369996674454667266
755497239339040768
142076686
1284723506262024193
37242569
207367277
289502536
1029580843478659073
794982607977070592
54194322
1525254306424930304
1427609038087495680
1423459104018812932
66423697
1538530337520766977
11352422
86787630
62842687
42899313
187748000
1062442246329507841
199249109
44300313
1270377804081831943
143234746
1400486826071269378
1502004812333920262
53179056
1531819312004071424
1168962695397330945
78981359
3165806075
45872921
1511117622
97543299
337596942
1534256484019802116
1531098376149864450
1319055789718446085
1524942793319260164
167597372
1191452759016513543
84133951
1515879410599092227
56476770
1546305797013082112
1311345161297948672
207123161
3397405059
83038647
857624090936528898
98478098
1282089150230003714
932363350142570496
155756374
1542339013297770496
57694779
488580912
67418205
61477367
554949299
45917797
30893561
1046403381013561344
48165358
986660752441389057
154718360
1164893212592525312
52279685
403542105
815100174284587008
1266512796797284352
125441306
17222399
900157935933947908
145052266
925867829508919296
1519798261195939841
1181046980581220353
1419054110570160134
1188888550797959168
1296580693678579712
558984191
28383554
34682679
81146737
22912995
316775437
42027444
1392139123968946184
4855694277
61766850
15410917
1193012271900962816
1360083179428798464
256242511
131689007
26685179
79636926
911584367658590209
1439105270064496643
68819250
201285499
55968440
15184991
1426609893243510787
1386754691414036484
1256367354428248064
222169845
1531624021791481858
255040289
1193255450923458560
107866461
380335973
161009444
882369252577169408
170107891
107263498
164553734
54610544
53714709
879859952411697152
996897771557982208
48462578
603071850
185064519
1353599250987446272
1492892236266287104
1538126289281982464
24784054
37530699
14465338
472033751
22369005
54813329
60743669
228932426
1483142911810322439
28988891
1262598268338528256
1543884673352634368
158864362
221199280
327436826
9182572
1013513327564218368
48545208
109812481
1399770920592478212
2192767186
172616260
29429324
144012689
65126460
1275911096562573313
614346509
252320890
1959923005
263168342
230560129
1519869208691105792
921147132798791686
79571444
878081029529063425
41360063
147770692
209685597
180048035
113988684
53824022
185916083
41040968
1503554418452672520
82927105
1061771274
1488654025381879813
65379760
2185868452
1345211905389031430
45691554
178954089
1488167328416247809
74863129
36217270
20394954
189502783
67782189
455309731
561378570
99592122
16241906
3371399722
1373093564
395241923
374047052
35552367
122511235
52792186
29120161
1184589840266027008
459485252
1456387818096402436
17110057
709851656125607937
14533430
42225288
107141974
1194700086812577798
143443643
1359619452594245636
82609596
111948040
1292511503023775745
52127276
26676610
58313813
19826881
73355367
1252284440140750850
14418146
95291719
59237556
338741457
1146224463698173952
2412633505
1527450785197481995
57110248
155337308
37416391
53689025
21173480
349189269
40956930
805560831891095556
1508402335579582473
4658229934
109409580
89541789
96803788
784561556734504960
268526912
18293936
1542354928789774336
1411346000049016842
3015715089
119854106
130485184
181289811
1473484414910976006
16539688
1213049956732289025
263324217
1207122232658604032
19028427
2293930728
41410205
134858135
258238565
388030398
747558114
92360767
17795858
90310598
3140826667
1487155557165416455
458022787
106859192
240800341
482978541
1537474637059211264
1252637000768905217
95097186
26815618
212382294
69063653
469589381
18161004
1112085485764182016
86454721
1535645455073280001
1255829907164323842
1452636124363505670
1372703324840071171
978807356
78992868
122457416
70319887
3342200187
1458157064656769033
34403335
37793342
163115751
108533569
193385657
92038842
145613682
611125081
1537147032514732033
1495726521746661376
3294273237
1200023542349389824
1183394074528813056
169735732
183990257
466526825
106129983
574953733
123705159
1537097985124868098
363978885
49101673
156005882
56438700
68293188
121933503
21210064
122234027
1003868968304742401
259986546
942947920063500288
1486764422953590785
127882319
504778289
54378874
91330998
1036061084
877732740
34734859
14332795
28552134
1228429083433996289
57531053
436858772
1074703650746982401
66769124
596894572
867828601604984832
1078132260
73956998
94878293
1221098766163501059
1295436796852146178
198408411
31047914
54941151
124819923
491279660
1032820485376159745
127004849
84400726
3380642199
828396165024591872
75877617
119135680
52232959
1196175591520849920
1097474397387046912
141783919
1333091179253075969
82998437
56520516
39431538
1510631268
1524444623233556482
253476014
62080707
110132295
1161720885314764802
67750503
989969614166724609
1355608752523800577
91395405
41684303
929805953398124544
12895582
704143522329452544
886232838458269697
17033894
192274167
1533961976749207552
906138272669327360
993047149
1486411330114441216
747782134723653633
163190874
23961187
53120860
881502149036961792
176490337
22962989
20993151
4340866395
57194181
15735007
15349705
38730119
44512633
3068314774
1535756130
201184908
991084486837325824
73493771
43030622
495467091
757203159966244864
772046089860030464
53443203
1469080378191273990
203809353
378817364
1102669480621150208
95227758
1578587463064461312
1107689635843592192
38935859
1193525651371896832
74441013
265214746
156769386
1527304717495246849
52784634
884955921239113729
130915513
17753103
210891010
3932694016
893896843725295621
1349507239686639616
1068214111
53569392
862336064
1214025327439011840
990576801335390208
80773885
106917164
619955507
1211899124594855936
57559760
64258447
423985972
15740394
830547658922135554
46486358
189209323
831922788
2939461979
65781145
885726991
141966602
71877526
1071949236437172224
51931982
1215063325144440833
1311192407195648001
1322135220645208065
744748393541570564
52482917
99806444
62972684
1059597114538377216
941133499872038913
2380786430
151088204
234804944
1305830564302336001
361630031
624373593
37737372
401754602
1174130907298631685
278798555
18029228
250763087
68016405
118097657
62960653
1510441217510846467
166976373
1374904291044044804
148029925
705357016
862015404314685441
1511186325290078213
54459099
587553293
35315811
22306773
415925422
607169591
71909361
62846707
742558764407128065
1196211434864156673
92864628
754311384
205038431
83372620
895103412043481088
546230403
160273726
4186571
1245123712782929922
18202406
49883959
51405210
54533123
16564364
1178587070345949184
98525838
152751465
162937441
57918742
1159286265503780866
291407677
1474268484611813378
96819711
1218263233590710273
1291907501592580096
1070402868937658369
879696904682123265
1379868855091261441
2271194490
1412952727437684740
1692179610
1069909497152446467
707940941164900352
303316635
69958390
1541151943028088835
69261819
146665056
1530217818196787207
245395381
1259191250500059138
1482182326620758016
28720775
89766277
1518715853151297537
323528575
14827952
227751348
132987602
178987090
45186452
24693100
1093633080286416899
30412581
1432323618948763649
167933536
232330396
78406325
1404134331480748034
17797483
14322608
83494348
35077371
1421892500084637702
69958131
1231712993446154241
18244815
4280297357
965019043
406286086
3400905244
1458774201142231042
1386462399482449920
17546422
33514428
46519510
1345528498463645698
1175001457084588032
149944097
1389817182255828992
88768546
108744089
64223451
1259125591326052359
1525685173647466497
14291626
60161613
1043710017638154240
1432486425321213953
57220858
2163464324
137900701
273087071
573309143
1240086585141538822
56002234
100075071
1441969291654430727
508801977
222598937
99390516
356717391
1708851235
1400051567139733505
41177838
1308158267986714625
84845096
171189044
1546182211002683392
4735582217
1518547274816704518
185044479
137777595
758753899327131649
36904504
295630469
17696815
48681453
57017730
274077339
1215298076430209030
1472953480365158402
1392966450046984195
863637164420206592
421258780
163686818
1381623881585340419
211921444
1266994139390005253
1077556700411019264
1193548619758100480
1512102018042712070
15509258
1363873694565752840
1296257743335104514
1525599859784441858
99023218
740113990404214785
847569672044240897
1386057345344720896
137155875
47669029
710092010884100096
1250970400726700032
41884407
1254905639274512384
128413740
1241921360718434305
369197628
49692403
1545562728433074179
1691766446
204463492
953899601878282240
92572410
943142475723624448
912469320340525056
615408256
320375487
69117657
14400616
149949481
138176653
1248764628278050816
1486609765
70424635
1293879798998196226
14505497
1189470534486183939
315606422
142325755
56815678
229496829
56755835
1485968066412433411
136480359
1551898940278185984
117884071
1230586376879513602
191466679
72816218
415073795
17243277
1530246044335976450
279721808
24129486
99162230
248412116
3415267547
460676470
1326011333813424128
253149282
1448518024718426116
36278860
14787132
38795016
152817897
2597327108
15472313
58802958
1266526676
104345686
778434590
182589764
210150031
733487737047764992
35662662
46994938
22229838
158160208
256587353
192287573
1421546365772091397
938231298417668096
1609011835247771650
1307220420416942080
1520503546076143616
1083617072960192512
69866950
4527735153
53755255
74256272
52912420
60193594
92801848
22223973
17923457
1086028955159851008
1586815921821204483
1341085558467117056
851603940504481794
37661495
1263916122052743169
2181912906
1592328339422937088
994006386777444353
92607517
15774970
72927001
1316177626864779264
1281607066872930305
1626400317456744474
37055387
833375540342091785
801458744
1329213002051149824
1219445803854548994
1582298865176350720
1239382736638443520
2375678120
1634311443674800128
75631359
251927511
122422363
1371650307927764996
2811297208
4505657494
979529557
1080796663785156610
95335083
1559509033605861384
604716918
2983995041
1306623615283101697
1287934550425907200
61096856
40325461
791234712190746624
260320908
750361484446797824
3132942158
35702601
1248799417890717696
1291992388630700033
1580643339816378369
1199897894926667778
33166929
17121480
1618400163533389824
80162981
2799991427
278682809
16574781
1567240674595971077
1489588254554959876
835933935242731520
1118265277278490630
43089906
249481416
1509563619553554437
432100798
45856791
2769220485
1320584490
4805084063
1296102850175602690
710640026728660992
1479028429517426688
41942290
70779321
95315910
1449477116177813509
41606422
1535388369064189953
1597828808387747840
51617816
978876809793204225
160931499
1594837052469682178
890084761997332480
1408185441229197315
1175536929397452802
1619054103673376799
913996048829419520
1617179580376154112
1289521134224973826
1549121458496049152
263382943
2531169801
808033890397028352
323976507
1519792965895475201
1158832654982287363
1161908007690788864
1303206099395457024
1629952656671137795
318056797
200775207
41178908
928252346131509248
340416719
1494735032820416522
4311876987
38690166
1595186986188406786
1281379288537858054
731678200091312128
64820787
713529201157095424
1059736961307545602
1178320534913896449
1436182443355250689
60009256
30579573
2950225043
4427189891
65488214
1188925900739563520
3524783957
1259577591591288832
1496833318846873604
109637187
94403898
707239627795652608
17154660
220666087
1468192689120284676
1243426227597139969
1243380420139462656
32792380
1464762980680318976
195863790
376390786
1267242150489657344
8396532
1301357163315634177
783255681830879232
369782886
1259324253092155395
1244110697891614720
1496820866642059265
1051497585163288577
1535300952869244928
1361751431167025165
172562277
171748819
232009730
25521872
1628136073812447245
1230307768223109120
1360706271545016331
1317419543439069185
47481601
35410801
1622144738173353984
1622343286005399552
1623057239312601090
535982559
121580683
19812925
54436174
192380928
1497161384685182977
934814916124520448
1583508252544966659
71423120
112183900
1358744887659741185
111127866
2203102213
751049051878154241
714370956563783680
3003879335
28356964
1283373037279158272
104202366
2306707293
206677845
24214391
3634982781
56919215
133689922
67675755
1142915606653673472
125509173
1386041017955233795
1547758833732161536
1500957906325454860
86532411
3069064738
343894810
16742912
56136020
153095286
120581765
362637946
56715581
121802007
1253844902070419457
37005083
167249827
130598663
75692588
19246890
32246767
67978929
937152866732691456
62305231
1384656179712901120
474335232
1191701517927096321
24763757
95407715
70732230
1431356038691819530
169601886
1350044105494196227
497367354
75141101
1558479914126516227
56518133
62257886
148573210
140906602
2845855215
1416418679038808069
920452835720024064
959723201566773248
91025970
3586356383
15384035
1242564268706467843
34975846
1251614178097483784
150856715
1191808401325666305
153240430
1314186824894611456
141736803
1130958602171293698
247861366
2602508179
2598544500
88519851
53276640
193675068
14407625
201580498
330009552
344445817
48025888
51565827
1498453158967787528
876205295126622209
339314895
238388733
256966844
1406755881065254919
1494188158375936002
107799831
1505667160491933697
1473751657179754508
91650943
1303296767702827009
240295245
1351415045058654215
227886092
1560377161751601152
79717192
62411415
169142580
85631214
1358483278471258118
711490202
103847025
1116053458149412864
1505332128975925248
380642247
313344675
23362781
991090809578708992
1483448892582776843
208747852
25018330
88499540
1116426418693582849
81713344
86765582
1551319023308226562
1451705446616682504
43731625
1369110018226851843
94135845
284050846
1564724987109511170
3356054579
1094085844502220801
169875481
1542053975561756672
1253081408
52058931
90432796
149549617
35283872
54642075
36254443
20860716
70141650
985935970569768960
76745119
101355768
209026290
983751213794709504
128898155
930915343773650944
35285339
52273552
189308536
1274464809317273600
305061477
36764360
63874707
801238274
1445204575053561861
950761322
1191684534435270656
1519123625655386114
128606259
93007074
3381522531
151581569
273165188
42797578
90423509
255956055
1272972495147106306
57956598
73700105
2183870506
490592505
51554470
3031518893
1380741975624798209
1243994337643552768
889984327257378816
836754112918192134
67373134
2149499377
4637666176
42881764
164469249
309928447
22576338
1132614924910440451
36873004
14099402
85299365
32969058
1403610381583585280
1443399233260986371
71420011
288366708
15281396
1472609589027815424
320993669
971661428
1480670744979849218
98003657
1044216397000257542
58512125
26646141
82896355
51420427
1500636171344429057
1148403612844003328
1572325762316779522
68501513
39741096
2165440775
769999716524449792
1624462968401412098
90634545
27775035
506242212
37755734
1296082896
252856797
2886881374
1138034422500999168
24680242
1526773456091627521
2575948577
832417952150454273
52066918
1096988393572106240
123424978
1350783088180269056
310587061
302378276
4879822018
891581513502011392
1283141918227083269
1597020999718998016
129329814
136452486
1613027815
275680550
49793114
1151600272793395200
286239066
161775132
1524079365377732608
56557174
571770240
1177985291954671618
91643389
1300469042629750784
1564262578787860482
623450310
71908170
56213893
240504288
49408808
2571909060
51884947
188504557
810091443851296768
33408575
64535570
2241865116
14789646
77193729
112204969
124078131
77288935
48412931
65237479
1194339711722151936
276270452
897956096748507138
162191550
127906828
195462993
40160183
37320725
57834160
997906532053512193
227563346
79282891
47767246
46930767
1536043849428226049
31219591
2345908771
1122949734929502208
46923467
71123191
1448773278827417608
1955171035
40146795
3327709437
1278356881908445184
42486967
183268671
44248480
1465105120744640523
52925839
1148974375330287616
162679441
1112676404540391428
179737321
90012553
1482432073919082505
1408028111699124229
1555699048857870339
1095922038110330882
2888593715
1614987840642842624
1133894858060509184
44218384
828641069759868928
1634289471909777414
1593329337918492674
43698189
1007302079134781445
269594317
1298767276230037504
1627048204834422784
1333938876021411847
208762396
40281415
76238722
1457453364577546241
519934561
1174059294473539584
245022158
1482876322368081935
1536497243724910593
962676756
1325057589521100802
197906460
1104215698140733440
4025865238
1395150792152256515
57388401
35540017
79796496
1633838685287481345
201027429
1273373250563735552
1356390063408558081
1516541037384249344
1375202371
1602879245595906050
923982713304109056
996765713103753216
1629966450654863360
1051602687790379008
1537089116172582913
227811108
186269601
188546346
29720850
419808548
1592288401339944960
130644837
1175188165340147712
916427965680046080
1545571816760025088
70588650
164012275
54555773
1034635618146562048
28893979
173819903
48793694
1192503778865537029
986686892598054912
2891363009
1255393526843617280
1625573196
59767989
1551729406770569216
599682601
1276930040496873472
1078716242549239808
1399774254506332165
92743535
14846477
151564993
727476173744312320
9232442
1649175787
130611802
60594005
1539575991391100930
14579989
370291139
1144633043958849537
1362402719802290179
137700432
1587244914965872641
70696012
1607416700391022592
1325826314092285955
757467596899975168
161087185
981184644216483843
1055181639972777984
34431017
19145766
137012395
501177937
1551047016914030592
30699188
60547295
954075099765846016
3431445178
1363964407974400004
1616504401388048386
3007828336
3112052116
864583851527598081
116519092
16509549
1416710686378504196
1354522821100232704
1616207969334530090
2464838629
3378841539
22865582
1605622381111828487
23882685
2446325420
254685736
756868178102349824
35833038
1148409351167762434
15103345
1262565328351002624
26374504
1621457475160489984
1203680938745638915
67887710
232582153
57581510
2409293936
1378042459461185541
62246590
1304357571298557952
1608610166445948930
15689027
168169793
179691238
57074720
67989740
56851995
1643083786127650816
