1443989242611384324
133848455
1146860875
1060318682780483584
187356206
64727308
42027444
191040242
1526383393
73493771
1536492515716747273
880403212154658816
130271934
337408358
1582449414689390592
264381178
64151080
1596170442900967427
56851995
167281734
1244422242584408071
198621311
1520408693497643010
99143055
161696522
272093073
149679560
909136642216218626
1247336669889642497
1439534897878781955
1399845374286774285
1485394721656774659
274719530
240800341
1562050022480531456
258348394
443267022
1235340852370825216
1433149665382387722
1216371180279648256
223953749
1199907828619710464
1315196189231509504
99741847
1515962252221894659
127402450
2423958642
75827450
23726935
1524129450027278337
114287430
790632315038859264
958851652018196480
595755969
27008217
3363592053
1544086903342915584
2288985993
32692633
1538007773694160899
118219160
1317895406483898368
842195921991569408
614455528
750856581579935745
1533645418998923264
105939984
40071096
281130563
181241409
1214788498886217728
1432362293040459780
51159666
1318388007578357761
721819798741610496
979942389619011584
3064409817
274623585
218625907
51294408
172804457
316775437
1534662849963995142
83494348
1074706685137174528
190088556
363756106
78617110
52591649
4715652562
1329051085957427202
1463501695099576328
1489323860755460102
215596444
1523158102287212544
339186023
1450679774431649795
625134926
62210806
1393595474775531521
1488708967136215040
1126579220
1275627429244088323
848555556780613632
60100946
782391607601528832
867828601604984832
1389051122640433153
23946358
1521983892475232256
70029376
152231471
191586485
1435770352899137540
1264343123662196738
150072468
1557346822817026050
1562943474412187648
857624090936528898
210608573
1524231215456342016
51430514
124152372
226997479
1380626609405841414
30712812
1594003062
78184731
1402804587229237252
223885778
17121480
1482876322368081935
748368526193401861
1000348665654005760
3371399722
269594317
1469017688769011719
112429881
41709648
2921446067
367910036
4857297274
1524758856743727104
1283394353835192320
145482892
1586341876751339523
2879478999
4849770465
