3790859177
215596444
79170982
78507844
2937614243
1439105270064496643
727083578278993920
1435327350275723267
1081178740443488256
3237120995
1540377865992212480
69044546
79579194
68256685
53569392
207624102
64321869
357975292
3404349807
70141650
35897147
37527117
45604167
1019528599207104512
67344026
1058746726612418560
188090798
173999167
41838450
15430166
3140741175
159698135
1245137840670998528
54688035
75348976
49668165
499008322
1526952397607673857
193498856
49847593
71877526
76763647
42027444
1483312339894030336
14957446
1038848254304301056
151564993
1222858175814209536
1533092601427116036
41383948
338086978
72549336
1268361139802472451
26446664
454419733
14220748
71059141
1430477006
1520236991929110529
66572442
1398481106085810176
167471254
97190766
1242289395425656839
14322322
1898283902
1144009166023024646
1527705831315320837
107439139
747904767997976577
1252020106990944256
1212442683760766976
889335582291374082
164012275
1037107056644423680
30791137
55467929
119392115
330378043
67488292
3127024384
42395056
238682030
706214726
261680073
1233997482293649415
237065694
13427702
330556908
1487592626488586247
2287138878
84072862
69105890
41981015
1516211614562893828
326515857
33514428
106129983
94878293
532607335
60360939
2975679292
51513078
140162480
137788167
1254641502099320840
774469015
128124649
101376644
40793118
37870748
68857374
18680483
51405210
80628503
3407539978
958340875515514881
1477674075438960640
1361149541110738949
39575850
69892426
38230645
61908360
1006668874643894272
69423163
84380408
1260097627
1525901315037184000
322551079
2875628393
43102246
35005800
44636743
2628977602
51200086
1428746458182864896
16999732
241303038
860830506
1298373180348936194
52792186
808105680213311488
209163186
205424578
2405282319
935009669428449281
573309143
1493951118719823872
47832422
1425203223024001025
2549182475
37742318
3288782332
276472653
254685736
75202923
1301482726982328324
48921028
53577385
105847566
783371476829437952
1530702342374449153
1432871198979940354
17331476
43470333
2832089416
46930767
137862463
1473057969759834112
462255387
1293362589922205697
55892213
963890131890565120
1525946979355963393
32130161
73967215
339183004
50159346
20332251
1254103904893251585
1260214007732080640
217871086
245619512
70573414
47993209
1434351578786541575
4022013623
836256916284276736
77277417
1545736218725474305
1076946217752502275
36533572
327055846
226338570
1422629376785592324
501131995
362724598
1518584036884725760
183262010
94092109
793259180299849728
49713441
1304455899289915398
79878160
838084496079654912
4292327662
276176639
859053214842454017
227511517
110688963
37793342
2409454172
74198936
1493195847961661447
1445712049879715844
51165664
854919572146835456
1429398172703543300
73135603
50659210
38065254
2534641401
64298765
100405936
719427905760202752
53238085
3092372237
1513365560947585024
67747195
2343950340
1243703675211657216
3116436904
382899405
487995901
793197010564284416
52271851
69883294
971155754903310336
482336545
3557223568
300048104
1458486751094353925
164920903
3469401269
49053242
53476727
1142679452
1543622817379487744
181289811
1034305670554824704
560633268
138147773
307655659
1525218046545100804
1219384348824215552
574017096
1371294614834053124
116289543
43711008
340611708
747599081745301509
107799831
1253961063076376576
884564927637278722
1959923005
100582215
112446419
1335363092419649538
131494231
247861366
1490449027627995136
29369940
987775424624300037
1560734690490851352
1560726936288169984
1173732720733806592
68260081
274802781
56364274
1500975990604017664
45604985
1509471829743874049
55886961
4836156178
242814791
893237634
51609735
1469675499563761680
1333457260324982784
1626031656661385216
51323185
1482876322368081935
709519694
203809353
1637768499232755714
85196838
1375258865416163328
133023553
1409156289205346310
1437106755499143171
229945618
59600399
1305826813382406149
1313545550063693826
942086743083438080
930458238042214401
553881422
1608575235971768320
1240404284199575554
2214807172
1689590484
794367241
857624090936528898
164890838
57424202
53276311
1565175994838908929
133521856
626687112
95740373
1214540913160138752
4286516307
1611113017697095680
1285595233217138689
752576945448247300
948972294814228480
26255296
1069649169332215808
1543411168018157568
1600710695707971592
1450251914692763651
52545064
905801733347139591
1232683479810367488
2557417559
736976767097929729
21996413
475016963
62135938
2741840722
1469917943119101954
201442875
1602795407851020288
553597680
84651752
1547445838565326848
1301357163315634177
1076106932807708673
1566823712984383488
1437256449634283525
1627614800623677440
70677969
1055509626651885574
38707582
1501250618958270464
1002370145648603137
600263571
1124161190442278913
1389312129107378181
1106611231362871297
626139075
617748813
1086438158684864512
160319650
83636187
30093697
1295863982302134272
1519884887959953408
51430514
2217395033
1037036442545999872
1530897511870865409
129336320
1221573571132170241
47960622
74441013
150413399
1644110526
1097630989625503744
43089906
158612707
114790466
22576338
367270447
266106172
1105617388383494150
10888272
319057922
381797927
1521064752830631936
1262286342
1283974774641827841
369197628
782008051066925057
56807544
9182572
897910690253590529
269870396
17316227
262390641
1433224212
1508214357582356482
1238565679458127874
348610661
177053000
70509209
1592643384
36461415
2566083565
48241841
614455528
1569684972688261120
1026440318
1499332611000446977
1305290834259193856
23260002
132782434
78718386
2812217781
55968440
133426384
46839850
1339986972803264518
769203622706044929
726986230781612032
1502427899890225158
1491193459331510277
45212392
65227364
1197503626069053441
36146132
475362746
3292622114
51764624
1535616306136985601
1507367279339712539
196851204
126647313
1602662612575068161
57020552
1004042981157064705
176161315
2526096661
47513626
1408504297193627650
61348720
29023205
3847848915
210711897
65689092
67895112
3387282047
163874389
1513391481645588480
1521521058066710528
739951339053195264
71152305
106223307
1248757180196687874
74256272
53834975
80086599
1297659685873557512
57956355
191229972
199249109
782391607601528832
85185172
68869541
298271948
57017730
33924730
988730594254344192
1519879142535274499
25042231
362798663
1058412317203927040
1369890652767543296
872928546251001857
629133704
81008727
380455851
999040795515805696
471966313
1446644351141126147
168777624
1543359476488601603
1549123820
1430191781988249607
1193949410050347010
42881764
339933198
995129288
61178974
72904940
129407043
2286818052
1464791308111949824
1106513426774478848
1089403486993899520
784677660
730990120694775809
1289296800
2792552630
19285159
68192000
170497442
1255380332045578240
93786108
71054287
65201001
325938041
37961146
189308536
321236518
909136642216218626
56851995
4048550813
95335083
124626164
1558786842614550528
227300768
1334708936239419393
220542527
1601792413386870785
197906460
254629618
2871970795
1633089175590150149
21415271
2802957124
165633006
1514325833862766592
201568402
1497281568305524743
52879124
42260035
1449538888767258626
1268267424
170690346
3405432417
105962343
9894072
43751626
69992938
1202590858253623296
1194339711722151936
255521178
1242432672116457472
90432796
1499004593170178049
149710185
36933243
1402030088661635075
624879902
1073893430810607621
876599030
17870916
1179243901535883264
212382294
1574369456
1518012739616182273
1475098023038496771
1303722329428680705
1447390879975682051
1179485937643991047
1445082413214928907
1319222805297287171
1008166596454600704
152350426
1593942642613796864
1590511898054762496
1599111334762844160
1398272309283246085
171068798
220849237
62330555
1429199897803247616
1446902967513325575
1327636676361981952
1540462826258665472
