78643930
1482444419777323011
3416908168
58918291
1539053379711913984
860515380690857985
186990247
431805085
51931982
1355246567788326914
355965437
2895836027
1445987552
24546800
53800279
2434231930
1537134065329090561
41950147
38505279
1517325116694216704
334986926
113622541
52886367
432700280
760656771853746176
219177143
163312074
1478854775282311169
85342816
143248942
316072613
938206801392275464
42069657
1015005147389480961
131494231
256525294
1030889176558915589
1476704638577655812
961632584169082880
2834328599
2937614243
125697445
203809353
218943167
1433054534197202946
1295755269931237376
1357528782916190209
226338570
235450909
55886961
22197767
86539609
37031702
311157473
252806783
1110381312
1161459586265694208
1268267424
1119362852480008194
751639485776003072
17059242
1214723098156707840
61603505
41053699
3031125824
2669823832
148870532
292689060
318096834
754073900942659585
1178112799853158400
956380098
2494016282
798723839337316352
1173120599553728512
70574058
40982929
905616875257815040
823206363044212740
55899236
852515626459549698
99143055
1548720429665230853
328686720
897950969274798080
4280297357
1273073085994930178
70779321
2147847767
1238944145118580737
1420013130948792328
3298162567
1298599478723739648
286834507
164763211
69428565
162957667
2804744816
33573451
92010174
18464533
52792186
1519026455518359556
67944686
1346193111240880130
1527521306681409536
56610486
179282681
1255872121626075137
1644110526
95303457
1496289991005282304
3405484779
1479295708775829504
1461908787560910850
86454721
462255387
74198936
842362053541142528
39789302
1521831401825480707
201542440
74832838
41724125
91428401
1627773676618743809
1126268255188942848
1482876322368081935
171548027
1466083474348064771
69938974
84640923
1159973195736408064
47838675
714633397
1444992257363480577
34123254
3081694840
2405282319
796431374311948301
57939373
2583345503
1883578686
1104195590689341441
38747650
65327357
319057922
323808124
1523456444644925441
194748230
168304770
1287460552126738432
308163905
1555974334333739009
139744894
47966229
58711389
155337308
32246767
57525749
1510742808
1006668874643894272
737130188803350528
423985972
1066683233755176962
1271214395511771137
148010124
44815106
1163503718903496704
32517420
2934705850
2534641401
1354581612567080961
1531621040593506305
1439548477
66571468
28014141
1466468590182404101
51297628
27772770
1402804587229237252
54630110
26388799
44636743
185791080
4197961689
1566371944206934018
596988431
367127755
1380685514861387777
41709648
1387242472678494212
57220858
1440756753134612487
1962794342
38020488
936006655288004608
1279435111516299266
207709088
2434380813
90000556
245061177
187380751
261801470
38945063
112004896
301620461
3337940836
162117199
401667415
1138906746565615621
84458876
823622497883058178
38014736
17261342
23362781
1420869957609574401
2307130466
58921547
258478075
51321035
47137516
1131169877279027200
3219741394
1044891958781636609
1524438377617047552
1523469619343855616
135127771
82667426
1515459369042956288
1596084045535903745
831948567862509570
39297947
15281396
1619754188719751170
1502477284820852744
1346111702312615936
1448376207360278534
1620859752669380628
1521405873867956227
1143683443
148814284
27487639
1431304287322263552
166495623
438473416
3237120995
1478528226477625352
375820014
262338689
1544784584151339018
743603805170733056
58915631
162029205
1124741493418332165
1047943961397145600
1476189561109856258
1124842670579507201
1351335583377985538
1390421363194798091
35823935
1260097627
142867352
41838450
2708460958
1217890155429842946
1442327830059126785
1389400254554988545
1351223332537053186
962031988684210176
1552075552252624896
3300469247
872187803752439811
326369034
1192397316138950657
1549062076357910529
721144113735811072
1443399233260986371
180929724
170497442
1253134002921373696
1255962060493643777
229945618
2953742253
1562067724871901185
15430166
58783015
1117195053649276928
1364749118380400651
53411043
215475338
46995490
391721483
1559401709784690688
702266678126780422
113927524
1250550402405347333
57528814
136074732
1560745775780470784
1191808401325666305
189230534
758767661417369600
1222410341566615552
1617287215725395970
1522193375587614720
1633584198719029249
3044817034
2738496981
1233382897706504193
1559865008321880066
1417339053503037442
130738907
825337360292442116
56851995
2726288963
1402319521004859396
1480543790465171457
79641068
52228362
1561048683218599936
1511339658470383617
107543337
