2585777970
158160208
87043108
90533220
1538188316851507206
250852531
36748548
138950210
20743783
302826677
75946968
1175188165340147712
585726008
161894073
255019727
130170060
42899313
24683934
59664961
2628977602
185064519
175268383
36949022
83284179
1445074416845664267
1108178214059413504
2521870481
899658002353049600
914541426423353350
34264727
1489418742027198467
8205502
1503825587739242502
50623843
1408028111699124229
1408229955012640774
1264314412934017024
3246387327
1029152285543342081
56119185
866743112726704129
41719423
1517729733903011841
1463599973191274503
15860844
1677130196
23619589
1408297770
48844279
1053502501
146514517
1233851413089980418
55464613
1067046884
68873878
1306061936463884288
151654030
41838450
921400210420576256
2228574193
60584411
23628500
40545750
1255686515881136129
39632290
15165399
128670508
36362637
2908601134
143993588
601215623
1052571715182637056
844773661
887414447853244417
3374951309
109049442
1187179869119139841
142048515
44300313
942333025
1109945854230695936
24956368
1314752544355373059
58244220
1697271211
1240436414568898561
184600052
121481243
4130852296
3326443325
41894361
76257183
1328512151456243713
71860557
63814417
1141023841050869760
1395070110600204290
145048064
203349584
1260097627
52550310
907346179167588353
583370537
1139525617718894593
1520215560948178947
220301124
1149264881415311361
2254976016
50865757
848956139479998464
169825640
52485654
21232907
336629154
110688963
109844877
122157339
54367271
158065286
1154270926508384256
79042536
70389714
22432003
189643382
53258046
67505812
965019043
1117149295860432896
520915794
76926396
104187428
2847662032
845273957418848257
75706594
1455021591318994950
52751599
129864698
214170195
44186555
23559259
109489306
886982728960356353
70837769
184649099
88717821
73427222
1449752296930349060
375879730
1478401458173358082
87819478
108292520
382668377
1477440766460977156
131949133
1525258815817584640
726164312474136576
981333167515881472
206502111
263279947
3864453645
1520939514826534914
1542302778
2857272280
330685217
57222839
68185739
158963067
1225434518045196288
1244414044536176640
24214391
45691554
62429884
138103681
40786242
816649417298219008
356650866
68584751
888909941263781889
45233070
66571468
982353084683866113
344185601
109648103
184191116
56248472
3131677000
2499929694
14669109
1195029787896635392
132959427
78749759
169175464
42631736
1012317915947945985
141783919
274623585
59157108
280564402
46396662
229697786
1095814462634897409
543477345
4854344247
109085659
195967157
330524658
39241133
343838950
855430412
738484040882343941
48795141
84614167
359509146
99019070
63032040
374559384
15410917
777924609085730816
29306020
89275906
3418961399
794296528663879680
60721389
46782195
38725820
1485912093773766657
3063931179
72342367
57192266
1420869957609574401
1038921597443338248
31443928
43089906
53535856
1242121736960778246
1464175312242196485
1550308670935801857
128898155
1192503778865537029
69585226
33487301
144811662
1280313912437755905
47172916
794081996
490792751
1416915625499414529
710943241588371457
1297223586718134274
1106006683782926336
571283666
15456487
152712761
44636743
1009980493847257088
99361304
41444151
53179056
64527512
18369022
310967159
586644549
1504115320004431878
43917140
109613921
2877807772
101795558
142463461
112903220
76222711
62359295
1092455165762904065
247860298
1513347315574231044
1537429100771520512
1155510773281677312
264232336
57354161
1365092168235368449
48012522
2211380832
182908124
54721899
4873933857
134247351
99429274
458120859
203973686
1617945007335346180
1627483540706193415
1579225972192251910
332476743
736987615807803392
67066934
46106554
848610532055797760
71899805
339933198
94150452
1298596607009619969
115466354
1541761548376576002
715203860927811586
836084679002447873
282760088
1465485125878169605
206211298
175474478
72969086
1419984140515090432
318489107
35052013
1507367279339712539
12799952
147777367
56898045
1322937282
1416418679038808069
3939051
1265892131908050945
794594086686691328
32566212
1517594016686170115
220419072
1011804433318113280
4908780513
1503112200403275777
534588539
1413191489849548801
80410607
3724233975
37949109
329437586
884973446219878404
21415271
1498363951222083595
442314953
99781424
4410829815
415056190
1009093454037770246
1110998726888296453
1605322031599321088
426015718
1259596617923076104
102019658
1412522923370364935
3030249430
143591152
2771934227
1355311222158192648
51154202
78281059
1918832269
252037527
69801904
773293128812036097
1481806068741287937
2576849562
124078131
86169162
282299390
52482917
44932728
157117808
148064768
40125120
3371594355
85382677
26601130
1257776047074009096
26262276
3308736765
15420501
1307314802260406275
1546289366342967296
1208857420480602119
77288935
55590887
1431369113994211328
48161519
752845926176284672
619226472
1524017381282127872
1066142387863470080
52367280
52294113
331268697
3340230375
107067776
1136465742709350402
809785193473175552
1270811140457738242
25704646
38272190
1225505110018740225
45175518
1622303754207764481
348769274
1613197472179920897
1215341028351389701
235231869
363978885
365157869
103747749
82635920
68795532
884729994
218308754
58881971
1284258367414906881
1600347269001265152
1251174104847302657
579027633
391102355
1308057602841030657
1562753038909329415
160949799
14827952
92592258
457863925
1253030950507855879
1528126280
3343581207
1411932481226428418
1581419496337711107
83720016
2768216423
1133815604379627520
78799012
1559193180922384385
29732635
