2308830899
2413288789
50800192
965657854144335873
4822290845
257425127
791768377995980801
1554658140305719298
526528864
1336042317015289856
1546687144726601730
1533498778472402946
1283794088047923202
4492579047
1300208711198224385
1535069224007245824
1474897877130481670
58463979
71581273
1059519024671965186
459332230
3685487001
1015591140295368705
1334200708141375489
1313966560202100736
1290698485579370496
2720697947
776495464237690881
51297662
1550963158164115458
1133081081966731264
27034840
72180781
1534346282805956614
53195346
153918456
59586911
2991833872
1515129011189522441
148573210
27566436
35940234
55463909
1369912872
221759428
218625907
782391607601528832
84052703
1500638229128753153
1109007224
773521090731704320
17842289
1505728351721431040
1133829143861309440
1518532495670661122
308119572
1276860184560914432
53748964
392810037
1411761040921092096
255531425
143225253
96577034
408130226
292976465
1501940188250996740
174726387
1343656146524106753
1235513679757615104
859111550623387649
1423731472121438212
156049334
1101214225626775552
1338129926726291456
2786057416
1381980799831056384
241533539
284058920
1351148295012425729
3033548951
318228108
1182814246310166529
1132133699741454337
157873755
45235681
1618254408
3044667964
366148261
1018241704644763648
718623140855865345
325854544
1518908815009329156
921364987129532417
410760828
3724233975
272000243
981408967153930240
52560164
4076513001
1359619452594245636
66867484
1248220145417322496
117788374
990016218403926017
103806332
1519719287669276672
1519779641250258944
298651149
1535571456196857857
126039340
45233070
3318768405
87819478
1306085064
1274229214183673856
2993957515
1276341342
1222410341566615552
203973686
154241961
1193915057740095491
46155122
983158820217159680
70763776
342815291
1245537117494824970
1429642286615388161
747802270423728128
1051521099861774336
4438539795
1216999831
1525063931064115203
1391624474122928130
975047028869918722
83857340
15410917
94602545
1522416890227924994
15659203
1177005181541769216
1259555882347769858
1390631078877089792
1538575484363149312
47832422
214562966
241571903
128243073
1526754101614333953
345923803
1403541600014319617
410834589
1447310053766221824
2774956546
14350111
91228249
1529952872686837770
931277060550680576
1270720282655813634
1197503500084764672
34123254
137055378
1097786900105048065
2713527322
55909800
1204870873414549506
1549955108489797632
100374829
1485317993835995143
1627090632740311041
1624082012951699457
364421303
17115964
1283129456438267948
1590813840987529232
1225860773051760646
40917089
1455240346296795147
1569639652260446209
1424725634765541381
1377673259324477444
547453857
86868691
967061455223783426
1065692193019609090
83256959
2773047596
1538769982363942913
2820942663
2982747843
1542281763862503424
3350958652
1525777931624189953
2223860654
906509749
1477369559623606273
1550339974867861506
16982569
391333778
822665821306712064
80079364
83940489
194046354
759544449915650048
1476326754574909440
230251923
1598180829544472577
82287929
1109114482872254464
1264702871809003522
2577597908
1476767480005730304
84571881
1482876322368081935
124033381
1133737191581061121
1522225281011965953
42541553
1074715205639303169
83599815
1575157058017558530
1575615103579422721
214253846
2505437941
1012015480146747395
1021802206176178177
517816540
335713264
95934216
1327261352377847810
190623192
4047390712
43080440
1051577618049454088
274824683
1462564953647456258
1489826729988349953
1427636239495221260
64477391
1588302022155141120
724106672264851456
1046745940202270721
1484950205929771017
1321137076516065283
1259011096138133505
197554331
1440462452483784712
1398938089255587847
1122679155370483712
1295843997395619843
831836683830169600
820826820115316736
1305357132435468288
42110498
1500189122744487937
1192920273449824256
1482685735
517741923
1211308415256915969
1082657773333159937
51575500
2892106515
299196660
133597590
113115757
126807249
57638186
1043897510
239618281
728888856703963136
714633397
1441259361527951369
783027805659496448
1564621412979163139
1645267265976258561
232093850
1270304869186969600
61178974
252806783
1525995829814763522
944100184216260608
1147158493302087681
1143647520037507077
1634323547957915651
1370098641050992645
246326445
108892006
457884263
1275963998073225223
1382784640080080897
1305826813382406149
97080310
1400272296690995200
1429505332733169667
1393505043710717954
1567219851592142848
1305019134732890112
1545571816760025088
885726991
227456866
1335788784798093314
1521354594189815811
1230610292985466881
2935444570
1441638115450318857
1214721947067703298
1058891297258381312
889204607548878848
276270452
138597946
1540133988194566145
1014282328829497344
1145508420004536321
1057288678920339456
221693018
379739211
1460625008846376973
619346712
1498372687445569540
1476494684021264386
711620550762872832
1188628697366048768
1328973221375471616
1420257025804623876
206915817
1282345225994883072
1547815584087191553
95684648
371874313
330556270
1546196386840027137
1447893742766206985
608667796
973566042407690241
288732031
67482842
1056901001217761280
1119784163618504705
1458452998255005699
887035232989446144
1039271264299479040
1460385948726923265
857624090936528898
123987522
1522533992951595010
742082823205584897
73183704
754073900942659585
80692778
1351908391564824578
1350110199005274115
1071618782144139264
1332830746101362688
1541079598707924997
1539905218560888832
1384634090863874052
1485488776625459201
1521666931857756164
2583345503
760287586422231040
313947284
438473416
4736032516
758767661417369600
737000383
192283229
1439534897878781955
1544125421062684673
1565097207069659136
1136128923580928001
1635724125086908427
1171172654881153029
1237381505921495040
84728415
751233364347260929
68262605
1630161968937029632
1636323449713881094
32792380
1621925412442882048
1633838685287481345
1402562396078723073
1508959939510812672
1380033273812942849
1541852858898841600
2645598697
1516508434560135176
228189756
771217566794600448
44836249
165065280
3158149418
391358045
41479382
1179944118950256641
1346926865274064899
1536793527505534976
183292706
1015949502
118704127
437736892
163686818
282303911
260054117
318421849
1109607063947280385
501177937
1608613584862339073
1301357163315634177
1597389979784822784
1611113017697095680
1539956646436274179
1219293871542239233
2196238149
555563466
1432372524139044868
72339424
1279435111516299266
1477515059186311169
342310228
1514399624731238407
111064481
1519787566446354433
1511557871754006533
1499814792764313607
1542893816146960384
1167132978335670272
236833250
101562598
985688810980864000
1364749118380400651
52304230
64727308
115722934
210227691
147232996
1534376776566177794
1265765254425911298
1525606074740523011
1421527293336461322
164920903
375820014
508706735
2165665577
337596942
847879189
55619560
1551888842361380866
1378726668936810508
1314018548432408576
1555244044841893893
1196941293483626501
108292520
1668459222
1427097923301564417
1559123095448846337
402715144
13124602
1255877747974590466
327721460
1554884799415943168
720613394
40476036
51430514
954918709553922048
262392990
1340035813657206787
1105963168155746304
1356973056086933504
318096834
51617816
1302395462809464839
27008217
39789302
1319222805297287171
1303500991933960196
4706720667
1116525093491027974
1570846373758570496
1130294156147011584
1184113707514814469
2516966574
1496842800075268100
1245783723506913286
1442668074931458049
1117204727031373826
1561748179418218504
71988480
41405898
1103337709848969219
1521064752830631936
1252384861450637312
1490542561051791364
968182400521068546
902518291217907712
1332318517576802305
96213846
1560760419823796225
968446028482523136
1560752714199490565
1560727244561158145
1033779759845724160
1560724033242632192
306512888
1477923932535762949
73490029
1235325153028059138
1075956032726286337
1507010441846820871
