304730976
1347077785
1453382184337817611
8774132
136435677
59795613
96589602
101642089
218114717
2278090306
192584779
16864622
1371511720636727297
133806034
33309134
1186471855684800512
1399244633427922946
35620080
81813407
807926751376637952
82468496
131795608
76533729
817882111868805120
37031702
3354920057
30404697
106590007
85703130
56610486
127836486
24445472
44053466
981186828
19572422
594088941
1110557853482405888
713415429029552129
593692717
864583851527598081
61766850
76481710
41444151
1121374812683808768
793259180299849728
2768216423
710649014484656128
1237506224389750788
120556049
79495209
14617122
52401765
94150452
84912815
1020414994356342790
38160791
1194802178743054336
1389817182255828992
43047753
14372852
1420927006535995398
340611708
1282773009032523776
712803270155235328
24214391
65258191
1035952358
66769124
76103370
455163611
1449587426104578048
1143691272483422208
3240827291
110688963
312699472
113444196
164142088
1350334896984752131
1498625493121261574
3131677000
1352769294418014209
25700962
15767008
1438826646396710913
3354973791
166302831
120581765
22248152
34176667
134871064
1101575305
162937441
152751465
56541510
33887545
978296532423364609
87819478
57942004
223544263
61850588
1147977986198712321
50714732
4637666176
45237004
1154204226299551745
870745039
39789302
920987402
318701247
912469320340525056
1409263579233239044
28503856
33373698
1472632533489700874
58669367
47767246
8170142
232619032
45731030
26509116
71149377
273150222
92607517
287217365
1359932329301585922
54270728
51609735
53929018
49101673
71877526
585726008
3939051
1207122232658604032
2761437096
47220478
132909997
318056797
115102624
36748548
747558114
102195042
3140826667
90310598
905130203101483009
3416023408
1190456798001672198
556501435
889963208823500802
912063801104699393
361646251
3507167884
451750996
1479874758430928897
1537474637059211264
111961943
1199720487464648704
45717924
37257905
1726530122
33275504
3089202639
93438970
130008392
854835116392292353
1100960562203291655
93007074
162191550
1352114039288115200
39606505
73493771
67628737
417407570
212031638
107785164
1294453861508415494
106562126
52502037
17423994
90423509
891682284893605889
1514690412136513544
491279660
144842555
1359687246828429314
3895005683
108718210
1494745932746870790
42881764
206393658
15165399
760192445774700544
801238274
30083060
68443554
110522821
109325390
160226353
20919432
1248216462843666433
1363573075845988357
113614714
40753039
67680770
17753103
55310560
263008252
1479336710471405569
23260002
72685903
49760041
72969437
44123947
292372208
1225960590574858241
889984327257378816
67373134
305270814
131494231
39366339
15430166
36289190
1539386667835990021
60968055
84872494
261263814
1343394599285514241
188546872
53179056
101586866
45691554
2784624050
104227512
37232882
1613027815
99205375
810115935235411968
67505812
106774618
321236518
14220748
347359854
1532979105146322945
49370468
162503327
40125120
262809110
1359942342493564929
1513885897036607489
740922267199242240
838833999334227968
62182939
897835101786132480
31412039
37987887
62903691
313967766
28149075
37919713
14375797
300048582
338097482
69867378
1455302944245436416
77542681
16885547
71715833
1002290698119467010
1047291533769297921
3077383197
52792186
328536799
57778160
851627809193807872
97543299
766043715509051392
1308208724935430144
3375760719
921197448885886977
1495726521746661376
276560682
27655064
191461968
40510030
1389952015074316291
137704954
158160208
1138538424
1310217626417868800
176490337
60107518
66423697
69676999
27991603
1489607143233933314
1494774540236427268
1095147278770294784
2374664614
200896366
546230403
466526825
55590887
209685597
1041478678666993665
169112133
766308298140315648
1500485982436704257
271643952
1197707770025435136
855788641
3132315712
942947920063500288
922903047105368065
1486764422953590785
1360419830
1311841409566150656
125456229
951600720041488384
89504287
50851280
1390153333
48462578
76022404
972853020420706306
54378874
63964146
2931291629
1059432048
1520532435611656194
36050696
1525171535258038273
40545750
177423719
1642644997
148868565
1513981074505977856
390238049
591961954
993047149
196780891
240292228
73503309
33527137
78099686
1129079812520337411
36700112
43604755
1513547809857105920
33900482
29595934
3084579605
416607209
2771780097
1486058855268294656
49668165
270069773
369664223
88182213
1031178375052836864
121289559
1105264870537216001
53576384
991084486837325824
1150901053547778050
1411856143488622596
20948433
495467091
39267584
2435004096
10461852
1256108266674847744
73235284
266570289
171236301
704328194934054912
1527450785197481995
1142915606653673472
3643141
1527838990220550144
79792883
58288566
1243362752825040897
2628342055
409548876
118525596
76429355
2800647412
4027821142
33249379
138748755
64810427
160339320
40296699
44300313
53467138
138449897
892619729944399872
48588766
426853640
824788057241051138
828703127469711362
89267223
84699401
1359350618780008449
395325346
1528731152944701441
733750134
3043211619
268292233
206484407
151328105
1524444623233556482
1443536471512788994
3310098382
59038937
10430782
48592235
309866009
135991255
59303105
1381738927678185475
794616871974817794
233383596
53282527
73002111
55013474
248252207
109413824
3324267797
68289225
57748745
1395009016015769604
2184831010
181007933
53561273
951590824336351232
1475588450992762887
1454087791122472965
4012216589
158925704
1005603515924959234
788452196564238340
389043807
973894061965873152
52363865
57017730
1219443836956573699
1191808401325666305
71899805
1535664525273452549
1303344888109555712
57024516
277757351
3725463375
44470239
1283360034299228160
70141650
37676691
1439439505061203972
3180486071
52058931
88418289
2151841804
1558428703494914048
388371260
193018446
75011917
151246302
23961187
57522627
1566581894514343937
337275792
727160988324237312
37949658
276343460
3108275990
66571468
94094278
749451860092878848
70210944
251612382
28273980
37512033
141055108
919008620
1550522189841145856
81992291
184546595
14793704
1556482990288535552
494157105
1549123820
782008051066925057
1565382569130090497
2379457845
398909521
804773733122588672
42468986
1456740470386737175
35962917
82240188
18066816
336910221
1220039292480823296
1010227483499745281
3081857504
577272846
161874817
1540227897939599360
1290049409993117696
34779125
25574151
1558121084842541061
52464019
614346509
367270447
314226673
15410917
14720294
70491802
367815670
1222524285505495040
68795532
59670307
1354987779567005697
19594520
963259668050206720
1155144367163740160
316776058
48077195
1207152562081804288
1545608718171136002
2812217781
148478983
45658348
63588252
824285475837984768
70264844
103143875
111948040
921147132798791686
465343541
500718432
857030493577072640
294968433
792829361007259649
206486174
41398742
84384358
1408187426011496450
1525251645713571841
592848469
97040998
1527814456155295744
29429324
1959923005
8366602
337596942
53238085
4145704096
808677418638708737
514843294
153720231
99162230
11409612
92516483
1320154946973650944
1397525438906384384
2935479502
254050963
1268949106371833857
1284261394012082176
2761447893
1502034708665876482
80595718
163581731
43022979
1427787156571971588
249798348
196829993
139372457
64046268
3389628190
1482799660251107331
112443520
1457020623264358401
911441196
78513435
146537061
1311119493507297282
39844068
721354011333521408
3724233975
82635920
52309670
329437586
77526259
1242278529410031616
1317045145
1509234946682109959
35951717
98392613
497159118
65015218
224744440
2819017387
66531096
82637153
107203070
2741840722
1157650919770796034
37416391
1399167775810142213
1368920346347376641
291384237
239427695
336510636
493649127
214562966
73422860
1320535519
161406010
1174130907298631685
201967265
147648697
48161519
808018885404454912
14409620
1063388396
105962343
579387724
1466800514188955652
187679561
388030398
20743783
338689110
41175670
94878293
30598341
56006430
754311384
1177756974601134080
375925260
1322135220645208065
17792010
1402755253431410694
856322669591113729
3303606231
54533123
3991671015
1240688418809679872
3409727230
61001887
42441379
1504969424612335626
1221098766163501059
10226052
912482847344164865
380069148
61691896
54912051
1455276900004286467
2828720748
45477829
127251919
190299430
2860253091
58564207
842482153
97112260
1539448477
54217015
67658546
164438826
235019110
41499336
331315770
17388649
82922849
15060436
1092580358233751552
1521085063911383041
1564262578787860482
898591541660463104
45053874
26894476
54572939
198191119
85118177
1159065444319469568
30269265
354378055
1133548983345930245
1239595359464239104
8740262
47776080
976185744443236352
238198572
1561664697358864384
980825351369691136
64871609
14997935
267831509
2593187235
49408808
266164723
75631706
1630756729
625134926
25577896
780201362
24875696
39645279
1308158267986714625
8205502
780822022020472833
982838690811727872
1152140656225247232
1009980493847257088
1122949734929502208
1536035321992945664
53091306
1196612442278813696
136038861
44435944
534826298
30893561
1955171035
17314674
2457423343
209026290
109706111
3363253035
10907922
66858402
14371743
24967587
47049001
254216275
2317847515
1495230151315103751
433454868
1504107606717124617
1081554733712723970
3348427727
32032516
286417078
86765582
159931473
22402665
54715632
1489205371642261505
143202757
1431356038691819530
54974415
55320035
316072613
41647014
1519709635623723008
2628977602
317562128
47418016
737805622293450754
1376025164
142325755
556283885
322551079
826229336
344328693
53080048
1404763437595512835
69343364
1412484978919751687
1133551745047715845
15281396
1482876322368081935
1014174368
151564993
279742593
1222348988499841026
2333837398
1166176907051896834
1624462968401412098
150413399
1426336345203658759
96872157
1618661393581883401
1450619630901473286
1208161086433832962
221002976
38797094
1580385024603574272
77098153
1493427340654821379
1624083214296809472
3932694016
197906460
156136105
75263598
33799070
1618763529431007232
106462423
123424978
33519079
62630993
136118232
749311299331522560
37701425
1546900917626277888
2937614243
397690459
101355768
238772919
61359473
1244960782678450177
26898129
72088970
3052663041
600718851
175265709
1269813173135212549
27008217
103425518
1265923963517128704
169825640
20860716
227300768
58541236
69569430
483444460
208887419
1133049851497852928
831932620082728970
1145863684511674369
21631805
48353518
301094358
1560932110336139269
51931982
2367361298
1254433470148947968
526528864
100353774
3209314474
193777167
1521923468983472128
42722635
29720850
1361343667546574854
84979022
56427275
1349767438729142272
180105143
163515325
87383081
53418338
723367777
30705548
1289684876908810241
33366677
60149379
13840222
151269084
1187430334268395521
28552134
336550037
46383721
1462314483301470208
988869039341621249
54459099
536433629
111645984
17222399
161341342
111417386
64730843
804333074830020608
1339594513946296321
1485301890
47810529
2214105167
107812928
1640791956
36394941
52591659
1123658935205019648
1438031851415822341
124465180
35283872
83720016
1027325446176874496
111910280
285132306
1306393872801693697
17616508
9044332
300294312
251342229
342815291
2474453646
182387684
171950787
1250882822795145216
51226911
1375572805178261509
97021200
48355207
1171557453609263105
1411346000049016842
57164481
18202406
113214139
55834545
94932709
1162146629861957632
1495786493654315014
3493611
1247299638266335236
1378734586700632067
3343335497
1382864382493917191
24647223
53953477
14226203
16463363
1446644853346127873
3074681205
2973501413
28358467
851286649
44595019
15449967
1485912093773766657
1441202399566172175
132253087
23539355
84350078
51554470
50443728
1460099679887237122
2469896996
44239324
80102878
59889115
1648220180
278261056
57809549
37664324
1434186086109093893
1029847332161048577
772121839262961664
4851085216
1433496190205796354
1518667234385829889
302868986
9996612
22129769
78158660
1251873667396632576
58525482
3067770928
1524286104471494657
182003213
28921638
212382294
1041120710129676289
60161613
28981930
473230160
1285395012088365056
68584751
32952834
334344669
52739315
185064519
286968333
1448106965599723524
233974211
91022159
114816276
24683934
1521509225406607363
19760192
19383548
3333176632
1319773515990564865
191577392
106129983
937049228404314112
75058368
131378013
1427450113862078465
335755549
164776701
11334252
151978321
97689547
2585001029
757928493711761412
26484337
1266512796797284352
964916587936534530
238682030
261366155
85777200
797572357288263680
1085534450723811329
1103077752914219008
474150555
876587651121508352
907395692733374464
560797121
1346503196215271425
53114639
614455528
58921547
51538765
1521722263694979072
1515879410599092227
52833087
127430417
40071096
1520599764701749248
15813125
339265678
1269319782685388802
820283184160141314
1316184874206756866
19450758
41385276
1246522340135129089
1108157878836383749
2761344034
2230246254
88499540
230002540
190288377
239765705
17815099
203809353
169964377
228978642
1397359905082953731
1519879545511424006
851798584597020673
145310619
48795141
143130371
1081903915816443904
53353970
1510990551344111617
10224712
67623216
1627708764059992077
57717875
1245412682473377792
1621457475160489984
28274762
55886961
1479078276865871876
232582153
138124859
1217825834922381314
1531444539814297600
1273795096706678784
1535300952869244928
1293298786203316230
1536708294533857280
60350579
151581569
57074720
1643083786127650816
2218495688
1436172756769464322
1414984050675224576
41952917
1224729917553872898
365830093
1637615415344914433
1609011835247771650
222657964
1520503546076143616
72103051
32237731
4527735153
1030169692311351296
50827987
1168323354069217280
1091593985238409216
1534124881239056384
126982759
162087831
44473340
14948284
53535856
1486375146638217224
1586815921821204483
43231417
1521362584674394112
33687572
851603940504481794
1263916122052743169
784806745147318273
153136561
875559397333880832
1491269283288170497
808738004395323396
1411722531556495361
15114780
263046632
104294174
1247510381167292416
876813787768213504
836973019440500736
82690846
1219056998861496325
38950971
1514714866266906636
42395032
32780712
41891375
1512485413583310852
133105020
46119379
41958045
34991437
55968440
63368406
273626030
17877808
15842473
1570764218
427074908
1102685510009540609
55105195
1118943237614469120
2212382840
50478237
1098591459798892545
67068514
46956092
24740045
21415271
9182572
1511117622
5815152
1496911512010739712
1668640105
243663426
203696322
210109963
969011587272052736
229945618
1526332829419831297
93729395
144876699
37719882
2290230883
131715859
1129827122594353152
1098372563279982592
42402971
41838450
17063957
33985000
48799399
110971465
296034299
289621428
76746144
49883959
60743669
15244021
1205428300568506368
188727812
333760963
3383629216
1458452998255005699
96876429
2879809951
857403643124998145
1007930785
1254791832
1410706253563768833
66653237
889617957286027265
324175715
16844419
40810733
1241245173792886785
1084600726624583686
335996953
1050129599726796810
109049442
173957663
209307995
1517474947937054720
64443688
1508080429
55974691
84433027
36764360
283968972
86532411
57761531
305066003
62385164
1242108391834738689
59933865
1055152529716187141
927579295266037760
2720697947
858889322577133569
839073013
328074750
2369058968
2787216415
825770295164272640
153677563
1492937132456951808
57698788
1434641286489911305
1545829886346027008
114909944
4250812918
69801904
1027733533786292225
60673769
89383329
854502288819441666
339933198
1308160668152090624
55727845
177611787
340470755
78992868
84133951
202808816
36993251
1514244135754080263
1262598268338528256
25939664
1481598426986995717
1530217818196787207
193927064
1274685909854818304
3292214189
293094688
62152333
34082314
64223451
1454919590409084938
54413809
426015718
938542520795004929
930086180493897728
46498411
289063916
24693100
2591269968
198240405
54060969
48202292
1053938018
68175604
39328633
234034704
1405643690786369538
121933503
1172944912167448576
46043405
229697786
202823837
174500684
1278865849961656320
42899313
969215527
520048850
1130704597566316544
1274229214183673856
929997593412763650
815090953
20714507
38421837
144811662
4706720667
1236838517466112000
1259191250500059138
96220508
54397777
60621293
62842687
206502111
91801244
1529973151383314443
78799012
52550310
64273544
245413920
43438120
2808694011
185791080
1514360254737358850
3416165079
1114205219578163207
60721389
1338558762240585729
1110639793350893570
14827952
181639791
167204068
236950871
40385012
200994456
45186452
46478331
1093633080286416899
1691766446
1166901040589025282
67898559
207123161
173819903
2177060390
20146388
1545132869558886403
22817930
555352017
339333829
25497300
15735007
64258447
1003860747615686656
80513855
139922839
207301564
65230660
469058669
1515483457190772736
1265673548774944768
829151811592474625
65138908
137942699
24638521
1377374945123123200
2727253536
75877617
3232665958
525490143
723598993650008064
3427977853
67344026
188055968
54041476
3127024384
28437915
132297821
11886932
26042861
389213606
61187941
302798333
959723201566773248
69117559
897612127766167552
209570167
108637786
1251614178097483784
14407625
1677721
345216960
127289216
66893795
44948170
861695579151269888
1545976955274727425
88957480
1283049054021341195
3601029388
1561381318130339841
1519107112181411840
1162332787183144961
1393983694080286725
81593903
3138934131
37749824
421258780
837716664871497728
35659206
62008930
186936586
631577596
304033251
53587588
72955740
234000865
130479094
1498453158967787528
115466354
387274518
46533542
256966844
42486967
83903370
848956139479998464
57785777
240295245
23362781
18639091
35483173
777712291160657920
104581982
30412581
82141753
736680582822907904
108533569
71359584
82245238
117648920
317060713
1547445700761423873
49619676
125509173
1505332128975925248
123712813
23698610
57381684
175071667
4001406323
3074059259
158541839
260594191
36353055
4658229934
167933536
784561556734504960
1457870898350989318
1201620937940058117
159698135
59619515
45384117
1219962789122494465
4507771828
58608683
1323085449959788544
41934128
64165836
264483223
1527157893052649473
805560831891095556
27013421
1194318224076288008
1157044974799794176
123596334
65275699
44340081
41407752
89558665
319733581
551406081
69797822
4164112649
1431265304114614275
188090798
1533622480610512897
54766959
181030083
38505279
1116742309549432832
3443202195
53276311
1355231454066847745
149944097
735015342909558784
69044546
1004144818560360449
1286419937981009925
51439735
1616895746
40539548
139391159
821412926410067968
1426625763617411073
218244535
77844663
51833642
1540785746436579328
1279435111516299266
1228429083433996289
1230186585615978496
35787594
258560123
70013520
1359845281815277571
138796935
69775308
272030887
1327572224539291655
615408256
1091366004377206784
200738071
186612406
100075071
1538013908
248412116
123601616
3220038195
66282097
1485968066412433411
137529614
1530246044335976450
3415267547
707904830220668928
150501679
460676470
181289811
2806283612
614039970
51467780
736706599855751168
1218310737925492737
2597327108
738484040882343941
15922513
52385804
1471215881208352768
740113990404214785
1464985882830819342
21834694
1168574758281195520
1392955910511804420
263703054
1206339092394467328
33995862
6609882
166047048
1298456229103239168
251804407
55427278
58213680
54910765
35784221
1546037685210464256
72138731
44186555
19888362
256587353
192287573
15413333
37571692
906138272669327360
256473614
3380796971
1046492315374813185
339046495
1346299951572283393
46030169
1035311680195125250
77021213
145343510
1435044714345029634
1474060879
983761072644648960
60938683
1489398880760434691
52570056
1489820110814650368
3818384296
33325255
1247016213655535616
8539842
61229601
1248971895669698566
286874613
80343849
16798736
78188476
1517246945164677121
2374912899
1405850995008147458
353910593
19999565
236125429
224072349
635784580
1053415710985256966
3005977091
38103383
1083909740504272896
166059151
44436075
494143650
407723267
1403919346548809729
1313076252748722176
1067836967373758464
2405282319
1529894649023934484
1918511930
1452131040315781126
59804252
1487538400827695104
201882598
51565827
1048737358483546112
970502241873547266
17194551
83883658
24983564
1427437341522767876
101613722
317814007
74855225
803675193503870976
1548811382359040001
3392077413
152343162
395241923
120299959
1469720302389137413
59932435
60516925
360064315
201906421
244141048
33487301
49982598
120514078
50134235
119032434
54242592
40506057
831153260
946149209241210881
71027127
1455339546
42476054
1354020780410068993
42743792
1455013702462279683
2966793707
1077152413243662336
451494840
1544634307062423553
1103080797110784000
736511804323581952
1399845374286774285
821152375205400576
1538530337520766977
83041397
437615886
210049539
55716354
89681574
1133894858060509184
15456487
76516470
1453362952287948805
828641069759868928
37035780
263667283
1625502154940387330
1257494618322632705
42832478
66786142
1269803065676378112
1591890422699270145
1202996793312776192
1135518147216379905
1308375556057190403
889243181904265217
1632905161596194817
1537247057664258048
1306623615283101697
1185120184413184000
97034316
134322517
1244965763687034881
1473369722104209410
4063761375
208762396
1594348593879687168
519934561
39754657
771402728312561664
51617816
16518589
41360063
25760782
1104215698140733440
22197767
418030333
1192168322420346880
34659365
1273373250563735552
1369803566769143808
1634025713824157698
1384295646295773193
55545251
367966084
1571662592757612544
2761170568
1120216000975245314
1537089116172582913
83269798
121906606
50180633
823513031636385792
1289220475693006848
178751535
1586746993333895173
67420981
306496579
938206801392275464
1556431221709832203
1173118435326382080
749062187927343105
868234453071654913
2748203367
1457786101482020865
1523352254035677185
1580643339816378369
1221986103672086530
951602916380610562
1605322031599321088
1146224463698173952
115777492
1552394271025758215
3558186623
57747370
57460575
20399287
154630442
25348322
1548722349431717889
117149853
1631322501371375620
35702601
1631127539438567425
1570846373758570496
1333753094786740226
566185285
1219638369094918145
1628162444580225026
1622289769219727360
1449477116177813509
34123254
839226782901551104
21118031
71109358
428638607
1408185441229197315
1170885750709248002
1592634593433341955
57981116
1392484059025231872
1135862166106648576
1549121458496049152
70339846
1347944673327931398
56510065
27508992
52822006
51884308
50865757
1316890925117865990
1191701517927096321
16241906
1509262313748107266
900354079
1282089676065705984
100097000
52541908
70573414
2331005499
1339727432962748416
51513078
885659598593634306
25429552
1432046204
459485252
3253979573
1832939359
40808754
155684766
291926530
1242746868167323648
451657455
75202923
1542882523692367873
1221973711298998273
139869699
611773032
1311192407195648001
1541067044984061952
3336512697
70012174
1460900112549523457
705209910099910657
1004461721229160448
1311370120577548288
195387860
14449799
1369128953869402113
58570790
68285082
1533449034140196872
1287931
18686027
43149169
71600229
15280766
27047987
363978885
36828787
1128834495027785729
137777595
52866878
210853844
4704953127
764974167016009728
163707938
256242511
241303038
1455278316857012233
1205834781738590208
47595731
1281577577208000517
1264914827648139270
27872594
2954726315
18688345
22649538
133386591
125124757
1131447608558403584
952134710
1456089487
169175464
1450105879727120392
1175188165340147712
463910217
171510934
844773661
243662422
2837496571
147358721
360658314
712609120
1412593256886640643
2834684794
38795016
129521962
1519146887877738496
67952361
1546606725893132288
54797373
1373117023471943681
2377795444
772779787957989382
52809507
402715144
1438575359939813381
284696681
109676296
15860844
860527744077189122
1339966377726275586
1118317793886314496
213769407
216003231
27383688
380297290
1235280721624944641
1086036129894354945
4853982353
169246492
1298654566049873920
100061522
1517574723793829889
77812145
54100700
1395070110600204290
1390468777679147008
898971475377618946
1550100149514522625
188986722
1369140202241921025
57956355
92743535
112090539
276107429
204556498
1556306372337221635
58695983
225495137
139425451
717411587519291392
139696469
1361378693856317447
285640438
1422803083692855296
58327136
458495518
847084765241102338
1207489299895205888
1308505056543731712
1336652995430391808
2243052819
39543699
39899805
85299365
2810466994
1293958754111717377
39436556
553544786
1537413757
19548141
2244003326
1137393959955836929
259853397
1054814504633229317
1064650807419826176
1115642715398594561
19598458
149265355
1294771060349566976
33576349
118857544
177368039
1551264989868179456
221759428
46969283
2773394697
1515105811210678276
37596313
484972075
57745040
1567240674595971077
33444550
1111638020581662720
203973686
1494735032820416522
1105921024003059712
8170912
1534959804854173698
713529201157095424
1083617072960192512
1348869748084375560
61008704
192406600
1627739888673034255
161775132
297163384
707239627795652608
68188245
391049955
82674158
477807362
1210306184898600960
1618352907505569793
517086055
376390786
1592678926056316929
741635306
929724904391561222
1626599069316681732
157608249
42125773
63782728
860324510561697792
148828227
1470606485382176772
2389470680
796244229232193536
725861898391044101
1365427084634521609
258534348
3000050966
1455390230727565312
162094926
141999291
33038572
1269378007900270602
632370941
32130620
46299983
3028874187
26573630
1328360433703657473
154350254
333140636
1328891287714586625
1493272061900382212
87021039
1538908542807199744
52433864
65126460
1495731893815414792
1361742218101469186
2165665577
1519015768301752320
38215855
243559724
1313275735189094400
18222826
1328348992858710016
547265653
60152097
1126308407743586304
201580498
1448358887309070338
203734896
542142825
115055242
1432299454930071555
254687721
177743869
1108822381810909184
1248326869717483525
68250615
16337409
2578898119
1618293461626589206
1498333914854793219
1372216414417911809
62695011
53347651
1607416700391022592
924819187696054272
34431017
800929532
4899362357
35108118
1540474363618656256
996009894
57982614
67895112
221543668
83210895
4624493055
1620056426692370432
1596574069964562435
142875392
2771934227
1572727543328899075
71517584
65237479
244699682
1403486767148322817
756868178102349824
1595421576173854720
15238801
882403578257842176
490691138
3722477596
1501339830046789633
270375224
714118116779954176
1180547494436102145
57512126
232610012
1049847515409997825
4825105985
1382791465248681987
2664563770
30268856
79285340
26823385
297205465
82248385
1180453360547303424
1463897153626066945
229988672
367314249
1357788596896477186
55222141
1487807168413900802
1390071845911678985
273163509
90432796
25688061
1558683060832460801
1434962070517190662
60176766
1461601153133776896
172538675
111661952
3381522531
204288055
1441244123881623554
2602508179
94453606
815100174284587008
2931352923
1448964267164766209
149789964
137914828
284543581
102249429
1047977396903792641
14091312
3246374325
1495818188369584136
1539981504272539648
72291647
58554913
1241355525121626113
49836909
1419054110570160134
612220965
27566436
1038165420161818624
1193012271900962816
1360083179428798464
1378383842
971911783744245760
82958591
41709648
1104610607540649984
1426609893243510787
95433357
89544580
71860557
236421159
1410633602354794508
16310598
224648416
19498172
53157331
3237120995
164553734
170798680
2363319738
226621686
1483035612475179008
26992157
1374846068391882761
158481123
601051201
984271782000644096
135993620
603071850
115109126
1173111684
101838740
1457385762069098502
1411380053942976512
246071345
1081962946371166209
1017615227494502400
120232954
105908157
121511318
1528819562329919491
14818332
1291552892328050688
58608290
1518780472519766017
332999967
316084429
17081212
1499434601244250112
963956581586042880
885726991
1543658468212629505
61477367
37320725
39260087
1631909486
319237243
2781227468
55124644
1262378770436100097
892693216025346048
1026834355551985666
42303406
38881228
2978327949
16721775
1259199152036155392
118541011
1015244647
40333381
55840425
88740084
80079364
898599388515323905
53743784
58000599
871467365875187713
158057838
69464414
75856792
56699915
1545616740956229638
26874397
1262565328351002624
1319120473276469248
751049051878154241
1457915133041205248
98619590
1395682052
1403541600014319617
1274537482756009984
2840252764
1369110018226851843
391092671
77485160
335044726
1306414559146717184
155337308
58065601
313786041
13341792
726163659286810624
1562246480291057664
267181491
41565937
1375448854057869320
1513286037191155721
376997244
1299138493172641794
