46383721
2342241168
1163801704858562560
318701247
2798606261
1321820876145364992
144581051
1049311079799685122
1257127605809053696
54966699
139777218
47810529
23539355
15120800
1640791956
225000120
1390931250
2158024799
124465180
1347077785
4130852296
53960337
2539116365
169825640
490792751
138257731
1440435995661332480
1375572805178261509
151725277
320413902
66858402
84979022
1035952358
33487301
1422610957864521730
1218263233590710273
1253715172813950981
1240471874003484672
14503489
1378734586700632067
70708267
203973686
53953477
1241920111772078080
16463363
14424008
61850588
1509234946682109959
904265844468920320
64090963
851286649
44595019
83681351
19572422
328536799
920102627211382784
1460099679887237122
1382864382493917191
160987515
131494231
1518667234385829889
286417078
57100510
195039517
857624090936528898
725186372
1516181275178119171
73135603
1524286104471494657
497367354
29720850
56807544
736680582822907904
28981930
32952834
1376625199823605761
185064519
286968333
225250195
2629100627
712803270155235328
1270150780251705344
2937614243
56221355
51303342
156136105
59911648
1575330062630637568
1866499844
172466232
139893632
289063916
1622038827928850433
37755734
119032434
1305290834259193856
473205749
1498333914854793219
1372216414417911809
2228404916
1237774367083450371
1560932110336139269
873324964023328768
197290348
1057328767910199297
996009894
40325461
57982614
810091443851296768
221543668
1587397755244318720
167051866
1546900917626277888
142325755
773238929516535808
1621293990640340992
3044667964
319729240
1301357163315634177
69569430
45970759
54066551
179191729
151250715
50851280
1496913490115809281
754073900942659585
3722477596
106246718
137737110
1521532089522348034
65781145
864583851527598081
100353774
1303877860969644040
1227247794009837569
193777167
1518031674407374850
1349767438729142272
89255134
1422152505128112132
363978885
1625302800
30705548
2787216415
854904895517974529
173819903
3138934131
94150452
1417517436400721922
151269084
336550037
34365712
184982763
1469555778474418182
1508080429
869551189310025728
841772182338449409
123610288
305066003
34628000
3129086403
927579295266037760
858889322577133569
1483517965593190406
59303623
825770295164272640
2828720748
3394227016
1287167909215776774
52833087
22197767
59005499
309691828
817882111868805120
1648057244
713415429029552129
30404697
459068565
840290730
1215341028351389701
21653078
1350058172459982849
79495209
70837769
145095920
318178951
38160791
1413000893264449537
1420927006535995398
832847128997289984
14452348
1449587426104578048
3240827291
381667552
91103142
34176667
4774985296
1154204226299551745
420277730
3127024384
304513033
1472632533489700874
47767246
232619032
900895731166228480
66783903
71149377
86539609
128124649
1532438593137954827
33386496
432556628
102195042
3416023408
177743869
912063801104699393
1524830491043581953
120293605
1059736961307545602
166634136
76369244
438473416
1243402661250007041
1492925601472262144
3087494572
51200086
92516483
3558186623
1457915133041205248
98619590
1508451709336629256
191577392
1230279440481034241
2602508179
60418529
36146132
135692805
159698135
480714833
1191701517927096321
719932016360337408
550249592
1253479946695184385
715919246052737024
19383548
1487538400827695104
53179056
854401910836690944
15922513
238772919
459485252
39328633
155684766
1537967629
34968631
600718851
1542882523692367873
58279620
66872748
64567564
3074059259
158160208
64256552
134858135
36353055
208555685
1153787864855040000
263341227
1219962789122494465
16071442
322551079
1513286037191155721
1284225426286575617
582080272
1545829886346027008
41468894
1428134131976871939
124879030
1360011642
15410917
78406325
983761072644648960
62842687
211921444
36434313
55727845
103824136
52969047
826411640002330624
63515833
20140329
1281943802563964928
97543299
153677563
19812925
43152230
8851502
117569261
175593761
26042861
73411807
1170490477
131994647
136435677
121289559
88979782
566780212
35540986
157453640
17033894
125456229
1405643690786369538
121933503
9232442
72342367
1470952805619929090
17121480
443267022
195193441
969215527
520048850
1130704597566316544
20714507
780201362
801099001
87244850
196780891
87500311
42401945
52550310
144811662
41286470
55858152
66653237
421258780
185791080
1248216462843666433
101459494
102507142
72969437
87019637
1338558762240585729
55495952
913820328652091392
35962917
32237731
1636591538
48211906
126982759
2973994137
79294361
14948284
34123254
456176493
1482876322368081935
8539732
43231417
1708281985
976185744443236352
1425144396303978507
784806745147318273
153136561
1411722531556495361
103061655
15114780
1099610346
51617816
1363359051757875203
946183106
83714348
164776701
2479034478
2167380507
48799399
455654239
58921547
394331903
1247994699518029824
143291321
15244021
142875392
73786890
333760963
79786546
3383629216
2879809951
857403643124998145
1007930785
1241245173792886785
1084600726624583686
1466607566637748235
263008252
829151811592474625
494143650
771538521643331589
407723267
1403919346548809729
416589294
249916641
1918511930
1267313988041310208
1293717575025688576
17624650
838214360
8246832
1319773515990564865
937049228404314112
58591341
75058368
1411336104
12708372
89344506
2585001029
495062743
33366195
233383596
459332230
139468422
53114639
50201953
339265678
1437574954711715840
1269319782685388802
16864622
3363253035
19450758
41385276
117719574
2230246254
66398769
168916384
239765705
35702601
1041411083758718977
1244075317314097152
57488473
376934289
145310619
1081903915816443904
62535347
738484040882343941
196986474
1308208724935430144
3375760719
552792609
157137761
191461968
92360767
40510030
54270728
1308069343645839362
48186490
3188494979
1310217626417868800
60107518
264470848
1489607143233933314
69676999
1041478678666993665
1487211751619928064
852379105525891072
1066844095384031232
1569652747
855788641
922903047105368065
14322322
1374904291044044804
906138272669327360
89504287
2278090306
57017730
48462578
972853020420706306
1269793230482214917
53353970
1133548983345930245
25863274
374301259
3324949967
1108806747232317440
363164196
45934663
70141650
1499179122324606980
331971264
3389628190
1503213396551999497
1415708371
911441196
82635920
77526259
1317045145
47048111
105929486
17388649
82922849
1561354413922459648
15060436
56427275
898591541660463104
45053874
198191119
1528744907925602310
115055242
919764768952602624
337137527
64871609
1519224749922168833
89914423
916939687
74256272
43214045
106774618
1549368638406270977
28273980
378889423
8205502
780822022020472833
982838690811727872
1152140656225247232
53091306
213011617
136038861
534826298
465343541
2457423343
1463336067839377415
1895366755
67392467
595590437
1457113600225644545
16427571
24967587
1495230151315103751
433454868
8170142
32032516
142723275
15165399
86765582
37949658
49491563
430286188
201967265
909136642216218626
174242236
1243233427094110223
133386591
21440454
1630756729
143202757
43155019
316072613
1072641165860712448
1300300135402999808
52809507
1208638522112061441
85382677
16539599
1466186253804654601
125509173
54100700
377409209
26815618
340611708
60176766
1327606426513051648
1280698967551021056
1492860935823835137
218972831
1245692249817731072
2251138838
765684787
61359473
931895082399256576
1058857004201115648
22576338
261263814
1149765403058589703
3380796971
2761437096
1390153333
1029952296636096512
12757002
197640185
3241107603
1461063470040899587
1507906452584816642
1489820110814650368
158925704
1247016213655535616
61229601
1536425201302380549
78188476
1517246945164677121
1668610315
3241260881
1905481021
62655978
2931291629
596832097
1642644997
810719445291307008
39267584
58926905
1007843805343698944
4889301555
2362098735
1129079812520337411
39736763
1147977986198712321
83494348
88182213
69993071
1105264870537216001
53576384
1793304888
61513443
10461852
266570289
135143612
194763119
1535211924044013568
203809353
2149499377
1290049409993117696
1209651130755620866
712098467699662849
36289190
37512033
298083501
33924730
1515105811210678276
1207152562081804288
148478983
74350552
1426362379772760065
103143875
44636743
1519066099031195651
294968433
792829361007259649
206486174
84384358
1304550944038891520
97040998
61655429
1335230705647890433
309866009
514843294
153720231
11409612
1403541600014319617
195446351
3844632087
76238722
1274537482756009984
2840252764
803067272466153476
313786041
110688963
391092671
77485160
419583552
58065601
13341792
726163659286810624
1416482113579364354
1448045730963275783
1205218467823136769
41565937
995845640428113920
952134710
1248649851061121026
171510934
318056797
147034786
243662422
91370913
2834684794
129540903
4794212859
38964173
54103406
54797373
2377795444
772779787957989382
162191550
41435684
215774209
558394274
367127755
52837716
284696681
58541236
321236518
41838450
1483672802490208262
784561556734504960
1339966377726275586
981667806310748161
55968440
346935462
1264914827648139270
213769407
216003231
1534547252504580096
169175464
27383688
380297290
69141491
4853982353
134500300
1047291533769297921
93493805
1501909225257189376
1283742189273718785
100061522
1517574723793829889
3405484779
42544192
138124859
1550100149514522625
126354406
761278614981713920
1420105998421921793
49161438
1173583371970260993
114764764
1556306372337221635
1346076736077889537
225495137
854835116392292353
1457786101482020865
1479893963989565441
57747370
3724233975
1570099848363360256
566185285
1622289769219727360
21118031
1170885750709248002
1592634593433341955
1216484580166979586
303454428
66531096
718862114
82637153
107203070
1157650919770796034
426853640
239427695
61940367
73422860
1320535519
28149075
56232385
808018885404454912
55463909
109736817
1155622349309394949
250186577
113614714
146220493
380041281
17792010
168346921
304147865
1240688418809679872
3409727230
77844663
1504969424612335626
10226052
61691896
66707806
1455276900004286467
37035780
55356202
1527149820238090240
1367948893099601922
1219445803854548994
2940735628
748516010152595456
1567240674595971077
1623934825009754113
2200042046
338097482
60968055
41181740
68819250
188546872
1363573075845988357
1045151067363856384
997682916778967040
182808450
41444151
1519326995997462528
470746719
162503327
3354920057
45506551
164142088
1359942342493564929
1345216871960899587
877655696963186690
740922267199242240
838833999334227968
72138731
117580679
91845628
37919713
32566212
1103714211039977473
69867378
270375224
272030887
16885547
760965890271830016
67505812
1516408046817320961
48131496
248412116
52268517
137529614
2423958642
2554464209
99162230
51467780
2628977602
213893456
56233046
52385804
21834694
6609882
251804407
116770249
55427278
58213680
35784221
1546037685210464256
39899805
44186555
208670266
1361378693856317447
285640438
1092580358233751552
458495518
43817542
182792084
1435191416775393286
990251781778214913
1542192579151904768
20146388
1545132869558886403
22817930
2306470621
68795532
137914828
284543581
207552047
102249429
34628528
1436660029
3246374325
84202338
1105625869702311937
293697029
502268061
63057498
612220965
103806332
1038165420161818624
1390381271143092224
1461666037838098432
1256322230813896704
971911783744245760
2437655893
102462023
182136262
98056202
73493771
1104610607540649984
1149264881415311361
72412384
1172915028
1136270035788414981
1270377804081831943
33038572
224648416
573309143
53157331
1098591459798892545
126781844
71027127
42476054
579387724
24445472
2966793707
15349705
2362754749
451494840
1955359812
69682337
1103080797110784000
78099686
1399845374286774285
821152375205400576
27279523
65230660
3120341351
469058669
1265673548774944768
199310784
24638521
1377374945123123200
3232665958
525490143
55309931
54041476
1295409492688023558
190811439
1611630548
876813787768213504
836973019440500736
1732887494
1104543107520126977
49370468
41891375
46119379
173957663
747577257795985409
848205260451696641
30239202
3927849683
299835847
67068514
975032069825888257
1303109617241731074
1463438926232887299
5815152
203696322
1494400383762018306
131715859
1129827122594353152
722638869175365632
1424889583586660353
27008217
1372201003076976642
36701180
2214490846
916682615419232256
3349680335
1272773553948147712
3577509077
1328429607947808769
1448882768608387075
282760088
1334344586
417370213
138449897
89267223
84699401
1534856352878759937
1519870119140339717
3310098382
94560406
794616871974817794
55716354
1612929513079422976
15456487
263667283
337596942
42832478
66786142
1202996793312776192
106562126
415582470
25760782
1192168322420346880
34659365
55545251
1244710292598161409
2761170568
1289220475693006848
306496579
47184439
938206801392275464
1352114039288115200
93007074
979450570120617984
1428746458182864896
67628737
58640728
90423509
1339594513946296321
61923220
117060034
1359687246828429314
108718210
1667920183
30083060
3031518893
110522821
72998183
2615619241
33995862
1447124040
72685903
44123947
14199289
1480171214136041473
177629082
71877526
39366339
911451715
4203295863
774469015
120956551
89558665
69797822
20518854
181030083
87595042
1286419937981009925
159245107
56397631
1540785746436579328
73264143
193469588
93976087
35787594
258560123
70013520
715191572850147328
417657549
54465685
193927064
966653984269373441
190291491
152311321
3700062616
1411380053942976512
970077257212538880
1425500238719201280
1010349492036624385
226247294
1017615227494502400
92743535
21091150
58608290
921197448885886977
271629865
2780857686
57717875
43029211
50180633
1466167612610695171
28274762
274824683
55886961
72836975
1646929340033126401
1498029234564091912
114039878
1423847980021555201
1569761255526924288
1569637779050745856
1328891287714586625
1226004117522391041
1493272061900382212
87021039
333140636
1538908542807199744
1955171035
70799995
1109135865605959686
1361742218101469186
38215855
1313275735189094400
1555516332938076160
64020867
1379032610
2352101616
1113158678876704768
203734896
784747158922821632
1202281381608464384
402451940
254687721
148413857
72869929
1283049054021341195
4427583209
19598458
1472215472603021317
118857544
16636276
47019558
970502241873547266
37596313
484972075
959723201566773248
1194339711722151936
1017138708
635784580
44470239
3005977091
3139886019
14633401
2636196581
104813010
41267822
1567643638305366016
1372686793162776577
1303344888109555712
3352644125
37676691
778002775581962241
1439439505061203972
52058931
2151841804
68251300
1558428703494914048
1344528424442994688
2170052662
749451860092878848
832608640087498753
141783919
141055108
919008620
153639579
1565382569130090497
2379457845
42468986
51538765
291869927
389213606
181289811
2597327108
699994478443159552
53587588
89291870
149014796
1323823594510626819
55244174
88957480
751597528676724736
631577596
304033251
387274518
2716711203
1126559503242145793
1540876156857192449
1513893713629614084
57785777
23362781
32669427
777712291160657920
104581982
740113990404214785
117648920
123712813
48081221
3336512697
705209910099910657
1004461721229160448
247315065
102160355
1533449034140196872
1287931
42881764
294940269
946088527879639042
27047987
17923457
36828787
764974167016009728
4631911
190343068
151078515
201397169
1447078362132922369
1412484978919751687
1133551745047715845
1611067306532286469
162451356
23988291
41657764
34625375
130915513
52482917
1337085654275158018
1450619630901473286
1208161086433832962
57687418
59630184
51804635
69343364
142134469
179928020
1614987840642842624
1623791687934828545
1552378865628094469
397690459
101355768
1553756297815900162
1622426024846786562
58941805
1365427084634521609
1265923963517128704
44622056
133586152
250253799
1145863684511674369
91870422
79058432
1180547494436102145
1049847515409997825
1236001285301772288
1014135602189660161
1463655479834513412
2664563770
64727308
30268856
1474920012456603659
1530108132592074752
176277837
1453366417152172038
1357788596896477186
55222141
1487807168413900802
1523352254035677185
1390071845911678985
273163509
40966580
2978327949
3319385187
1048737358483546112
908380520005992459
3958346849
1495904461776113672
76022404
317814007
60516925
803675193503870976
120299959
53394246
84583656
55013474
248252207
109413824
109218520
951590824336351232
64165836
68428117
36764360
3410884066
1194318224076288008
8170912
297163384
221759428
477807362
1363578419942989830
1554594903153328129
1592678926056316929
929724904391561222
25623360
157608249
227811108
42125773
148828227
1470606485382176772
160665515
725861898391044101
1611474149792272389
68036663
162094926
141999291
87575111
963956581586042880
30269265
217949191
1486746692695298050
1262378770436100097
38881228
16721775
1259199152036155392
88740084
53743784
158057838
22630796
53247493
1545616740956229638
1020386330101108736
31614794
