137547006
170497442
16371351
19760192
1505826863159156737
15430166
549656061
495399040
900397245715156992
973894061965873152
2682631134
340607720
1416915625499414529
1482192141392691201
15997446
1504585103674118162
1354977061656547328
26676610
546230403
1074715205639303169
2306707293
69350515
838874351466397696
330405737
42512093
1262130252781846530
59850664
2836439422
36556228
41818731
982844106
1357683313025163267
1714257794
45477829
1242746868167323648
76765948
41499336
1839675162
831922788
37459265
60721389
35801084
69892426
1256634066792783873
67093822
2458074318
183752983
1496995160600854537
47776080
67111925
21232907
1061968009303089154
82268715
57481509
1526928294070956032
304659222
14418146
2270187357
56248472
72189653
2902371155
20783135
1620940548
182454164
240814091
1103370507070726144
297653828
1121036060610445314
1346299951572283393
64810427
712803270155235328
1483375486067789825
111417386
113444196
1329618241459720196
139696469
84943406
40969936
41430381
503910942
57848738
150242761
134858135
15052095
204288055
164142088
52979430
1521625431639736320
2787216415
514619230
58647268
24701343
34991437
1520285952639488000
79586277
374506906
816813157121490948
1260207099121975296
70141650
92597881
110688963
44300313
344692068
103318802
14837227
498454194
1415228172107386881
41958045
1498112098538246144
365269536
2348124321
226338570
69343364
13773482
82929523
1317995871481565191
32085013
54993318
24007096
1496321460620734466
83727153
92572410
1420869957609574401
14164165
1142086700501524480
1083493813379891200
18631980
26173240
115586415
1518729618009821184
334678776
45386443
1478239042919710721
42694263
3093906796
1071018570065297414
830461694736527360
2177060390
130612438
466526825
418959464
912116160581312512
40128996
1256217200203116544
27279878
20439281
3138934131
1400518632002699270
966440447131430912
257697116
17110057
67129491
149789964
1524591262468296704
95657591
51530915
1484283115
1240520560033124352
143443643
1427075445456048129
137042966
20656132
39936067
43160028
1172621382347366402
3092453777
1274229214183673856
1454532585355366413
1231259513447120896
588664334
256661552
27436694
1388500241129877511
1484239009803116549
91357323
100560298
302868986
24214391
48163162
68058272
215445920
195170245
862015404314685441
49082100
3014257433
99353567
53936066
8539842
212642380
293697029
1272347370865426432
206691516
959088513705799680
1500679561427755009
65202565
54644991
15165399
47450180
136742137
364646027
2762393855
1506701106038067206
58627216
155421066
1482079394860572672
141973730
21653078
61850588
1525818755942600704
138588303
51405210
67066934
108047567
39927617
793607828086878208
142832274
336629154
362395606
1350044105494196227
1291952722342809600
1280370648032915457
3093809605
1322247972831272961
4898853519
816156510
704808457912885248
1242959027518275587
52267508
1042571329994612736
14328502
72601613
24967587
85022900
3253979573
1065964061010141184
1014567561030234116
774469015
2610186949
1080141560208130048
1525340864800776192
3174510621
113719680
1505726701925453824
1241429450518081537
1353825190577319938
361788937
48007354
58921547
135700404
69722142
99831818
87530437
164450597
27257551
1052299980369735681
76805739
3300536362
899786368422993920
37987887
877732740
75692588
2596803259
24873515
1512109414504931333
56677037
221759428
192795109
2935759553
199027001
1517314916138508290
65805485
128418531
14574948
206211298
712827294902038528
2156836477
152385665
14291626
51421519
112903220
62951428
1266750756792733696
89227572
53347287
21415271
55970374
301572337
1012317915947945985
106761409
224008366
1369543044
1466360289847300099
948336413958922241
852306108572205056
34779125
50159346
115694525
730400785905889285
136118232
161775132
55544118
1033038950020079616
1179243901535883264
59157108
1042204291006713856
38270565
988869039341621249
1419865444790460416
1486425792997380098
1488167328416247809
437615886
1167195698632302593
54397777
1347077785
132644775
19153554
213876172
50443728
53689025
70592112
27921417
1571000250
1285788053697699843
2845855215
1187698723406667777
79717192
40125120
15735007
10164502
1026834355551985666
1521313286540742657
3435055191
112443520
1237506224389750788
70389714
85382677
310970855
54298229
1316510641000247298
1356096757
15898157
1075115359978569728
156136105
476481432
1407028935360192517
73788538
36289190
78178016
70858593
221002976
875559397333880832
1326507537810804736
48894843
176980295
66140524
11632622
187710701
1242499810848014342
2586676955
96025958
1561338962
26817727
297205465
107866461
1532443738416594952
14220748
294195684
1253795222024335369
526528864
37031702
1286638172
4927575377
140450668
1533404795507298305
16213654
63009993
203809353
84019524
3569150473
820109928975257600
38532553
17243277
926498434340868096
1440435995661332480
709281159105146880
239014563
1531657808990679042
745792532618031104
118212022
28318414
207624102
163312074
37961146
2446325420
1146224463698173952
189671053
54741389
209685597
73493771
509100621
1467309227144138752
38511736
97192330
40071096
1388902845529927681
1526308878593449984
1181223651993145345
1406332455959810048
75453864
1251596720842162176
37242569
3047685931
1533067009038106629
14409620
8416032
1481838711751024643
120956551
97440781
1481575520643039240
1305924787
1458089891795976202
1090061367049113601
1383074445955321858
88039233
1248971895669698566
1452430692806180868
71133166
415073795
47172642
229538586
34490269
20254008
172532861
30216274
8478452
1554093390
942086743083438080
22402665
132420154
51586983
32611667
1526332829419831297
87263101
81496812
105806837
134978420
15817024
10461852
20743783
114909944
40331577
14503489
904906569061715968
1518971662879838209
66588514
1062014710021808128
217439337
1480278191835123725
57918742
56850119
41644280
16864622
3030888600
48428116
89705791
731978743590338560
129574385
25042231
58852093
817475179886551040
77919101
1492839562967760900
55310560
139777218
56618025
608911203
53179056
3846334577
67465975
1501668313738498051
1058730818640719875
385664099
63057498
135991255
1173695596647071744
51833642
80142787
911451715
327436826
143766110
42526676
911584367658590209
1347931010
863525270
158474289
41952430
1196954018
1062079929301561345
738143559920934912
737805622293450754
47748246
91025970
437693122
324175715
274077339
64466335
95315910
24307707
1481274037879939077
52309670
15678859
1503715221222961157
205038431
169665020
9624062
54277288
53091306
207600220
249916641
80162981
73209321
1126870234483310592
25520209
45180040
8372892
1303877860969644040
34295804
57164481
18747142
1017138708
173303902
51165664
3991143969
78632358
468478772
618716217
35540017
170497869
118925906
178038438
1622382767316078593
279281347
28259007
491279660
1632895159456210944
37035780
218518703
102160355
286315335
1194413774465318913
1533958982552932352
72641789
18194198
134645571
57100510
1016051140805451776
1480037774740922373
33111943
1429659903543713796
97040998
1542621577468067842
965080261489778688
1639033206467878913
1491265884656226305
42712761
1366807489145171973
1105270514883485696
1482876322368081935
399571091
167794263
3862466674
24224873
1414591484125401089
884937658908254210
53224648
353872635
53897840
52573610
760322953934409728
1080893368048209920
3094879265
367270447
3420881314
1297636967082074112
887487343
14421344
2167390714
1486375146638217224
35331454
211588160
1285395012088365056
1002748110643310593
397319266
88499540
63032040
54988258
1195727371531362304
233647998
19144843
68819250
47145872
2707277671
51315872
90310598
2295007514
98207153
56416020
237938058
1415135175235756032
36659052
1549123820
1268067380401487873
748546544136249344
1085122836870631424
186030890
70265327
65945703
42555808
1040736589490675712
123596334
1103729785325453313
172616260
901430411141820416
64808395
137080449
35191884
54367271
1242835350701170688
31228871
1433827775031488512
16334980
1179940949817991168
14640160
712931232
1535036103035703318
1211326719639965696
1479836968359972872
30495186
104349870
1304881864147116036
1265620802285834244
906138272669327360
2974493271
1388042816
151564993
143919568
851838132
848205260451696641
383297039
83494348
983761072644648960
41444151
125456229
1014669314996277248
105908157
1140328385199165440
803617566077976576
233615032
54065534
1191725339074060290
69647464
188561435
1351335583377985538
98137281
440380027
25764624
1114134725193551872
1469660904174370821
1262777935007748097
27143121
3895005683
27008217
49345552
611773032
37257905
161401770
153944592
236270576
1349376164
59932435
210215841
1233117103160537088
8170142
300233026
42090199
1524931857195859968
30553650
7619202
57748745
16114794
44622056
4086887662
42518664
111233897
1482879189095227407
1224025830927544322
962092804754329600
47670535
1239335637658013696
55923034
1460316749082079248
2781992405
1445901076771729415
51865310
715121252734738432
64298765
56398558
836265813728444417
1110639793350893570
4492579047
1527628414974320640
51809875
749062187927343105
58541236
2489265258
905201118107533313
1458452998255005699
56199419
137863193
146287217
47493685
3288782332
73236837
128124649
104311824
52866878
228060854
206350524
21242707
1476015440430309378
97480169
711657166105608192
1530585845631180800
14425224
281592037
178925577
51767878
857624090936528898
298331222
1166045047655153665
1107016789714714624
15320258
214562966
1512102018042712070
48545208
750101061386502144
255050291
57161717
75722477
1339305917158989825
2753249615
18222826
727083578278993920
592949259
1275864303741083649
2505875096
70118592
1498132263070019585
40432258
282535224
747904767997976577
1222348988499841026
1489786066726961155
1350914461696143363
1723392312
4286004615
53847753
53411043
963839814305972224
614455528
1432186688
497380552
17584909
144306668
1486058855268294656
215776349
824617176917307392
38415414
209493312
39150749
127671827
1449752296930349060
3313559703
1387235615054389251
251843010
51842490
938206801392275464
515009610
23876129
101355768
906486168598056963
1463585355655954444
1232764737978556417
1411382834888052741
589433710
59182311
47731915
1518487807655878656
26302424
170936992
1406724354
1084754822
1522559111090606083
95502288
115143622
621544152
140660868
1391233893064392704
1246170071141138432
64018797
91498243
1442204507731988489
86988733
1509648853707935754
291149831
120533044
109409580
1279038901747888128
1537989315992596487
166634136
831577624321355779
94602545
1278865849961656320
64020867
949839482970308608
1515691106016632834
57057476
1368357467013406724
30541668
121073244
93302435
17766088
195397961
905801733347139591
15410917
32395194
64542328
18688345
2741167558
1678894308
1359672332990701571
166145582
619346712
2527685280
1213650839006404609
8462842
3342200187
1484677885461946369
25025224
73537729
1020414994356342790
1169549631421915136
340461710
86097359
47973912
142845822
26509116
51778575
86780048
1099992315693883397
70503929
18293936
137815296
1888119698
923499849009520640
57521038
811024642592899073
48203475
133646076
53467138
3403114755
1584739260
229466391
97781033
2615619241
1011751272
216945561
51242253
1340647948183592960
71909361
1265268737487384578
1295573357988118528
1104125446935977987
286417078
37658629
3359660939
18633022
29720850
57469889
1089766219
52833087
22817930
1220205212
298083501
281472725
36746626
867828601604984832
43347078
549251149
52575349
441363334
281965822
1525171535258038273
256037712
55415301
132909997
25577896
90634545
37947820
14999768
40146795
280194491
243327005
324389058
1275135303687319553
1479874758430928897
128976393
76022404
1094085844502220801
55968440
206392950
119861194
142463461
3636152656
40822810
45472625
464897939
65675554
1526195040938336258
1456387818096402436
1540170427494006785
17796432
66769124
987101783599218689
114881142
1506435593160515584
1254631484306194432
1178066051709493249
95633507
1345572315527045120
8832162
803370400826720256
52805125
52837716
40228779
490691138
1260097627
378916203
203586485
35601959
1379423956541657090
29629250
201580498
102992758
171948103
1436349880025468941
10887232
62385164
2655947178
864548841353342977
15092522
2793068075
76293572
1333385497696231425
59767989
58954420
66893927
809457818692632576
264483223
172153594
46485883
234978765
15453801
57919608
970727823852933120
294946677
51262591
3054416444
1537882972359041029
32576568
111064179
310289274
14621018
33984389
49480741
52712019
69676999
196780891
1268949106371833857
1082755959670390785
84912815
31140675
292464711
74330713
137942699
101068627
53561273
1347302962813677569
1500975990604017664
26471320
3241107603
1420927006535995398
302768921
73956998
1433054534197202946
920597438439804928
1281678065505046529
16452976
2983337687
421258780
797252943804252160
36465828
1149177920
805560831891095556
811117981
157137761
263667283
131196779
115146921
518890337
1285726679088934913
14287669
1105921024003059712
1531819312004071424
312966352
961663380
96589602
48012522
17121480
58096235
83720016
914102889005617152
64045938
70725047
72074406
764551507459137536
61865373
304513033
1179823147496943617
1324546920
15741733
89541789
338086978
131795608
1197686775327711233
1507238612110393344
3018886905
1379467015732273157
3048569109
1337857972689657866
48410320
591961954
378383633
376934289
212218429
17897411
24956368
52500909
756288450685468672
1537580484754038785
1347504156391698432
282731659
1508291202730364934
176526355
57257464
100075071
50784489
62842687
192864647
179764462
3724233975
42441379
272449387
17304135
1157044974799794176
1504295089010585605
53520976
1125247849388752896
1482432073919082505
1012145831896469504
1546595978089828352
1498363951222083595
1500611297167220738
255287474
366331391
1404968615447781381
353737709
37537427
1460821262217981954
1462861124164931584
732971990752104448
55886961
1263568832238583809
27921108
1353408859
831944488323002369
41286470
43985042
1514012085105086469
53140064
62137469
51298729
243246784
37571692
1347944673327931398
67321291
164796545
92743535
106277093
81013744
2881753695
3400905244
4083660015
253142019
15586834
2173739693
65138908
60009256
97689547
27450732
4764638009
83847768
1535573359509049344
43089906
26612847
209743935
1538683677080801280
34118957
35075171
1265649820225753089
996559222224670722
437539438
714645120642072576
9358142
1385751628536549377
29012710
167931308
152111282
1178177143882297344
33038572
125813463
2257980997
138733795
1269075256695762946
1417489310346104835
94150452
1316890925117865990
26812587
50048806
1142323755903062016
991306440123052033
178515854
89288398
952662954905948161
64258447
14248753
877456946604978176
3189450725
174806999
45447020
101834598
45937238
1545106914429788163
1385554332712640517
1545242303987679233
1474484473706201093
1012894960889270272
1446423846073032704
1125789262505443328
2396245058
501131995
88906131
1479200513375846408
799412180
2911267770
56209684
333376246
1241905090321137664
18843802
319213919
112488799
50512559
56512971
18071834
165849510
1290272983953612800
3293747450
1408185441229197315
78058976
55974691
75873979
39899805
153625114
2988602333
93007074
1541815801627516929
1244481406614585346
1034204589791305734
875193215439302656
31614794
536679446
60733150
42498771
203212098
529858800
1091743621055987713
53587588
1494304232186466304
109943140
1160932502850215937
57256052
81713344
59303105
1189599959865278464
1147742425957511169
121615371
6049592
55380057
15869537
826106821232439298
15985965
93729395
72938894
1550522189841145856
1301357163315634177
1365142006100611081
135228971
50170174
1344856486967701504
110817247
1567549168608059394
1472925637677658114
34341080
903282272232775680
1336860080273285120
1363573075845988357
67915932
2401115698
33576349
147349751
1467586117784453126
117241185
34957991
715191572850147328
918284176851460096
60200792
63124376
18201551
1287931
448110310
995415057151549440
1503232828401717249
66571468
81593903
1403468190588547075
45604167
1585851084
1470460712401129481
1491889483201105920
38261347
76742645
1214362437387984896
1510641534143709196
272803676
95192153
1251827732117442561
715184289390936065
1445743452004618245
45658348
188047694
453190933
1511423835433836554
729459697749774337
138782032
44948170
295219654
4374329596
1519248132747444224
4236674193
1255437900134649856
1132060721783758848
1432809010974142471
152337601
1239348313889128448
108641632
175256884
1124889082616864771
58018920
1001921133409656837
59214302
1439990219407769600
60443003
708457474815188993
2765176287
25095139
128898155
14407625
346720185
179882031
35809914
63019359
1211186091174199296
28198588
71581273
2278090306
888116200768536576
942962034521538560
19302351
9263792
216810935
1048303018016460806
52900463
1152101736
195125929
1405532541650489349
1238944145118580737
558285110
168169793
49012933
57761531
44728722
62274216
9254922
1563705711246426112
1229920116957204486
957806266088292352
53535856
1565098534172598279
561472686
129047575
1387439357401894913
1176968166322442241
602225458
1267893232106713089
783126463
8883442
75877617
1169702460266622976
108637786
41901245
1562968684334723072
32441166
108699469
167249827
107700921
38524969
36748548
146893251
57455938
1225892219850313728
82940542
55414982
24875696
1562125046079954947
3929791
3320202574
1064025218
49836909
29769619
1531067822532616192
52372877
3837107379
1121839123642429440
305778664
51848897
263341227
67763936
44820424
85777200
27487639
1969021752
172450495
54459099
1368206852442513415
67895112
1143081018
1416504087277940741
801099001
42514407
65154104
114899857
40931302
2206192495
4261346255
75185313
89544580
14827952
47767246
882048537797828608
177743869
103806332
30488590
1304041904552792064
109325390
63830471
176239021
2571909060
86765582
1423137462373732352
144811662
1477334757906305025
478632389
1870066297
16427571
321236518
258571765
1336927744014344192
133105020
1535388369064189953
318139919
1441770051263078402
134649778
2593187235
284129375
129336320
262338689
49408808
1539701608262631424
67869235
855117284
31219591
753193206267965440
30579573
72189585
981780385393672192
47656062
159251502
1170795827750756353
93684609
187693596
1659217939
151313142
25174347
84723727
122232464
33619192
108998279
47449562
1691766446
2827603990
1486733809324232708
30269265
99001288
71517584
1478874399386316805
455490416
69920963
14787132
1519060635207745538
3030011103
738484040882343941
535978923
52951224
59963901
1191141052465455105
95406612
3328079567
22011118
1299035233044529155
66432853
103127250
1344528424442994688
107427568
1237774367083450371
54772064
1274917361489973262
143202757
794332895271940100
1058068619391844352
206302482
86733176
51617816
32792380
56172083
1484991346444320772
991701988479062016
50445256
797434640
966785647171330049
1506804564665769998
37661495
16661741
1616401894812909571
1581780772586983429
50816493
32762520
348787664
22223973
57717875
1661648348
2881660366
1492816705
262862330
1047100231031115776
726947326129016835
40106470
1537273140958662657
65184290
203989794
115645064
241973453
2305785093
129032190
57402118
267293166
1240845676331839488
224472099
51442097
629727031
1487632562247942147
908350287802503168
1445170580546854917
73009839
849640936208465921
318056797
27450943
66410762
1009511031884910599
336813925
1397746436880666624
102249429
934390089643380737
2431830119
64301086
21598813
3432965691
1512579600735424515
1253169448548282369
164363202
17154660
1436188834979536898
1158832654982287363
1455414150977425412
1153090347989385216
68206141
47698277
222657964
1105077015445676033
1625505546198474753
1610063545151922177
54436174
893896843725295621
58366440
1378382849565466627
1545663874057310208
2472370996
1543669789507420165
19331205
56807620
148986269
1081608197050454027
249880533
1252443965028212737
52593386
561844419
202800268
1120216000975245314
245413920
1149135063470268416
979529557
1380960150396280838
765879096194764800
1043500938
1545608718171136002
52809507
1629241
1155482829075177472
290273018
51308507
1034231825915359234
2996412154
3619898489
1062009309947748357
1183394074528813056
3131087933
1218263233590710273
748287814828232704
59182236
1335450813439864832
29108764
153777892
64149391
78702516
1369019655898140677
221119812
1528718180495020034
52625191
234065578
100227419
1495521516255162369
465149307
162281527
1248814578374451208
1088016058919849984
34032476
73708099
38700760
1308205864495591424
363756106
61001887
3403772902
252593537
1258121460335423489
23961187
1390028177523814401
468543888
1087684449607794688
109049442
1343522240810377216
1010916878661967874
2893240085
1431131812001165314
143373590
312923675
943643949708775424
138812580
72287523
719130551
1516027987984068610
36146132
68971200
226895549
1287201210936827904
1250579729813508097
1327365418722484225
49145938
2248145765
954032057495314432
1213595685573914624
389141081
127240672
36764360
178773369
249924689
167933536
1446896501620449293
1259676580592394240
276560682
2377979454
21203873
84642153
69883294
14357628
1197158166242484225
34264727
4873646337
1496469422646644736
1002026651193085953
22283171
58994298
41891375
434585854
53721403
2463169995
14933354
3191954199
3294273237
2652258636
51864119
30102012
1237198690890272769
62695011
49370468
56204396
980197386877394947
225530466
305195048
135177532
1322135220645208065
213240606
48355207
427074908
155321400
69675590
32411283
899658002353049600
495467091
39267584
762199440
46817667
328814471
83829221
14375797
51532034
53480040
129864698
907395692733374464
768008468
8740262
1212664433572335617
56397631
66826639
46928119
82141753
42447171
821771575179542532
52294113
127909105
1476730387783200786
49883959
4800173699
25617433
153626496
57674238
1479078276865871876
1378293610618232832
41024193
41385276
114557133
423985972
57017730
1504107599297486854
705431315
482490389
103151210
830547658922135554
2701241206
1497536087862005764
1435566100486447108
1143691272483422208
1055640141782573056
1413290478
8246832
56807544
539348739
401155642
1267270037175402497
97047212
68027619
61940367
766043715509051392
706192794478616576
783376800
1519318285011107840
29287336
748627564730650625
273626030
195356201
815100174284587008
1425939384373764102
72958246
161326582
90764485
63139547
44401191
1359619452594245636
51226911
154630442
45691554
169964377
1299008525960699905
3664517356
1255570574719496199
293730549
96373058
93438970
66784188
56713034
218198059
3906926064
121933503
1533182912799072256
23470455
1505682152368873476
526760890
907308025777713156
18464533
33373698
216133927
41709648
73235284
43776798
1458013567
128692944
40296699
731877677196574720
760656771853746176
247016837
335540527
71923468
1435083142566662144
17392070
403029401
1311939384149790720
48451972
1213976708082044928
53960337
407877125
927635027420213251
1216375381533634565
1207088969940373504
30791137
3648334218
33384655
1238059114674229249
1149264881415311361
3140826667
1487852575084978176
1482421191025516547
1376952360
1182760167907188739
56200362
1507390303363235841
212209206
842195921991569408
1549349595402092545
1043736003222089728
1540591945927606272
13757032
14594895
920987402
1488644174450761735
438562024
1224391448587644929
100839060
2364794100
49500313
1052168110801899521
1458366603867918341
168489181
42881764
863820587180883968
1532878518631251968
46779569
548474899
15329559
1498106763945648130
41360063
53748964
1331275738507513857
3057300731
915996647456411649
88919496
1445204575053561861
115259320
941526010297757696
97865823
33249379
1385468149
27307810
47736086
1522198957
1143606682649583616
838833999334227968
10901332
133689922
2885097263
1389835867422957568
2533118216
10430782
47340159
461491382
1428300327032442883
162451356
29622054
579733019
27991603
2188643628
96220508
181308673
82773144
3642806663
1463897153626066945
39328633
1525444210807152642
190088556
337596942
95570788
58564207
35951717
126992035
48707159
20714507
166173476
1139560171351552024
305183087
68256685
2719621899
864158594182393860
726986230781612032
867864608647897088
52792186
1384634090863874052
189313855
1345849754962550786
81973717
27412034
307655659
51732471
3735378196
234081035
36533572
56427275
1351696412132716549
715523689
1518996766967934976
151581569
594143058
1054949396515840002
1381249636275523589
998396855523438593
85502542
1539998361947873281
42290297
2997250516
41395586
1529990944547917831
217871086
878438230709985280
175506461
83552557
19746328
2165665577
2728363859
1384578988312514560
968396414
1537429100771520512
9996612
409548876
96990201
3363253035
778323182180761601
45186452
66026648
363769237
1460899695178485760
1541194817601953792
94094278
948972294814228480
1503199636177264642
90038283
66842974
1359911030
179154533
1532856585957085184
556284030
100353774
240353994
62000036
1355231454066847745
1075318560598179840
1151633449444368389
8851502
773491652
26057468
1452283509658333191
19234257
63975681
27720975
128226659
22808443
1083453179474444290
1524515330684559361
170853946
2293930728
72173563
67439691
1101575305
18682419
17719131
270530303
161078510
37949658
1351986808897286146
15349705
541823700
1566184958
2429206439
47730724
480496876
1306393872801693697
3027355715
34347274
2221991696
15259361
271008351
79076088
46294407
1646974309
778628746895130624
357561011
146129570
273417697
976884261075804165
1613591847636537348
113219108
1432134630677884929
1581501623104376833
1599111334762844160
905035296856838144
958002860423303173
1379238819468345347
349970557
1540305914900746240
1644158816538226688
90463311
574049000
46960306
97034316
1253730470988263432
917008998649430016
1483631068070789125
25574151
1009577438
47692816
1261854893524037637
1160215476045262848
1362738730298183681
14547307
3349680335
770833617148846080
1255918668715905025
1643317524
1620194399605952515
772913648842969088
2740483283
933344066657452032
1055661643
399323896
57581510
1640903282913583104
1628102261116108806
913241881131323392
1362341975047946243
380146201
1151515249759141888
1509268505245409281
45457188
1557763070470098946
70400417
1487085261091749895
1450828626778365954
1215463587336065025
1429493010769797125
1540544460941058053
1327329809396064257
80768590
22248152
889984327257378816
34123254
1517512496411824129
2285296454
2174489370
28437915
78158660
78113607
1351970783355150338
130008392
50521586
2474471474
130520674
208226415
1252284440140750850
15696703
97567948
166169487
1499807390
65819004
308971884
57152598
42139769
335544765
1288570715273342976
1287939869269020672
1449891521336123393
710082533418000390
142494774
988972977139212288
34247298
227754874
339321449
854651235068256256
43778498
1552443186747940870
2733550329
1114648487822548992
125214566
38238930
2899683184
53276311
40035830
86076204
1510774641329065985
36094042
42297550
14892999
3397300756
1108938510055038977
1333753094786740226
2953960677
1444668586623180804
234948698
711490202
237991333
87557537
1340878105
980443530
45672052
57485860
1104697998
1364647624494694407
1132133699741454337
3058472697
1331374778997989381
804833827663265792
45956864
41376236
35352873
1476028644632014852
1211816620940611584
58940769
1546314389774548992
297812092
1543089644
981221503952965634
2249635489
150094806
23539355
2248926164
328301925
1161961828219596800
222348795
890084761997332480
35847800
164776701
1209837626
381667552
1515237904246882304
40485496
1492672894559825925
1488517548513677312
1506462176516751362
65979108
297685024
37250559
47107831
49031824
232342099
185644201
329437586
1509120854239723521
84938600
471663057
488580912
75306168
1241921360718434305
28573922
1153787864855040000
14504663
16419184
434005845
1001139050902904833
51565827
77542681
2516816096
105141287
150413399
1167599116664414208
1393980463358873604
1470852746458898439
30989847
76926396
126437864
1248084794744987654
841642110
28801446
214174096
1167509095978622978
1540474363618656256
33888472
759575332995395584
1544023921598554113
1075739212702457857
206485890
712609120
99767701
837813698370617344
1165106379503362048
2965095953
151328105
131994647
10448342
1619813465287163904
25198237
1483581778929623040
46700167
59112858
1266173417662930945
8472652
37987897
238782227
704815295207247872
1609691914747486209
1175536929397452802
70380962
1622391800148131840
286265921
372063864
12378552
1069767136707518464
1056184380379619329
391358045
188088539
160374450
1370143007148806158
2803035520
1598772273829318659
1224096557496180742
70244347
1355679013914746881
1622971208022036485
1155823436733829121
709851656125607937
76170292
160987515
586314589
1170388681997398016
168498976
344058769
123998132
84648084
751696398
263234760
1619512140074737665
137467353
342223579
3358000539
803735021043466240
908072845443567616
1295484710060163072
1301277152441249798
1396032511
1513618148192358407
1198551783003611136
52492069
1149933024987045888
4706720667
48506076
16337409
729505869604528128
1611113017697095680
1328360433703657473
75153534
405069114
2941761809
1365427084634521609
487691168
95634637
286741690
14099402
1218218987970007046
51899804
55118182
34773505
130034391
1408411080053903363
47738199
832227427
854919572146835456
1029178292547596288
3418540271
104345686
724314294
890996156309921793
142824445
3351042767
1225480418524311552
22197767
367966084
1471150831
1395586387139772418
1520320583338237954
94625350
159488740
972290383857274881
1402030088661635075
141605698
1422174918205132800
1524942883098337291
33603230
90363931
1516193230378913803
1370284535590572032
1113438091396689920
1513547809857105920
1543491682271985665
35393643
50335822
188114692
1042430710907326465
70856264
161171438
52290016
1298654566049873920
618678754
2385156751
56883499
1274464809317273600
1405762696688009221
64170908
1547445700761423873
86969438
1550284775503568904
124645301
961407326384254977
1059127836315922432
206300059
76111574
879353623603548160
868555024279928833
1512064268006354957
1202021138899066881
65798038
296977378
61109931
1478439909476208641
3314337995
880436984858238976
1280643037023125506
288742337
17724511
2200545902
51560582
68737051
240525051
897841590588370945
894727472230670336
782391607601528832
98003657
39633141
1475858467126665218
48072330
2553177654
4264597984
79290567
324410764
28452017
1445137304939634698
44810649
1509390037280038913
35540550
105962343
19594520
3431857613
202891858
808333765760192512
1105625869702311937
8204402
241303038
109526594
836960265681977348
1125632089
1351246321970278400
905210481929048064
32640324
45575799
31138182
162087831
1482057043141877760
53554742
345216960
1542975271720067075
1538920302775771136
1924475114
1274436423664500745
2512997884
176929951
18884118
1021033572352905216
25919302
43214045
162937441
288086248
2629100627
1327969775327260677
261877513
18886174
701817516
1374104063986520064
132378656
20919432
58608290
1934965290
214291275
1471885362104524800
136079836
73168853
233962816
27566436
138796935
1421643407768829961
1059736961307545602
1855854390
67222948
709251932158828544
28383343
1055083974526144512
1004873757423538176
1461827034
26542481
480714833
64727308
64890713
98491235
37153305
21308064
1328430252566130689
1119327780326473728
1283256836397899778
45384117
113214662
77822199
1128715163920683008
38226685
970734760048955392
835302276331933696
1593952976
44726232
66745116
887001273639337985
278210857
398384968
1354225818231332866
559964935
1422938222926180363
3054054091
43047753
15103345
1147203239517048834
1421580807257444356
52363865
1452596988592238596
76426688
180875727
51848952
1360083179428798464
1321916296460750848
981707085665665030
150419791
27387017
57141131
1535636504554397697
1443757976066695172
1410320724036833280
1487695198104739847
236487713
45705838
1277482714480939009
67039937
1336709035199000577
33403987
290156535
101565912
73272837
19383548
4800229121
1154863039495229440
817779697903894529
1124432741909635072
241605932
2528427068
58012767
253825292
37750864
89255134
41179451
30893561
1525557159815266304
28246790
96182805
349187146
129225572
703961955623706624
1159613078243356672
1244873009560772610
152719331
1360988272860741645
4707489323
25466728
2875628393
97764554
2450026332
22576338
1524762179345559552
23001395
55885236
459268029
1473046676914987017
1466220101896658960
190316221
17194551
820350777407533057
38362548
1389805043419865088
280264787
255390192
140579684
2741840722
79579194
796779847137849344
313195811
285609105
40231311
1354795363526463488
30016165
15281396
261867548
948322202033803271
1482218364739231744
1545823303142674432
1341456928631873536
1539575991391100930
1533122660640727041
803614325516763136
830109335892193280
78108494
2180286736
1511426793781268487
195552884
36407991
1554120152
55891961
31882425
1298662460078149640
2357908862
79218110
1470998112441450510
147298962
1591029365973942273
1157005495808471040
1009239706394071040
1584521843511361539
166579048
65689092
1342539528897179654
1450251914692763651
1456446564155658242
267835768
70573414
35540986
67924410
1618625541459902465
1322352224991879169
75783510
2937614243
52021006
26518790
52194849
1554908556259987457
1538943479652433922
55235656
30404697
529014294
1972942405
500718432
1115815027234234368
823513031636385792
59618279
40371419
1399398011235614721
1339999254073491457
1076781440006799361
1613893939915886593
2477203171
1478767389202395137
2786724579
1935605424
1297032644283301889
1158480830769115137
61482912
1548722349431717889
1005679527480131584
1514745482983223301
51303342
18713210
1608207774613213184
1260654771394011136
23974117
81247816
137777595
80086599
142875392
18455336
15592470
833523918
283312611
117060034
55392137
1147977986198712321
333183391
1533287147901444098
52122599
205681005
148868565
63515833
45462135
1496698634234216449
3003879335
19996223
296403688
64471988
478508408
1094444939855958016
1069686857401819141
180139068
970536469
1059621462364045315
326495147
403410820
89973518
335467285
43692060
1146531529931264000
66234643
1380786727
1523304172787015680
1301909192408797184
316072613
62279697
22635254
152320210
3003187203
301620461
357975292
1502931470687555584
1064740464199385088
1433233560148877315
950761322
57956355
1836792889
108533569
87840239
192606415
180170838
3294022744
15651886
48255251
1511533529947115520
951116742000087040
61277066
156311516
179141510
20955130
1535442433105870848
51933591
133426384
1554991942726983681
1503279399537414149
48600862
15736106
983078355791687681
4878135472
786035095391997952
161696522
1481823369171451906
3004474515
1095304397364649984
156455938
60547295
71457257
884973446219878404
1517258608207138816
2777151621
799785148464197632
1356402359501467648
184649099
3108499451
1554489351752630273
1357064181686673414
100795567
1415989325792153605
167095721
1637376186
198621311
544783913
1504933895606779912
182792084
1492195770535227397
3404244513
1343031721445511169
1423803319416393729
1321946008247541765
135303730
67092014
20447120
49644180
153677563
1396500907668475904
39570350
2364028378
63039831
742931877615525890
355619457
108439036
66282097
1458774201142231042
56520516
1144070540
261454921
1410301095537152000
1241729976023633923
16288629
81369285
839097509431689218
52598287
1259934857414803457
91864046
37416391
259255465
74256272
39253900
169825640
1163837550655627265
332962774
8597882
14684271
13198332
3374951309
705074982020390912
52279685
718220011588993024
1553112394024587264
15409426
67753828
41838450
1374017196414885888
175933697
49497310
975032069825888257
1329061617712164867
21341906
1466946784425660418
1684743787
1546606688421175297
271389271
2697233587
63607692
115479623
1357478361514270720
1272888458760138754
1331398878692782081
45735575
1012913205788766209
339183004
2314245187
1208585404422733824
344679628
51554470
2830762756
1600314850697248768
1282752451200909313
1427062063587753985
1055622910604402689
3337293484
81268468
1210919769790013441
1614787974826270723
14849030
877335777662967808
847438746
715914072
44636743
1542192579151904768
94230617
814674221150437376
1055152529716187141
1449168233186140165
955933221702815744
60756187
57531053
1251740137161097216
140301695
1166539654801362945
1497318285162991626
1623712447818244096
900270579038785536
2672522463
54567903
46776031
51025051
1951743578
1451707870693793793
26484337
311184218
1611013638160109572
1244214924248842242
136394580
1487650496366133256
26687688
1619487268363698176
751950482147569664
75884386
65482879
55553488
124819923
66024631
366714265
2736385543
23548095
1524115098666782723
148609714
990728239227293698
1245517882269806595
1490495843824193539
923913517824167938
2977527809
2748684155
1247343365408129024
1368269417562378243
623541913
15682947
856605924483633153
1154852174716907521
998025967
718478586139844609
1338129926726291456
1555548365085151237
1024999679958941696
214342784
13124602
780201362
890725709852880896
1397354724895100930
2669260740
3070899617
1005827774316208128
349189269
372591661
2304887937
52912420
2777863894
517391200
1431590202389188613
1631652586880155650
914302896308654080
139415731
1463345247744782344
19907731
3152587420
1483446286787481600
1000869102813175810
94586240
2374640423
823206363044212740
45044529
72410864
53238814
805454176574640128
1406401570812612609
1635971242208419843
1306948184460099586
1133207439468388352
1370170661788909573
1000027699010818048
337408358
171294402
62836957
1596918254454427648
1339729059010502657
824764376397799430
1493413480384413697
1286698772492427264
53710483
115088053
390665071
102137006
54322278
133849620
220542527
1141338625545822209
242205685
39555703
187218381
1645922713
1254945923370749953
1209717380273836038
1629321987066568706
263886757
1044216397000257542
11334252
1531780301625741312
163941408
195863790
216427547
1325921464500023298
2952470314
1575998900649005058
1367701768948350979
894181501398650880
872998338328748032
3091854981
1254807643660713985
1510017490549628928
2526096661
21563281
777954046753857536
1410706253563768833
1141080592332861440
40325461
59927850
1075377947358478341
1445142871175311374
956533199135563776
24250530
1374663603379376130
1417295108765016066
519480589
1544125744581853189
207802615
171721635
1623709420675907584
1584254403783147522
1475095781828923399
1028651199137046528
1291412912112906240
824616143495299072
1371253347777384448
1238630457442525184
1175188165340147712
1493228135067828226
120581765
81263779
925808421278019586
280705494
572260819
1092580358233751552
1460618372933115909
967491915825508352
299772032
1533918932167495683
858057419682979841
1463501695099576328
2222657409
95407715
3298162567
1633802411075596289
4407068775
42027444
1565830661059084288
1586746993333895173
1595933200613777408
1161249195019386881
95227758
956613369158623232
767432364393893888
1635338890025267201
1343838051412410373
1936359925
15319999
1315217329463099393
801598642830315520
3299832892
23628500
118574504
1310639324933894145
25939664
155337308
61604649
959723201566773248
40100003
46227530
57213482
3007828336
14830474
904831644665860096
2256709464
134131362
42026934
179520681
125038533
86321490
1505952224261943297
96876429
1294627394238717954
1554676701640146945
497961508
1260643800902443008
1541484529667424256
1118159209
13466132
868229898
65547548
1460935874573746179
1019704893240676352
281798065
4149390621
1518695746253565959
194212146
596937273
193907210
320999965
213925738
29120161
13218582
293825688
1319773515990564865
1430251044404142083
50075678
201882598
1560997243880194048
210232253
94109704
1244008631647027200
69078402
140511695
772789569003655168
717402837756547072
253057575
913227996
816242020767375360
50478237
1210925641614278656
4687156806
1523244251873783809
71890905
2388131131
1150962476994969601
939243755529523200
122219855
42788780
3378841539
50313986
49461044
844948803669123073
116775117
379239422
752252937267806208
1621169312
76770251
54194322
119768564
1059889055729627137
114888235
1528779191231123464
51744382
290666790
267914367
582042773
1029871419100987392
54440370
957442106
50828688
2674113413
41647014
67070386
246782613
89012683
44425081
449716739
122511235
863228372276711424
1011412832448139264
3115968078
2434585227
175048113
994268555477766145
2324532745
120232954
1453548140087414784
88739943
1392619510360838148
2470601679
193343561
1263430630987235329
50527070
22423154
1452040736770232323
25476101
410740145
1376903472105279489
1273078510899380225
74221836
24986512
74767817
66686752
262451116
3030242351
122841114
59913526
9745332
85185172
128226789
812771885121490948
33595216
1541986004080492544
74235981
33374501
459485252
54270728
1438344048
99023218
890996919664881664
1370526569408704515
1514381504302006275
73754119
35347445
628018010
38690166
1454933230042427399
35921606
87244850
760539242233733120
179560202
47810849
1091045920203042816
1322134551351709696
425829392
16151157
29441813
1293958754111717377
1565344355895742464
71141421
884975407472181248
264321736
43102246
782008051066925057
3130786150
1175219809514065925
921197448885886977
194693328
832338079
542808908
1545571816760025088
50823901
1213219642438602753
1493830230443806728
142499642
1506435858769063936
51262441
1382449194804383747
1136350755756093446
2883288617
1549142511263924224
1525589384153669632
73383624
567251824
174018718
48360486
1549611115793063936
909136642216218626
1315899706648788995
1533015298072272897
1552382766305710082
1510804756289269766
1246210841537585152
288562621
1150629049254973440
834198366636605440
336550037
14607119
568372973
1076106932807708673
129136971
41410205
1334871686
55550639
1212123042
423779003
395456308
389550633
162957667
302339970
156769386
547066498
