15410917
280326399
96220508
60621293
15430166
807241804869435392
36748548
53535856
28679333
142463461
91801244
24701343
15735007
33275504
46043405
1274229214183673856
38847388
21415271
58860394
1157274643247640577
245413920
3131677000
43438120
257549901
68612176
1321137076516065283
2795426315
1114205219578163207
1424321251632365568
1836792889
200885717
24693100
1110639793350893570
167680842
144811662
46478331
151169791
1012382418580492288
1691766446
743197111
57100510
1004461721229160448
1540825795169509376
224432145
52866878
1386306045790851073
1316890925117865990
1257310096222113795
70573414
816806086099533824
803065335008075776
49370468
83968333
1047977396903792641
4685273354
14091312
1495818188369584136
120556049
931977285736988673
1539981504272539648
24993889
1201218050009321474
272599828
72291647
46825412
212382294
32576405
49836909
17842289
1528355937257398272
157136792
79282891
25700962
100568251
591961954
1094085844502220801
897612127766167552
2729644180
41792610
301831599
182792084
35131751
56372027
20743783
1327365418722484225
89705791
69687848
202294382
1419172698958217218
1041120710129676289
95674345
327436826
37466043
93438970
85922120
2801237601
1240520560033124352
213042349
85977181
1267139418768490505
316776058
881934019151220736
43030622
178585979
13324202
115109126
200896366
163598756
776422210630250496
61910489
19760192
177423719
312966352
161406010
157873755
1272656434472329221
46538982
1245347031675277312
159623184
49315012
54065651
39304470
4706720667
14766995
69343364
1432046204
1073448108330270721
18202406
348140535
1331759740427362304
78507844
84161841
285771866
1254905639274512384
1257480051026792456
1427450113862078465
295283339
907308025777713156
329482776
442342156
48203475
799715559323541504
1196496699402997760
11334252
3298690133
4853982353
17624650
56182140
825760807451578369
8851502
335548378
1238156927030394885
53960337
1112422956389539841
96609404
769900034871681024
2328438976
1378554238410850306
71130631
982284675916890112
1222288046114189317
347656894
1418870963207393281
328736107
151978321
188547682
3022056340
1207722519953891330
304513033
88919496
757928493711761412
249798348
182654872
39267584
238682030
64810427
2870506059
85777200
305778664
3294273237
474150555
1425605462632898570
792972869378637824
1084600726624583686
1484677885461946369
53091306
64258447
1090218654845800449
2183024664
1515879410599092227
53371678
192864647
3090420712
305270814
380069148
80595718
58552050
2732076993
118925906
88499540
166463041
22248152
44211310
57057476
203809353
1367252906441850882
1202498336596660225
547051556
72443914
851798584597020673
865256234110390272
36289190
4909358350
143130371
339933198
56715581
3220765519
1059597114538377216
128710350
193018446
1153480406714507264
148870532
22912995
897298921076252676
593161563
184251024
30354784
953079832983887873
178097194
3135465921
1486058855268294656
75365289
1373713310642753537
193852550
393656861
60881028
356497773
624478860
63322414
36764360
1501185679975456770
1259552197257420800
1448060495055949827
36288618
1364285128164450306
843038820442476548
1410634208989618182
199249109
99162230
2429206439
1183789121698959365
234587322
2983616226
56782939
1431427655753207809
36675316
436858772
163581731
52393822
1427787156571971588
363756106
572260819
64046268
169112133
98392613
53658070
1317932922469535746
3724233975
1002290698119467010
111189827
1108828095132434433
825389794226270208
128670508
70389714
37195385
47428085
1263568832238583809
1351605237807779841
2749053509
1204608358772334592
195560839
3437632402
1145172637150253057
203690916
1298885573181149184
88719956
1157349000225415168
127251919
1081586317962694656
288065335
190299430
1248612243123474432
1491573382143524871
2860253091
72272804
1723518612
166562366
738757463638429696
117421795
28921638
47138440
51938571
1263247179633905664
137704954
1420105998421921793
1479933845671751680
102413771
957301145407492096
1959923005
857961359501348864
95104772
735816733714481152
1426818757507289090
164438826
51931982
129864698
1422820508106727424
526528864
1201808953
55032600
53179056
1521923468983472128
42722635
49760041
84912815
79495209
1503698840980963331
42486967
1053705009232338945
1260097627
1322953807727337472
167105406
4631911
95634637
1126150012767997952
100111856
3350065960
1498413243215327235
13840222
3333176632
20773495
2337399092
1520038699068796928
1050129599726796810
50714732
173957663
1517474947937054720
35620080
64443688
55974691
283968972
86532411
82942234
57761531
14375797
326484712
1197007662287859712
52453240
1242108391834738689
3340314023
1363622635750518785
839073013
960324828938100737
173819903
577959958
61041275
42303406
2787216415
38730745
53941960
631538097
333118437
144842555
948966047104847873
306421711
4070664929
1443044407075299329
406257580
54459099
517391200
1080495571868233731
1437776415659855872
746517209091084288
1211574576
745049412267839488
536433629
111645984
1576464876
1037138948043272192
1170902282759806977
1224025830927544322
1329938517372383232
52931549
760314973625184256
161341342
2357617960
804333074830020608
946102782892957698
48400620
1256182896190242816
182589764
1485301890
14248753
1258708555135401984
41958045
1325243717276594182
159107650
2821831782
184830844
1354072887238553601
16213654
300691129
59038937
2466702392
782799516
168916384
1452631605747531781
251233867
963530155372228614
3180021671
51054309
209307995
1143691272483422208
1467326268060442627
172532861
38126297
902271923098353666
359983589
1027325446176874496
111910280
1053724470870007808
3089202639
2663965709
960197635650084865
402411433
920793359547076608
2741840722
493649127
1012499357927604224
82468496
51343721
1051141887573327872
1446312217767448576
167505006
51634428
944415427551166464
565693519
1237506224389750788
3217
216807677
1063388396
105962343
1485701258061221890
579387724
187679561
388030398
130817792
41175670
318056797
1221986563221086209
1397525438906384384
2258214954
14503489
152866784
136819239
15509121
987369134802591744
382356845
856322669591113729
51405210
3303606231
158963067
323610109
101642089
1041139561496104960
872607817152245763
1364942822793748483
87607244
2750202640
131795608
76533729
56610486
911396675054374912
19285159
704874413
775411562047733760
1083032720501104640
39661298
779017532
57521038
635853744
4098337719
32969058
43776798
33053200
1421643407768829961
841282772996112385
4092166397
3030931355
131285084
44156404
1273635005739171842
136058995
22129587
29306020
75636091
939523226392317953
66349108
136101916
1006606211423309824
2267384157
14587010
312997401
1293548951820537860
467016785
70563747
177703480
57686796
73297464
161747388
2692056711
4838602125
161138300
3087429234
3292622114
1132133699741454337
218179841
312923675
68735489
1080871068850622464
104190156
69982494
55996966
1493716233283375108
92083727
173181611
1283247557574103041
710649014484656128
67196739
1365092168235368449
1384654504839286784
636324633
43047753
14372852
1479451879415463944
24214391
116929873
3220038195
1147977986198712321
4784386223
73372157
1350334896984752131
58216233
1352769294418014209
210548819
822268919004139520
166302831
134871064
87819478
57942004
176875950
107439139
166495623
26894476
223544263
1454890837721108486
1061941299966820352
808827182571286528
273534839
719130551
1132475791164530688
39789302
827846581
73273900
1535442433105870848
176874944
965290526978256896
1034228671278669825
746561194656432128
1213255351400718337
882385030986821632
1359146041329729536
198017471
89415501
1293669115098472452
825875033415368705
2854652866
45238742
1421816021963399168
1312544764009512961
68794087
241973453
8170142
229945618
218334819
749062187927343105
54270728
375925260
51609735
3939051
47220478
3140826667
51842400
1148626429829156864
85642174
1482043674049585153
250283538
110688963
1537997496617562113
59804252
228579144
1534202366018392066
71074862
1424226152877547522
1264607369960525825
209570167
1350181291405299714
1641991753564561409
1482876322368081935
1539802611670450180
52784634
1631563868215341057
1225530905923596317
780199774142300160
349189269
286831347
824285475837984768
70264844
1449752296930349060
1549123820
311403440
1525251645713571841
179141510
40125120
190049884
337596942
276817620
53238085
1394010362119434265
88039233
4827859886
35540550
808677418638708737
15678859
855117284
1305839571280760835
1219610154125185024
825352133109243904
602215460
729993938
3324267797
922290541894782977
24875696
789893445796200450
321236518
91498243
76481710
49756621
830827482
66571468
161696522
1075489189741948928
299322857
1180452762540269568
1427286777023418375
867642802649169920
211715964
188090798
1513286037191155721
344718652
207624102
1010349492036624385
1564253910000435209
54572939
1130323937441792000
1616308016
725845185435947008
3125690539
15329559
8539842
60396456
1133548983345930245
1936474610
15817024
586195358
8740262
1293947906538569732
65819004
258122827
63146497
2844545763
2859711561
203671448
59664354
890058421520789504
1480349388073578497
831534848766570496
477807362
14562615
1518084433999503360
1119362852480008194
637385447
850721129849335812
85118177
1703316140
806558181556101121
1191060021628538880
84457688
1344025116443815936
980825351369691136
1253762614166982656
35509713
890028974
4699948116
1551412667390332929
1552407276916555780
1324567212078878722
73493771
14997935
26817727
995356384333004805
1175927735778193410
1630756729
168790484
1108822381810909184
26992157
14787132
1340519047
40231311
297753154
239063669
2896619996
3228907835
101838740
917855442960822273
1430536198280425474
1241163361930416130
36527491
1397653349193981957
40261159
1375240482230525953
151182210
82412968
1044791681021874176
4745830095
1269095936984260610
1496187520341716993
1252321384853843968
79532935
1021666078378876928
708099333145681920
36362637
857596686
914130775787925504
1611171793
170936113
65481506
51481579
1015364505612808198
877523169724256256
53105219
853583539
965757321686200325
762644347863064576
29023205
1057118780541882369
1544851519362793472
134546956
3434584691
903355734477467651
270069773
96230938
795275555524509697
131494231
37031702
29369940
332999967
55310560
213347140
39260087
3654982295
62695011
78108494
903110053179392000
120956551
1365756705498406913
185916083
888605054139326464
2978327949
4130852296
1174295495579226113
60161613
148868565
94150452
323412654
1135862166106648576
1002073590425116672
242991309
56510065
65547548
26350882
51884308
1339739176460234752
1542695561505144832
153918456
167597372
29012710
52541908
923982713304109056
120505473
51513078
77726892
402715144
40296699
25939664
1832939359
1527157893052649473
1015244647
87244850
584628887
27013421
279854727
1350854175429636100
1541635222017548288
67202036
123596334
1409517917197279235
41407752
551406081
58759505
1525058343345192960
805560831891095556
1414368025
54766959
56595464
599516451
52309670
1527148228700950528
2348496643
1402291722252660740
1484960771322920966
800798726730096640
3025383447
328146680
101899064
1420888628964823041
308987220
1420927006535995398
1537540102766878727
91864046
51439735
1243640657979342856
51885857
1054428859087683585
218510749
31010040
272115866
17271467
421387728
27179676
1194500988
385065280
1545736218725474305
83653363
55010550
87509838
132909997
1041515330257018882
250348818
76580569
194700534
1554628657091592192
762303570662359040
1139167051237511169
926587843245412352
169825640
1535354944823361537
70779321
1549937325798576129
1556725069833031680
54715632
4056992842
327590531
397596771
54974415
1212023785194278912
55467929
131949133
1090022231927914497
47418016
737805622293450754
61187941
302798333
559884384
69117559
1312842602748809216
108637786
14407625
2501838710
1352641257848385545
65177472
52244750
1276244206877622272
2494016282
44948170
60673769
193103439
861695579151269888
15486993
143202757
1020414994356342790
1545976955274727425
1561381318130339841
614455528
196780891
37749824
87721285
367270447
328537024
469589381
48072330
837716664871497728
26446664
246562194
36407991
43833946
60096177
1452957695074607106
84410431
46533542
1224691070870736896
1560741331634372608
83903370
44141697
35483173
173631760
336289096
82141753
736680582822907904
108533569
317060713
49619676
34812664
4715652562
485189927
3087494572
1213912436731830272
41891375
177743869
17769871
30541668
1407735959261700103
736635987745476608
369664223
45235681
1113537083119931393
619346712
217524562
59247999
1196755395152424962
350383862
1389952015074316291
193320546
3436806436
71581273
94878293
158160208
177961487
34967175
110032411
15509258
140450668
421258780
21341906
2996848907
3132315712
1353100471246974976
153677563
1535241894489464833
1399699938704039937
162376873
102518332
24956368
63964146
3420881314
878376820655214593
4390126517
1462782775459786755
1361877298526490624
93007074
10164502
41286470
118574504
3207376239
1348869748084375560
1176632041208786945
28259007
3587333417
41256386
1633452736934035457
1571185663889874944
75347026
1402520098846515200
55840425
203235361
1239698777520340997
3290795128
39544115
53561273
1337899225
4860134997
55368497
871467365875187713
71895898
43096142
1549528053822509058
892897235792527360
56840733
794608763898626048
175860937
35770077
636480492
1206322890792198144
1093169613662244864
282299390
218735209
163177984
1309594402810101760
53219816
4238071336
1148730079121465345
1381329339904577538
186530556
1550139052355100677
19815293
259288208
1216540519834230784
1424501764456394754
822150796351537152
1169702460266622976
62398334
1328891287714586625
937416853042982912
304730976
83883658
93090759
115102624
1467552391503491077
152343162
1410706253563768833
395241923
899658002353049600
300972374
290728750
38164758
119612457
55604156
244141048
120514078
983158820217159680
4333753221
946149209241210881
42743792
33944698
183346400
28383343
1544634307062423553
736511804323581952
1472696739178102790
215280872
437615886
297602795
210049539
1088590360400543744
1329607180660649985
1157466890
355052632
230501927
1361994758533619715
186612406
303316635
172450495
351941846
1301511808528912384
817882111868805120
225495137
1126470476
77542681
98237980
902302982800375808
87718122
248412116
316775437
39899658
47472524
152751465
1609057591
30877806
15741733
1178320534913896449
131994647
1314731328898772993
1549686028981751808
712931232
54966699
1471215881208352768
740113990404214785
57495182
1076106932807708673
897969503509901314
1508600188801323010
48428116
1151527590332706817
35052013
2806210765
1356563263836848129
1376691976293253120
101933196
59157108
764974167016009728
2555615785
218176851
880071166228148224
2878024792
64244511
1432134630677884929
1253575073451192321
727312278442352647
162191550
2374664614
1594056565
44186555
180442473
29864957
394736808
3407461017
19888362
3037326843
941526010297757696
1117556091427139590
1344982170134323200
2662408269
218114717
1392181671936602115
37571692
4907828782
253222706
44673247
373412585
52510889
1105988093172166656
2773008450
29120161
27227178
967104590
1214876242933100544
51671901
2537978542
61787653
3428484952
1471928838401798145
1286296398644772864
153007960
70428762
2792552630
172615145
28176701
14449799
58570790
67505812
29391362
211353532
1376569866992369668
124521984
154967982
1461666037838098432
15280766
122443674
732970731139702784
46660385
27508992
43632443
276244970
508801977
56259060
1205834781738590208
1281577577208000517
27872594
2954726315
162957667
234455141
750663541766651904
309866009
826452249752825856
188411837
51226911
97021200
905763912888586246
988780926552432640
1171557453609263105
262338689
222181835
1306393872801693697
3493611
1497681600464752647
1396230461639249922
713162445364314114
324621999
181254103
28720775
1045930932
32541679
565713574
26735183
55906266
783376800
793575454892589057
3155001939
946561117
1448388739206635526
1364003233165955074
1450863928167309317
720778678993596420
872624088283480064
1343394599285514241
2784624050
104227512
37232882
897627069286371329
187178111
1554072339981148161
1541990048878530562
91836250
42673823
190844854
363978885
109325390
62182939
4632033388
62903691
210260777
709742003928563712
165221267
3077383197
52792186
1326507537810804736
263832031
171594489
82622499
57778160
1327572224539291655
3642806663
1091366004377206784
201520458
718164235
315931580
245380150
1027733533786292225
1434717663910154240
1090681428
1358542068331778050
1507189544055193601
935181549946982401
1436456976
242391290
52095465
69071282
285996079
1532403523031339008
92743535
986653573
126040561
1248116845778997248
704294299991744512
854502288819441666
58693976
2188643628
1605936259
293094688
966450640972144640
1603308822
3978378195
134925612
824774339249704961
131539903
290031765
140215904
80200621
55548998
1257748535791046659
798289591295942656
1319963236477841409
87354759
1040847727
17243277
1122541872235388931
94380351
1005593999753797633
1347374324592869379
719287597
223708414
2324420269
34082314
111428202
1360617218703314947
63057498
405219342
88750265
975542099058847744
2600205721
76802634
1207135420221448192
151484117
56835757
60743669
1067163319
1481598426986995717
1395879068575354891
1438826646396710913
2389495010
175742583
1040206713071251456
198240405
85382677
1504273226863681543
1053938018
1175188165340147712
25574151
1444833601116327946
2306707293
234034704
202823837
42899313
48161519
1391233893064392704
15381190
71877526
38421837
1459701572292775940
1024189116
360338180
51294408
1247299638266335236
319807147
306166512
14226203
875548075028295680
76059097
3074681205
3332884438
100612757
2973501413
28358467
1231259513447120896
15449967
168781236
342815291
28365770
3241197484
44195661
80102878
113707753
139696469
52625191
25687104
2975067640
302868986
41860657
239944894
1330682310191173635
2469896996
18734856
113467744
112903220
3033548951
70803556
336024444
81229644
1076804844
1057072537568505856
2791938957
77082533
65237479
1518667234385829889
29375563
160339897
268002576
1174454115499487233
23362781
714118116779954176
60733150
1445129554184523800
1110944818115629059
1429714612560273410
79285340
26823385
229988672
367314249
59619515
1445460159740854279
25688061
1237322425
780201362
1207991985732280321
55359406
65259171
162375455
3065940424
103690124
55402582
114816276
1392328778026733569
3363482295
1570764218
1245132703558705158
70039958
1328159479318372352
1584739260
1162784155807207429
54436174
3839334676
190510538
35063815
1529835085867909122
35540986
1267419728957640704
815100174284587008
26262276
57453835
41802289
463910217
125124757
1651211586
1131447608558403584
147358721
6049592
82998437
39328633
102249429
1159065444319469568
1373117023471943681
1171671554
28725081
42073938
712803270155235328
3052663041
1598772273829318659
302049182
1545823303142674432
912482847344164865
1003448783638843392
1149264881415311361
1388109814874714116
128532250
1341258647125569536
1233146291242373121
1267090430304432128
89222738
2578898119
1146592422
1621750085842247681
207600220
1035135282
214342784
1592502087685996544
144616603
714754841843777537
103425518
1359942342493564929
1325262145337102336
1244506585113731072
14547307
139744894
260320908
1870066297
3572574796
1108057476619030530
1500596814214488065
953803752934387717
72601613
1005827774316208128
76708757
2155643814
85202969
26617935
122677760
2296898868
1161357528632057856
1542261803018764289
69636814
1103372825300221955
1014337175234793472
136743247
147298962
262875011
1370066191084097540
1246238367785914368
1197712678560636930
39936067
201436927
816098722308300801
150014465
177316897
209698187
93943345
1268002186140749824
120519928
92010174
714842228951289857
1597349311066537984
724257403634651136
1166791460747907073
1011313938112409600
41054443
309202092
288936275
37213532
1432353473761325058
191504866
2748203367
70849228
800773820390903810
3014833809
208556897
73531164
2523380433
1279600407766020097
118115521
1286053410362601474
1355950095456497667
1154583863043207168
1093990391609786369
1154790594151161856
1912423482
56768146
1354570721670926338
95017029
1370189622345613312
284668082
13124602
33547878
799261159081865216
32762520
48012522
799458345828618240
23559259
518222235
2577597908
2978116588
1389484990556168194
71109358
55987157
387478898
4269625761
261324554
167092600
924819187696054272
2546047654
1445093151186825224
905801733347139591
278856202
1479767297262854146
2319382976
53347651
27758332
1445529442554564617
50851280
3400127927
53150995
895639559823736832
106859192
759278406932586497
38010997
333827176
185644201
482978541
1612291683139424259
83210895
14244243
1620056426692370432
2596803259
142875392
746924978642255872
3091433603
1572727543328899075
1612217649110425602
72685903
302467988
1139611326
3459753935
23602858
1100981053563564033
292120622
85909875
47343056
4660027462
1163438574844436480
131146407
762818397960888320
1595421576173854720
48142147
909136642216218626
1455300679476645892
28373337
882403578257842176
211920835
490691138
275251892
1292063970
1224404016303628296
1538671309407780866
40808754
451657455
1517143873679552513
67344026
49883959
97570586
546230403
175071667
51554470
51242253
336932386
1295611003875581952
167933536
159698135
41838450
40071096
41301982
1524541470102933504
282198621
1323085449959788544
41934128
1351644378540990464
1062193419110567937
34604158
1532515217342595090
2568150838
207301564
1515483457190772736
65138908
137942699
32780712
2727253536
187719949
162937441
75877617
3427977853
51165664
583370537
31228871
95315910
39078949
40128996
1527112042712268800
86741985
33900482
40928314
1328432671555457026
16427571
2980640752
1057142808056942597
1313577057960579073
1451020133355360260
63368406
264926000
46970922
273626030
35283872
17877808
427074908
110386401
23755914
312801895
747577257795985409
1157727955176570882
1524202483710631936
1483249219142144002
1391020811079782400
46956092
19608629
9182572
52363865
201967265
329369055
817530692338937856
243663426
191213374
1485634520896446469
161775132
228013649
60667471
1526332829419831297
1306003282620538882
2290230883
1455278316857012233
235158755
42402971
844948803669123073
3726119537
1541574357344026625
1260653267266273280
117884071
121591175
1344425189711503368
15860844
860527744077189122
86176072
57490655
4708144761
1118317793886314496
1235280721624944641
1086036129894354945
448551104
271393923
54100700
68248762
1395070110600204290
1390468777679147008
1511510579336384512
1551194851672297472
1356656790302306304
15349705
1420869957609574401
44622056
112090539
204556498
58695983
143443643
39886454
1833339404
71787035
1411826421362737159
31614794
55892872
2773394697
53569392
2872418555
284244800
236125429
3558186623
206215902
1075886036335685636
141266467
484972075
330703664
238400547
168803689
1419082604645601281
214039240
1299919874
1493069708
728595212264714241
454515736
1267291576440631296
1256564807760822273
225020197
1283360034299228160
321916954
782008051066925057
27921417
1514627447936978944
270530303
249324751
24983564
3725463375
1368206852442513415
49793114
52518853
210258787
77301032
79081637
186224303
75011917
151246302
57522627
1362162770481991687
37949658
94094278
70141650
1900237448
251612382
28273980
14793704
1550490448397058050
157608249
1403468190588547075
35882302
111064481
36976127
39299284
266254179
83581697
398909521
804773733122588672
73002111
359407096
1440692607886135299
1294778757346140169
335345544
1449424233826852868
3014257433
58308020
1439990219407769600
71910458
83720016
2343950340
245991613
165984089
332962774
562296028
221759428
118122013
70677969
41684303
1325961098089156609
1158069738389610499
33249379
15260154
1189960188704514048
989446997504675840
39895417
2871367863
1106262439539150850
22197767
54568326
396045950
1220039292480823296
1296471146293088258
49668165
211921444
938206801392275464
22817930
1159798161512312835
66562710
1194935451502686208
1526154452
1508507175773212672
288994753
76419595
25164642
1448773278827417608
39565393
114581418
50895806
178394974
215079884
1120876632527470592
55860560
1263187629681639425
345023067
308113525
1531402663203569664
1214661255451021312
1557257884370624512
1461520175010824193
1552374268230524929
62277382
287986354
36392289
1176742397109252096
1061008550221234178
312699472
68795532
83250663
89736836
1364974641400467460
963259668050206720
1155144367163740160
107868603
825328124225273856
3021213029
1951827606
51467780
66870865
1015266966859337729
1520532435611656194
1525171535258038273
2902746797
63807749
24699507
302378276
1207139466797879297
1513981074505977856
61792895
207315736
2573096484
66555402
142404705
2658509240
346935462
98958944
2808694011
3151977754
2636196581
2724726190
127219952
33527137
3174510621
1513547809857105920
2556232936
173999167
248757112
562107096
127240672
1047291533769297921
1209976925420236801
127882319
3299273836
1105629528959922176
171236301
704328194934054912
57441178
862856718627287045
18363920
52089108
58288566
118525596
1101575305
1057687559101448192
1251356713237741568
112443520
44300313
67065204
3262961313
468849634
1528731152944701441
733750134
206484407
56248472
38949834
1241573647
59303105
891467226854948864
53282527
1395009016015769604
42090199
828076187419295744
145343510
1533569251675602944
1435044714345029634
69322909
1015302215752409094
40255368
589433710
58997957
1344528424442994688
1245049037469990914
580135716
67898559
1283921716503367680
889230526787313664
1157008894444679168
70811098
353910593
17724563
1381943551903272962
120279002
302312207
1186727896997617664
169735732
1345186936399532032
1546276855191412738
2861492826
795954259053395968
1590864411769585664
1624975982934335488
22223973
62411415
787705666743988225
1178400064022224897
1199364962411589633
19907731
538048324
796130660599693312
38260809
351936382
1263642780989095938
49801576
1453362952287948805
314967639
1633599305016647680
56172083
388502475
1515323916520239109
14551743
1269803065676378112
1591890422699270145
16103468
1135518147216379905
814376419
1618467481923772416
1308375556057190403
2234836824
76973323
95190492
889243181904265217
104944744
726947326129016835
934942182649270272
860201149093355521
1480584008425775113
1122686454
742425674422575105
287979370
57243859
1268361139802472451
73507495
1185120184413184000
923184561655304193
4463727795
864947707982602241
45347266
310922092
1264439546458132482
1037840074505969665
97034316
35540017
134322517
71606343
1539885817
908350287802503168
87796538
223885778
1244965763687034881
712335501387235329
1473369722104209410
29037248
2384062774
175444222
46266008
38582076
215869030
721372302013816832
1567240674595971077
1275503814792155136
215596444
359428814
1364925181
866722009
1515542167305043968
68587938
849439093033492482
39754657
260551432
1026020995
38795016
771402728312561664
71891675
2925147105
1855995920
1145882900895805440
4244216914
225230307
948322202033803271
86617505
233976064
55313894
1222136705462960128
102131326
3810518069
888116200768536576
305888667
1541216414396293123
1234224668363706369
57381059
924930091490127872
78632358
1495958182048505856
1120180404965838849
3493936413
859815927499698177
886726786117238784
21598813
933769926342569989
1085031111963611142
73009839
534710676
965406167118860289
59256847
25887356
1634025713824157698
1075377947358478341
1494499217443856387
1155482829075177472
367966084
72207222
33519079
823513031636385792
1209082607734009857
1262730545705955330
14948284
1506696442844368896
1542626124638855168
44537191
41360063
1173118435326382080
1422803083692855296
58327136
1726530122
1118159209
134645571
229943561
880436984858238976
3435055191
166047048
56866129
1205269095282888705
80162981
17968383
15922513
14673230
28437915
35601959
1009980493847257088
30893561
1318952604999798785
1486691979148902403
77784313
2596308281
1358621088146743296
47049001
19609007
520997999
1191006139225391107
84426477
1422084906
38635921
1016650526
1289628983106195458
66893795
1059297893318836224
3181161191
837452252042432512
177760608
2354381603
1034944576006565889
4313648417
1500956730263584772
60148933
270438691
730913149063446530
4343938707
1509390037280038913
36179023
1055701531968892929
858527060784013312
1219849359845744640
1286104994190692354
1267585187866652675
155760750
1569495229
1083168234659037186
4903271392
1441302198
79249420
455709164
1431064218049056772
1055489268427173888
28919005
38436423
879172891350355972
1122671487620612096
51243605
2764989083
158165742
448046344
1043553212589060098
1061771274
2655206576
3497200156
226385147
298786641
353661689
1134133838404366337
975874143211216896
3371594355
1009824299480485891
115466354
70534981
2186763544
812489549582630913
1214892389791420418
3048205385
318096834
161324279
3298162567
996229839282679808
1035996929094819842
828176761
1348852409825689601
163549864
866477815222476800
844882653748891648
786506062040076288
3416773767
28655593
1215743354497110017
3505769897
3400272497
77785381
936236673746259968
158451759
235374444
140075357
254613270
1464304298511196170
3722771115
900053097837469696
137529614
1161762241961779205
1089867996158406656
2937750903
3159685498
1395896017330057218
1324579264575004672
57220858
223987924
1209195730134589443
1250882822795145216
1445130532501823495
2493507470
1015060601108860934
87043214
2444661336
1103047666685091840
63130336
204917547
734056429783506945
1453893822111440903
4441589061
4144283423
828961266005852161
3655229055
62532093
528801923
1002252246
259867991
828041312939163648
1191808401325666305
103698844
1109869207758483461
1499434601244250112
1237802908562919425
289063916
1514690412136513544
1208585404422733824
1547195775121297409
68443554
12660902
49053242
160226353
1495220362111561731
40753039
67680770
2991054214
38670003
84903392
292372208
42461416
70425924
3400093397
702207035027357696
1018722471556648960
2786369597
39570350
1554613051780993027
215017002
918986218339291136
261342521
106246376
1002385424566964225
39769317
91581419
3183720221
285244737
99001288
72606142
382285600
389006574
1107821513431007233
733076039786758144
1154032231624654848
1127943902974050304
125142991
4196408314
1334194654242353153
199479035
52837028
125734225
1477440766460977156
22423154
842195921991569408
168551981
171102051
37512047
56850119
96876429
1254791832
324175715
16844419
1088576996551073793
978779957466992642
184992427
1462095682437885966
221463238
1504808381932052495
57918742
53065047
1137175141484498944
84943406
143230795
941131265067159552
2937614243
538644591
1564908077618454529
72968989
1544482574529085440
147000853
1363491826364264452
1211693601467457537
265733217
1372206219360931842
203735724
732387436446240768
49366488
21403144
65212328
1290676541719019521
1303877347003727873
54440370
1570583595948834817
1239950223918739457
2280101561
1550314478868353029
82674158
1114272618008449024
1210306184898600960
1186356782945493000
1475615881321451524
713166920393093121
1110998891049164802
1301753683944902659
1479078276865871876
47481576
1497308626507251712
1408518585417449495
1206303148316545026
1592678926056316929
2389470680
1091901575306661888
35009759
735229604080783361
301007537
58127796
258534348
1613080791537401856
3202965820
1007930785
1730230268
52879124
2534482379
51565827
632370941
6329322
41709648
618716217
73222507
136214986
53080048
3292515305
26007908
1432124135656861698
1163918311870128128
15281396
250702102
260935695
3466447877
95433357
900755139123978240
1610846245890711552
221543668
57736200
1624462968401412098
1426336345203658759
280194491
1491155685685530628
1518924024054747139
38797094
1580385024603574272
211333246
1613299921406279682
3856514049
286741690
1187126400
1063126740745236481
136118232
37701425
1244960782678450177
1541406949765529600
1386412979567091712
1611113017697095680
38727180
1605211396291059712
1365427084634521609
1517304862391910402
20860716
227300768
3087761238
1460761836727455745
831932620082728970
67763936
46271402
2384384575
17063957
296034299
32591991
289621428
826601012047773696
2243052819
1340154397658140677
257118729
1472640534472798213
402883139
1186471855684800512
19548141
1054814504633229317
149265355
1294771060349566976
76752029
33576349
177368039
44728722
1092113197056868353
253295404
2535847188
2573163810
1267849830984015875
90892404
898210857389355008
50341672
332499662
160952632
1532746265800343554
1502708919520710659
2380676097
1520565125731823617
743479292718362624
752833614820278272
48007354
996152735727869952
4406639669
70279684
835971173028663297
260000254
65674942
128715887
1484283115
739860409964990464
299606951
1549954875081035776
57745040
168274950
75378374
1149549546
2389131361
1358385355326693381
3960923055
1169781168
2962668279
393577370
83181263
143107875
134037655
60874516
4705404631
929222543625551872
771767731414761472
15774970
13531002
154376382
459485252
73754119
90764485
121840711
28677011
65126460
1491724934791446533
231130967
388946525
961407326384254977
104457632
3416908168
1235043229378187265
2831671171
294909612
2902079732
1935344947
314771458
1569354589547151360
73183704
1541055396047101952
75886673
143919568
1560468394775822336
760870567146913792
80155537
2862266105
1056371672842977280
1261894342119239680
1264786631128743936
1268218745975119873
128102308
1448984571765211143
201580498
1170387045606469633
1119422021060976640
1131169877279027200
1554333491491442690
1440462452483784712
1561832936445562880
1560012309476556800
61872811
59963312
150109488
1418682589095862272
85882487
2308216143
596791516
1358615540068212742
1091292314411167744
1106243368110178307
2752723155
39910903
83830377
1557186933977145344
759820960442626049
159483465
54106298
219657453
938810244490199041
1485650989512339457
2771934227
1628535163679285248
820725701921927168
123405231
1146224463698173952
57460575
20399287
1051373759586807808
154630442
197906460
25348322
1630966219636367360
59144058
911969181721128966
1219638369094918145
1628162444580225026
875559397333880832
27008217
3083122156
34123254
1573094373956505600
1625516468971479045
1561021044332367872
12980862
1522193375587614720
1585218089406402561
1518671142025928704
1408015883486781440
89334342
1428193620885217281
102160355
1374466612334530563
1492900929703751690
1388930772355141636
1225729857969172481
1571237748039684096
3177536693
1455414150977425412
836065919872937984
292000586
1421705072967393282
1261535384447713282
1595878669351796736
1422358183587233792
767377486292328448
1148749905101504513
836238012337930240
1552100995576078338
822925552608808961
2586586525
73172161
1212407098887135232
1262447907099357188
294946677
1398065694495940608
1191895595268608000
1508321656745377795
3351957305
56658535
63581459
1075441624006701056
65092201
1324707920664297475
1508080429
1184940137119207432
52912420
107308370
1241092744044597251
896733868568571905
16326075
162087831
1091141212386541568
134658184
25773415
166704328
1509904276524576788
63216418
362021378
1564330551741480961
1212583369373958144
1106921153719877633
1516638647830958081
175554765
1107731195704590336
1099384508112138241
1242599771979886592
808738004395323396
232000732
1007302079134781445
58328443
70946422
1075130945286619136
1204564263303602177
62386669
1014294069051383808
33768119
243762413
1580007633737637888
859871722086051840
89935781
55433099
3241358189
130210648
1620711522153512960
719233394840875010
419558771
18464533
170532403
263046632
77532217
1396949008233418756
1487911784241577986
1190983867118821377
1073376131666059266
1635757705863258113
252770421
1593229276383531010
1352011660689596424
758164666577219584
25768485
338646529
91827794
1109653046949232640
2841398985
1949353506
1247510381167292416
3438570405
1357308586897072130
160072150
1116342800034009088
68264888
328673771
72607469
40318301
1493767434477531145
266967267
58673487
377016344
57398778
21189671
57547091
33790494
309853642
48545208
36569193
52739315
22144738
135991255
42026934
33599009
136838836
29720850
70866097
34483461
1697271211
82239336
55591767
72112283
1394057661604376583
1103470091662954497
2357908862
150262189
233890917
1056705510500642816
220387264
252037527
71891226
1507588227821195267
162887011
1404134331480748034
1221930017044738050
981228950155382786
17034667
52237662
1262406807512809473
712106234942459904
98884526
37257701
155285158
222139986
56841013
1282754001570758657
497330137
45731030
39253900
91029631
27499760
307538595
37759584
124879030
232856292
222313213
223855439
161323927
138312243
66741935
1084967660683739136
1628923414290259968
38212171
271093959
1245014301162774531
887758911301984256
1216774540434558977
858057419682979841
700666464416563201
72927001
49691448
52823368
52500909
1442266501214457856
135512330
490369349
74845203
1196124416972873731
1632809796469489667
1376965727870144514
1052062949634973697
15635403
1616418834113503233
151581569
1288322947401371648
1312959672333238274
