220419072
37527117
261680073
2249700968
42027444
297653828
771520845470691332
1432505081270870017
237065694
330556908
2287138878
84072862
69105890
1525346753054138368
1516211614562893828
1254464763024850944
326515857
33514428
94878293
532607335
60416609
3568814475
51513078
140162480
49668165
330524658
137788167
3404349807
69044546
721277779984130048
774469015
78507844
101376644
719427905760202752
228852406
131494231
1086438158684864512
160319650
37870748
68857374
18680483
46930767
55625282
963890131890565120
32130161
1301482726982328324
1352608622774267908
88919496
330378043
41383948
39575850
69423163
84380408
322551079
1404977809622188032
43102246
1327636676361981952
1530897511870865409
378153499
129336320
14322322
1397894120413216769
193498856
25574151
47960622
150413399
1644110526
2741840722
1097630989625503744
43089906
158612707
10888272
1521064752830631936
369197628
1389312129107378181
702290904460169216
227300768
38230645
197906460
254629618
1403140974814113799
1289646499345899521
20332251
68869541
298271948
1543622817379487744
107799831
33924730
1121992202
539514206
1491193459331510277
45604167
1058412317203927040
1369890652767543296
1538830722294857729
872928546251001857
1245840775239344129
188090798
1627614800623677440
1482876322368081935
1564626880573177856
1501250618958270464
1002370145648603137
1304213723201122306
1124161190442278913
44636743
51200086
16999732
860830506
1298373180348936194
209163186
1295203894247804929
205424578
1427325581960663050
1255380332045578240
325938041
181971031
189308536
30093697
1076662578330419200
181289811
138262573
2217395033
1037036442545999872
909136642216218626
56851995
95335083
854919572146835456
454419733
86780048
958803564
177654356
1264892576932532226
574017096
116289543
1253961063076376576
884564927637278722
1959923005
1038239209872666624
284129375
2409454172
1320875323479805953
159251502
112446419
1335363092419649538
247861366
52792186
1560745091169501184
987775424624300037
1560736501377503232
1247565787235340289
1173732720733806592
905890615
1427785166454407172
274802781
170497442
1259894540472913921
56364274
1439105270064496643
1359502092
293716971
726986230781612032
300826735
229945618
1517530923503435777
822439102704447488
1535616306136985601
1246229226921041920
1038848254304301056
129407043
324623936
1174749591276785664
43751626
269870396
1392338888992215043
1242432672116457472
90432796
747904767997976577
203809353
1637768499232755714
2802957124
1342323867788972037
793259180299849728
165633006
37793342
1388706244593176576
142483636
1497281568305524743
1552467895397105666
170690346
3405432417
1548883428740833280
380455851
999040795515805696
97728880
471966313
1446644351141126147
168777624
1284730930368847876
1549123820
2937614243
1430191781988249607
307655659
3288782332
254685736
338086978
714507972
2399387728
17331476
1496899775303667713
1461827034
57020552
1004042981157064705
70934770
176161315
47513626
904828003104026624
1013113657851613187
2343950340
1243703675211657216
3116436904
1454507497243480065
382899405
52271851
971155754903310336
482336545
300048104
1458486751094353925
36533572
1477769224022016000
17316227
262390641
177053000
70509209
1592643384
1267593392017543172
81008727
1420850574849871884
1321598042508828672
2560713064
128124649
1191808401325666305
308217234
3092372237
42337848
72180781
67747195
1518012739616182273
151564993
1447390879975682051
1445082413214928907
1527705831315320837
1319222805297287171
1008166596454600704
152350426
1593942642613796864
1590511898054762496
1398272309283246085
171068798
1435327350275723267
3237120995
1203435237142913025
53569392
64321869
1452150116987674627
1019528599207104512
67344026
1058746726612418560
3140741175
159698135
54688035
328116515
64298765
499008322
251886535
49847593
71877526
76763647
1483312339894030336
1253375608677175303
1533092601427116036
1404811012742815759
72549336
3339940750
1430477006
1520236991929110529
1242289395425656839
1469675499563761680
1519247551299526657
235170831
2968990155
2549182475
854163785740890112
46839850
1339986972803264518
57424202
930458238042214401
1069649169332215808
1543411168018157568
1591589709003853825
52545064
942086743083438080
1232683479810367488
21996413
62135938
1564426210611961858
1602795407851020288
84651752
226338570
1076106932807708673
1566823712984383488
3469401269
1075717351738363904
1142679452
836256916284276736
560633268
138147773
339183004
50159346
1254103904893251585
1260214007732080640
4706720667
14220748
1510742122802073600
47993209
1553046599487688704
1076946217752502275
36933243
624879902
985141681682026496
876599030
17870916
887433986355625990
739951339053195264
1179243901535883264
567251824
1493195847961661447
836265813728444417
73135603
50659210
2534641401
769203622706044929
744671144452689920
1422629376785592324
362724598
183262010
94092109
49713441
47291445
4292327662
614455528
1101319765036027904
1026440318
30791137
1499332611000446977
738350932417609728
62569633
1305290834259193856
132782434
2812217781
21415271
553881422
1608575235971768320
1689590484
857624090936528898
1565175994838908929
67129491
626687112
1581735437915365379
1553482076648783874
1437106755499143171
1446902967513325575
1464791308111949824
463083325
342991814
215596444
59114084
74256272
53834975
339933198
1636755161765781511
191229972
220849237
1409156289205346310
