1371693682819264520
367127755
882033988008894465
1538562658332553223
68501513
56699915
619226472
75471043
15197873
1216457747954389003
1513623911866449931
56815678
1470961286422966280
71715833
48462578
355619457
1130822051923714048
57531053
3054054091
3349680335
1385751628536549377
227751348
1257102073
96025958
67895112
25574151
1458774201142231042
4280297357
177743869
56520516
1485364917536530437
74626990
1551898940278185984
255956055
14418146
45691554
988972977139212288
1522001538637787136
298757506
290840448
1445107546671419395
1514627447936978944
232651750
553975931
1543982499247824896
70210944
34264727
27145383
57761531
1343470691849539585
347858309
77542681
839097509431689218
52598287
248412116
207624102
1071339284609855490
61513443
56119495
1189470534486183939
714194586
1486058855268294656
137185070
1373117023471943681
1392978809817899008
38226685
27355168
1185223084623708162
57469889
33932726
109049442
39253900
1448518024718426116
39328633
99276428
69676999
43089906
14400616
324389058
956509953489014785
14787132
2787216415
67093822
85777200
45847677
3047685931
58802958
1243598500530720768
292550486
130485184
26748706
41838450
1363573075845988357
49053242
1217237086425751553
1427325581960663050
778434590
1315851182842220549
1465785421749760009
8832162
302971809
56599239
80901793
15410917
1052571715182637056
271389271
14287669
1103370507070726144
1222653988413362176
1359583205351960585
69141491
1415383504297369605
1357478361514270720
478508408
64730843
46994938
1272888458760138754
213769407
1161961828219596800
45735575
1547778522566995979
266052979
51341000
27720975
102160355
55105004
441870722
53587588
162900206
1517936480437649408
56230286
77726892
1237344640694661123
42881764
105790977
64727308
148573210
227121165
339183004
1374017196414885888
3002817202
344679628
44186555
84063699
950862825433550848
27008217
1316210909891768324
351941846
1452115072789237764
133689922
118212022
303478419
611773032
249256367
1140972209395130368
286968333
294946677
120956551
33924730
20743783
115146921
1298456229103239168
217045747
14890756
88483183
1525589384153669632
76022404
1482730798373642250
86969438
1142915606653673472
2270187357
739824581112942592
327517635
340611708
1486804275967705103
1436349880025468941
1133934007442378752
993498084553515008
17400334
1053315827481698310
729486204
1461666037838098432
79579194
108699469
1299757806569095169
9175462
946332907056005120
3365827733
234034704
1497027033620262923
192606415
1552120859472662530
76481710
16742912
137777595
80222713
153095286
948981006559842304
41818731
1500160402897973252
1448106965599723524
79796496
415073795
229496829
56835757
549656061
1452572571992477697
2677446873
141605698
1288147006079279104
3043211619
1524444623233556482
33386496
559884384
1410706253563768833
491279660
52792563
1253844902070419457
765248121316270080
213925738
488981328
729505869604528128
786035095391997952
76111574
129136971
35662662
86993661
1334871686
286417078
84241251
65480733
75692588
32752980
15716894
19246890
1457533229507006468
955229600715624450
52591659
389550633
53837522
1924942369
2505875096
65729635
97832019
53371678
1496003509623439364
1533525451716677640
40331577
77484883
64298765
75904276
56398558
1498363951222083595
15052095
114909944
575089874
86939803
347819403
726750463043985408
1529216812059185152
1305290834259193856
1502004812333920262
15430166
53179056
1345849754962550786
57918742
163667378
950742763804512258
944100184216260608
32605296
1532861155727003648
35040342
106403762
49480741
178038438
115765170
17230271
2290230883
2184831010
1487211751619928064
105908157
907395692733374464
2965095953
41958045
44300313
903110053179392000
1069224860528840704
17870916
712803270155235328
45872921
120581765
97543299
337596942
173957663
1898283902
4104204676
920950733712830464
42512093
171735880
65942869
1696326144
1059555337215205376
289063916
362395606
1463810394166906887
1524942793319260164
137942699
546230403
749062187927343105
60904263
17337442
4706720667
770363245
1370176264821219328
1327365418722484225
1452957695074607106
503080451
57158780
62625594
67966935
1533938438692651008
1427716791015444489
299772032
66410762
2709394009
86160670
77386209
99835561
19383548
1436390531366637571
94597726
1082631274920140800
33373698
1417881344210841604
1240520560033124352
244816511
1179882907
51658990
52866878
178751535
307655659
1431597398388842496
1303877860969644040
44993096
34295804
57164481
18747142
1307498301563047937
11784472
167933536
774469015
1498112098538246144
1330186924095631363
57809549
1238187056704225280
1136350755756093446
80628503
172616260
157508037
78178016
28014141
221002976
223329929
18346652
1445204575053561861
92010325
42253727
1858793251
174494258
24638521
176980295
19335039
1242499810848014342
151078515
1457007745283022851
21607913
915146076
15165399
1270867644913197059
59182311
3084579605
1221425677213339648
3804239961
1146615191431462913
118122013
714645120642072576
38179205
1094712207118610432
239014563
41833433
40801116
725402469266776064
1444992257363480577
16997115
144811662
136480359
1363130592058101769
159584853
381667552
1489825343934500864
33325255
134807663
1441960652646477825
23199362
15817024
16371351
147770692
45617317
25493900
1012080707840159744
8478452
39267584
83720016
37961146
983158820217159680
1402685269279711236
36394941
1052381395430064129
1434640736092295172
1253100206641549312
1358483278471258118
38511736
16595668
137547006
49370468
40071096
825337360292442116
76805739
8468922
51175120
59169696
169112133
4242471845
3081022501
134858135
1388902845529927681
94093832
3409299071
34148913
198245815
15349705
1512102018042712070
21415271
789276099712839681
55970374
1287779870517469184
71133166
3572574796
54298229
391688865
1418019067978469378
1268865085428117504
27921417
172532861
1554093390
577290017
2416793525
51586983
768820468086439936
68158329
1526332829419831297
1320130897383915523
105806837
1473046676914987017
1532438593137954827
55891961
3608971762
68887227
509100621
1120376289683214337
488580912
1464116076711665664
1391813901138997261
210258990
1481882928791572483
38164758
19760192
1513674089445138441
1361531705908166657
155337308
1527814337062129664
1488551832095973381
608911203
1356252230756794368
1531306770295140353
2412633505
41454280
1074715205639303169
53082292
1373126305001127936
747904767997976577
27705450
1500942453716795392
1058730818640719875
385664099
18222826
63057498
118925906
193111451
1195407769
911451715
327436826
35021879
166671180
52742556
836265813728444417
1211553714
158474289
14503489
1435573528259174405
59883726
52089108
91025970
1241132361741406208
56035594
324643939
274077339
272449387
41395586
68088445
1481274037879939077
2984188503
52799567
14164165
1503715221222961157
235231869
51929469
169665020
53091306
263542568
1489741266107654147
274270441
461958635
1487464364403830785
129864698
1526725615386247171
70509209
1057088755318906885
1327969775327260677
2248926164
177629082
336199865
328301925
199249109
75306168
1241416484049518594
2469896996
81424424
1504207883688366080
74288525
164776701
40125120
710871742483447808
1245506396025733121
49620795
113664695
3404349807
153604199
209639588
24988209
21091150
748627564730650625
112726540
56468682
36786658
1224280911061098497
1509120854239723521
81986256
907308025777713156
1165806361390845954
1241921360718434305
32411283
49627554
77088222
1549123820
100227419
146975283
1153787864855040000
619012385
187218381
64567564
14504663
434005845
349189269
66653237
42673823
1058570406175694848
102528214
159623184
624823904
1527824186974019584
340698938
1237198690890272769
1084600726624583686
20440933
391478238
56204396
169964377
101355768
66140524
69675590
16419184
767552771390316544
14220748
1073932409035472896
239765944
1376521396466106374
51532034
69892426
1883317369
1496995160600854537
2177060390
1142533498814832640
2759913646
4718595340
80142392
54920431
118071527
46928119
362556265
1476730387783200786
253331028
2991833872
52294113
25899752
319690351
24445472
53520976
48161983
36060786
49883959
43470333
134929816
149789964
1527697473124577280
56850119
223987924
105734289
176277837
70263671
155407006
153626496
2645598697
1181198512136032257
501177937
1246656916182499328
1118681447081099264
159127294
108637786
25577896
2737280195
830547658922135554
128382510
7407942
2701241206
1201323447189737472
1497536087862005764
50443728
68058272
1529937760404094981
84912815
284297513
62520080
60200792
80078042
2603992077
748105924699623424
262338689
103318802
1445045248145698835
110283865
1344692766
1354581612567080961
1055640141782573056
64321869
35245543
8246832
1374904291044044804
141360529
24983564
715191572850147328
284209453
108483874
56931404
106761409
316776058
28346086
25700962
2255820930
71877945
1276169842693898245
1514691246643630091
407386438
1061968009303089154
279742593
111374825
72370468
66774744
187498826
2828720748
1227295206149627904
1268172303407484928
53420963
60230474
20783135
1620940548
1092970153178992645
41694143
4868035911
56807544
28271745
1498372687445569540
3195640193
28626254
22576338
382694183
37458590
91840976
1235633531046543360
51185134
55298352
78158660
92572410
22288598
1453900308501958659
192274167
1137393959955836929
120556049
417403736
1149264881415311361
514619230
19525041
61000122
85974470
188454784
1430751982000672771
374506906
108292520
60097814
1481603685021102082
1098387637751156736
93506912
146918505
2802513963
120935513
69343364
77844663
47395147
82929523
959088513705799680
63532307
1316890925117865990
1269378007900270602
1526708811830001664
1260207099121975296
1257378616050094082
54993318
1496321460620734466
1225278819914964992
20955130
26173240
1369019655898140677
334678776
1435044714345029634
42694263
456176493
88662967
1959923005
1071018570065297414
1449194770627170307
210512302
36546878
719932016360337408
342463987
1257676416050696195
1522580170065985536
2586624728
20439281
34779125
52833087
1520964247034998787
2237610920
1419870426390536192
1525233732730355714
986686892598054912
1484283115
23961187
143443643
1189314338689036288
866949841263501312
330524658
27307810
107588289
52294946
1356789639701479428
3092453777
59129639
142463461
9254922
256661552
25042231
78188476
2257352207
2597231012
280206489
1191531792
139468422
100560298
17220445
1268361139802472451
2201896908
1237733249054642178
30893561
16668155
1513409129133621251
757305462316535808
1013082988257607682
2345541885
115409680
253223435
70497058
1436470090413846529
981780385393672192
80993653
197204192
209307995
151725277
1521625431639736320
70811987
76257183
1124686646769856512
333183391
124819923
104132815
206691516
1223459549555892226
42790478
1480278191835123725
708319267360481281
52199890
97332840
60759662
176763051
964916587936534530
111353476
979942467419197440
825174189162246144
97047212
2196136671
141973730
61850588
51405210
269594317
47130564
1478112438088306693
40146795
624269307
188512059
955067742717136896
1494062220623302657
1291952722342809600
27450732
172846603
55665283
3093809605
1147436723971985409
349187146
4898853519
1219084240014495744
704808457912885248
712931232
61035194
52267508
1006353604591185920
72601613
35872989
1176163666355527680
1014567561030234116
2636196581
1270123933497470978
851838132
90982544
473108403
1481609883132776451
1318366374855659521
1428047032971825154
111587783
423777834
1353825190577319938
1295944890
361788937
48007354
69722142
357561011
1354230092256473090
164450597
162213821
869981868
142325755
390665071
27566436
1515691106016632834
1374104063986520064
132378656
1061274403634319361
2817796678
743197111
20919432
1173120599553728512
1062670973923659777
158160208
1934965290
214291275
203973686
1236568315
197952943
3359660939
1525491098516439041
183451681
1536715510368374784
41286470
1268936288683675649
52024155
79222925
1458452998255005699
23166886
1508402335579582473
2271194490
19234257
14537114
67222948
79527990
56433569
438505361
28383343
1692179610
30486969
262480971
88919496
129710596
66958024
1224719188671025153
51185359
338497100
707940941164900352
3895005683
1245123712782929922
69261819
74886783
64890713
1518309961226407937
981184644216483843
286215717
1421580807257444356
334374820
256160929
1201421479
52363865
112183900
246021559
128441786
232330396
45212392
254685736
68795532
1372919363280498693
905130203101483009
1363858625861726209
1543404230798721027
25366127
87819478
66784188
41040968
28356964
989446997504675840
150419791
77353285
1296257743335104514
57141131
1473883084428828672
44376472
56583424
1005603515924959234
41934128
43420548
2306707293
206677845
1133539908705017862
1410320724036833280
98392613
40128996
67510847
83494348
37250559
333376246
57203676
1280643037023125506
1532979105146322945
387346334
201004927
1069974336663113728
4855694277
240330105
28452017
112911962
460797252
1061771274
72184332
35131751
133068269
138710056
147861067
240525051
49400289
2185868452
1005764474
1345211905389031430
782391607601528832
173877179
74333934
185058824
40822810
15735007
58580471
31138182
1444045473120243714
920597438439804928
1481838711751024643
162957667
55886961
34123254
139869699
4756087101
29120161
19826881
1373093564
1353756728756731905
27091460
423985972
1283754791781511168
153865157
1535812813016678401
1542671574230339584
1025802635595722759
65275699
1387084389381775360
202891858
1456387818096402436
8205502
50335822
459068565
14533430
1125632089
1507873148527591431
1239314725713981442
162087831
335540527
16727177
73130543
867828601604984832
67202036
836742837051998214
1274229214183673856
288040011
704143522329452544
1421654508
42265302
730990120694775809
1435077057541808139
1463663329
197465722
1337086853921591302
348475556
1010160004094099456
1468913021527511042
111083452
19285159
906138272669327360
71581273
156636017
14424008
407877125
122841114
1138450853415796737
78372387
517391200
171282634
88499540
1295962101853368320
3331857009
1423477586798292995
4174808320
137155875
1356777480976293888
104990176
2592849743
16087263
198614199
193498856
1297636967082074112
1029899068846354435
93302435
14421344
2167390714
1169806527164801024
75606644
67306723
58264264
211588160
72369137
44512633
92946663
174262112
989969614166724609
2838211294
202899699
1187102712
77057875
1195727371531362304
409548876
1197158166242484225
26611656
396710497
42666643
117595755
2707277671
1478100822
51315872
324410764
747782134723653633
163190874
1450458071873069070
425264201
228013649
90310598
881502149036961792
279360128
98207153
1360212608515792897
4340866395
51165664
117825287
14640160
295283339
70803859
1457931274283274244
163434204
78632358
41204518
252788982
83714348
57840390
85217215
1311079838678220805
1136497204431118336
1088594612598591488
81713344
10164502
3068314774
1068214111
64523811
3517365621
51367309
73493771
46486358
43030622
495467091
1151589489149718528
1211326719639965696
1479836968359972872
2974493271
78029513
45235681
848205260451696641
2473322923
705763893898027008
1661648348
371236624
1469080378191273990
37821061
192287573
1157044974799794176
233615032
54065534
69647464
188561435
53569392
98137281
849771129875169281
421258780
206211298
1386794191762698250
125453477
1469660904174370821
80773885
1062780783537152001
1336641756419547137
1427682775096758282
1105629528959922176
34327581
1211899124594855936
86407223
49345552
201580498
21906738
43433753
236270576
52808804
45937238
57453835
1262565328351002624
307841414
1345013533323517953
1197707770025435136
258164047
181857423
25315981
59932435
300233026
185916083
42090199
280665821
39061837
30553650
94150452
57748745
1252505094
370343242
1169761245047771136
1212716874653286400
64099319
1300702673554100224
203809353
1468000218
2474301012
157377093
177174706
189209323
151169791
127670717
1467309227144138752
1460316749082079248
898170504078643201
2781992405
50314658
1929283104
831922788
323604537
161406010
19145766
1140433445883142144
96577034
66588514
217439337
1285549401168056320
1531444539814297600
1343930935205646338
160721067
20401866
48428116
1516193230378913803
731978743590338560
362660400
985544858801754118
27494620
267731137
46498411
1058068619391844352
2201702126
1505193844501057539
2888593715
1601271107235057668
27266778
4342451609
1582876952158908417
1241265246842556417
2458662649
61303379
369069919
797434640
966785647171330049
37661495
1506804564665769998
36465828
415582470
15456487
14492194
36434313
1007302079134781445
22223973
57717875
21429245
1345487883487096832
2881660366
1427138777265446920
1298767276230037504
1525134584
957983145994932225
1286726455360135169
1243056033897099265
726947326129016835
1223466788207386624
206302482
40106470
14948284
40325461
1124889082616864771
48025888
1532719415543873536
203989794
115645064
167822814
2305785093
57402118
51442097
1058302595503214592
26107928
46723867
125846998
1030578770409910272
908350287802503168
1445170580546854917
1457453364577546241
1503091955118620678
130382813
1380556418068193282
1419810334064398336
336813925
934390089643380737
97291488
102249429
1482876322368081935
1021809386472267779
4339611
21598813
1512579600735424515
59050587
70012174
1120216000975245314
1572722495081291776
4025865238
47698277
35508668
848956139479998464
91684313
35540017
576709669
54436174
201027429
58366440
1633838685287481345
5816852
1378382849565466627
1545663874057310208
1375202371
1250726909513797632
1595067111084376064
54214627
1543669789507420165
2431830119
1356390344603144192
994985263154827265
1306623615283101697
69685873
1575144598636302336
1633642356225220609
3304853501
64301086
1414368025
354257797
156364063
80388215
1233063657812172802
188546346
1546441451697061890
29720850
1436660029
147349751
1274777305555091458
1373950792483414019
1175188165340147712
52809507
884502828743618561
223885778
198582342
916427965680046080
46448065
30488590
1552856239041912832
34347274
3619898489
318056797
1535388369064189953
16427571
33978354
1316854902497431554
250718732
407269712
102441260
335544765
4822290845
1521135038103969793
448551104
175157157
1629516708
84627429
58981064
169175464
837813698370617344
64785602
184988700
163699616
76102152
1398468893988081665
215776349
76356816
427074908
1128488244981661696
1335230705647890433
151581569
41289575
136288733
64808395
104311824
1245810043452260356
162790238
73284427
83045008
86780048
721088194163433472
1202553422098112513
2733550329
65939737
887305063856832512
125214566
713180659
3084780785
128431842
78099686
707025987830194178
2899683184
53276311
367815670
1216774540434558977
299277763
1534042202183278593
94453606
28110223
858072136560324610
529858800
163874389
18293936
138782032
36094042
70651217
887011279684161536
199357852
56610486
1525201823635849217
1027733533786292225
44820424
23876129
2553177654
4264597984
79290567
124521494
1554285064514682882
39915527
1116397437529350144
54966699
96373058
1306414559146717184
1542975271720067075
381244320
2512997884
1186622354622996480
74829329
1026834355551985666
57405061
8535022
15678859
2227187341
144710891
128124649
1313680972920098817
52836613
68737051
861049923239804929
78643930
88978857
61677491
261877513
114899857
3015715089
51778575
165438762
1525444210807152642
37416391
805560831891095556
37947820
280194491
1482156808299024387
762736855133528064
2863692066
53592137
16888542
89541789
268292233
41589184
1533182912799072256
1094085844502220801
349056093
1495652425860014089
102158515
58377573
789269801055186944
68819250
72725639
1260097627
1446450738515873793
921758574
762464802769809408
1372247463894061066
896864096573956096
1473438143777021952
38415414
3131820983
1118902686060097536
1376625199823605761
1032820485376159745
47091791
65617086
1449752296930349060
1186471855684800512
66769124
1145863684511674369
1027374137268953088
392339422
1304043345900195841
82927105
119854106
1345572315527045120
102992758
8416032
170689806
1169021895146135552
1382193497709633536
3350065960
164142088
70389714
1396819940800335881
53293527
203586485
857292318264741890
82341234
1229418075633700866
97021200
22402665
17013899
1381813938170568710
95315910
1470745623372738561
167680842
60825984
14248753
82958591
4554583408
1117223651294830594
49624547
1051521099861774336
264483223
202670299
1479874758430928897
1320859887182716928
107439139
294221809
890084761997332480
36100632
121456458
1054132897509265408
3245866498
1525176986183802883
264485409
877732740
33944698
127922315
40563731
846421584
1169702460266622976
56677037
278261056
172984829
199027001
480714833
41895843
1293633272325578762
1208819490080919553
1398106430398513152
52575301
55467929
99390516
31183475
62376183
95657591
53773201
123998132
14291626
1399055874895843333
597961942
1191366424884891648
256285218
224008366
27436694
923911962
72748447
1156040529643286528
1219962789122494465
1270542452240367618
21410432
3241107603
49959610
1020414994356342790
1458829936941219841
46383721
705794796
258348394
621544152
1520384459824144385
1477516910
27285559
137863193
29207630
52761226
369197628
1445511583421984769
1425965078646493186
4516320981
1285788053697699843
93007074
1485912093773766657
1180452762540269568
95633507
1175525473419452417
328479156
2222300537
2424869484
41207278
27552728
8539842
1237506224389750788
2425249491
53280206
85382677
711674912
1416177350958518272
102116416
960945357231403011
24521972
19458516
217478068
927878114239184896
126089124
440951848
75688253
1075115359978569728
927809300
1350978013
1265080426827337729
587575761
61940367
65274536
61317274
56372027
231950915
1407707462392811522
1459233362170818560
970727823852933120
1644110526
128679531
14052461
1498132263070019585
1420927006535995398
918110876049305600
217407136
32576568
1349252786748325889
1254297152240697345
20322784
1708851235
43364877
2752627382
867515440796454912
1579098193
27927868
1270819105680101380
58068140
74767817
22197767
50799335
53561273
55619560
1474013297980624897
302768921
1537989315992596487
89558665
73956998
826094347
573309143
1522551479646756865
2455142225
249168913
156574480
119695079
1328140899063369733
67616120
31228871
1528126280
313947284
811117981
1375434805144338432
68442880
1498413243215327235
263667283
73681164
131196779
131795608
1353262009
277757351
1428729615003131906
614455528
759767274
961663380
212382294
241303038
322224443
442091768
218309655
1540564380089303041
31047914
743178570093072384
591961954
706629892
783376800
53073948
838833999334227968
21242707
166600839
45384117
1416915625499414529
835302276331933696
79581052
62385164
1054933626138320898
326470025
1270722804
1382135442494095361
35794011
56559217
1372520950823018499
398384968
270069773
29267409
1094062092137754624
1241745198834688000
872217343149187072
459372370
261896882
48707159
174363007
54378874
103169020
1486733809324232708
388488861
521811609
128411328
65736610
1397525438906384384
206350524
1299559550090182656
1397966160688205827
99023218
57043431
37242569
14617122
1115911847524347904
110688963
269907055
189146000
1304470997677092864
941526010297757696
1419026488008060928
3288782332
147203710
490969579
195356201
1388861159382585345
30598341
22331529
1352230057486528512
4286004615
522748433
121933503
622406957
762734807013068800
23470455
40351394
26042861
30376292
18464533
62903437
1438873639865176072
20565350
344523098
3327179547
982011259339132929
65027273
1458013567
17783971
4715652562
1225819738791645186
1389014877692383234
1283040177246674945
67685402
188090798
886232838458269697
1159922195587653632
933149102547898368
1263538593714376704
132668301
247016837
1281641973108166658
1373416688125894656
251076798
115179380
1350867006124339204
941464524137402368
1424902096583806983
225475300
113048871
1004561014573223937
804739902806118400
1381561246370168833
148609714
1236331696309616648
1461480992691134464
1540798436273885185
4869521992
1492477695493652480
58488371
1235992335219032065
57256655
913820328652091392
1523482628808192000
160700133
727260977113235456
33403987
88448698
201041817
52028376
186029768
191204863
769251134984912897
1242419996481015808
313547625
1514860555407966208
259730360
902576060063260672
1452631605747531781
2969691527
1271269447760859137
1394946172633112576
43685651
439556141
206514765
293825688
43149169
58012767
23548095
39851638
3895920743
124804063
70474713
1194585649749340160
169455724
125038533
1296897334186573831
613207917
817779697903894529
30281434
1124432741909635072
16873631
95674345
241605932
43692060
60516925
376934289
151328105
104624394
1475262553832017922
37750864
1525557159815266304
3003879335
69023575
87285460
67134506
1427450113862078465
2922864561
1204789324476276736
192781620
298331222
625134926
737805445
4239629421
1118159209
1092893065403080704
45037591
315768579
4707489323
1518266218335162368
135159290
4819913561
1296358292
752826007074275328
36585635
1548994361140154370
85703130
1511090961950068740
489928986
1356096757
3080984812
2765176287
17696815
2469641659
103722851
51776863
47343056
36748548
89025231
820350777407533057
167095721
118110296
243165298
255390192
1497026843005886466
28867469
22027802
64391577
4111041
88906131
1225767665530261504
1214362437387984896
1377672015679787009
1288887885333172228
801099001
28030497
1034402150145839106
104889558
332476743
210522869
151393405
889984327257378816
40296699
52784368
59743531
1546908435500998656
1449159385415041029
159182079
76926396
54413809
1088910328241491968
164868548
703961955623706624
755497239339040768
758825560613150720
3140826667
142076686
1001136415420317698
91650943
56200362
1507390303363235841
289502536
390279657
1223626783225937920
221156709
3346710923
1194408908233887745
757203159966244864
1344757223008980992
1254804437580857345
951189217564135424
110419084
920987402
1876184246
2791696259
56002234
68885588
140653252
1476015440430309378
168489181
1241476924314210304
1385312082694918145
35347445
189584205
221202313
942619364
41292330
99162230
50139102
305078898
57528814
289441523
63039831
75185313
424877999
247467981
179560202
1491107345535062016
1263430630987235329
35357293
234544680
1362536497514168320
225972010
195469252
1489512054964826112
1504930461566611461
113537009
749960122647076865
1530266753875443712
1565344355895742464
9358142
1295337254915911682
31940398
846507914999271428
1161414666825940992
201887312
170355019
73754119
124879030
1418582563019542530
42114615
380642247
29631206
75348255
209685597
87868750
1175219809514065925
51297628
26823385
2992259627
1092715947377479680
3065352647
73875574
542808908
1411809558457167872
202495177
246873272
2908441857
1147742425957511169
1354260998807552000
1213219642438602753
149265355
1517857908985319426
1556841454168940545
51262441
2988602333
1223768759258664961
31614794
35540550
3234363318
967249710
767510186277867521
15569009
149159668
57256052
1416403804136878085
3087539380
1173649080985313282
2270192042
73003688
2886790366
1149327154611654659
342962957
15869537
267293166
535978923
2780600404
48820526
153918456
125064756
75831397
924336698439426050
1550522189841145856
61829843
63824995
1407103768580272136
2327036917
1455533107306708998
1541484529667424256
47595731
3288654065
1103818522839474183
338320737
36256186
229650192
1484125460942442503
16269787
72425688
31020063
75588708
53754829
1409443242849017865
2189367776
24438762
163427518
108924689
924450397661679616
59214302
1472925637677658114
240800341
41177838
65174304
1487249960118763524
1114178829906477058
63474515
1143646121455214594
1410217334825013250
92067949
1278714400476737536
60717793
1159116030934999040
1546256664180948992
1336860080273285120
1969021752
1018477694
3647892013
66993759
1108765402035875840
73941423
62706910
2491980048
47201002
1274528326951079937
791748673
1066781049571688450
1283084105668755456
1095079471856664576
261439276
1003972310825566216
2504311637
1053012109607542789
185741463
302161568
313628744
1436137363277848578
1341850222939521024
1194434003736113153
2890732522
1058523309409742848
1491372368077459459
1300066222915158021
141373088
1250063823387713543
1514046760188096512
3054464278
1544065862042374145
1141505417941606403
207357543
139956543
1404977809622188032
1432407727217774594
1248649851061121026
1247924974544998403
219660993
2472178963
448832120
1212798017822003200
1427038315530932224
79097950
135228971
438760013
1079787178748792833
84924944
986299153989894144
2526434367
1091743621055987713
1518722820339081216
42283980
364517416
1309798628408659968
1272560900126519301
1508840621888393221
1139543980729876480
1519315699717529602
1457846871116992520
1094185655729643520
140174913
808465878304096256
1403887365253382150
194575741
1519112439324975105
54813329
1429295072659574788
1453434519521054720
3021616235
345368291
24986512
1567466792011943936
10691822
149911388
52178309
40035830
60721389
447156007
47019558
27100371
1470460712401129481
38261347
85299365
1493033250280853508
1184523665171505152
1103658288376369152
897835101786132480
272803676
1515105811210678276
57694779
126062040
1559534510278066177
3586356383
82240188
19142540
57516089
147603885
1695120103
50490619
715184289390936065
1187938102695907328
61655429
57393896
46576649
47788195
1272907131293970442
188047694
87850660
179764462
51756234
181007933
111483509
1555133956361785344
56510065
1451170611808641028
3047259108
1132060721783758848
1398725767
1564362751350284290
79594476
1539701608262631424
919764768952602624
1080962184589524992
43908609
168732838
1223291184312995840
89981519
1379408202605936640
226296972
420277730
1557763070470098946
94094278
1010744431736127488
1379044071444992002
188123214
796869930884988928
1001921133409656837
1494481647076618241
4773550216
59963901
3383594313
51884947
1425095959059603471
1439990219407769600
18682419
44069204
1333200640462508032
279798802
1329051085957427202
114826954
1544517050
756255225858719744
1084754822
370918078
1501969684152864772
1451174521864609795
482978541
1252637000768905217
375925260
1246170071141138432
297543112
91498243
22999846
14720294
74330713
4800229121
1279038901747888128
82690846
68778721
54892582
949839482970308608
3300014517
57057476
30541668
183990257
219177143
46291446
1106324144990375936
1408410275343220740
44401191
1100961079
52647938
238767519
1081686735371845635
73519574
58327136
1412192519580966913
1295119697055285248
18688345
4899362357
24307707
935247710
1678894308
924432349940649989
15495065
182589764
81270451
1372703324840071171
978807356
738438457131958274
208823732
1691766446
16044132
1357064181686673414
37416896
3342200187
953611837043544064
1368251030232764423
462348024
1479430365391597568
1308989283525591041
1537835147122311168
721985649239322624
1042978064500584449
1530700000837218304
1009874693183229952
1214712169088135170
92038842
1038427599737946112
1503202991381299201
2214807172
28273980
3132315712
922136860444459008
1064740464199385088
165493001
107799831
48203475
1157005495808471040
3411565156
1200023542349389824
53047971
587945749
1144921956938067968
189140598
195369673
169735732
1365456690007654403
1147552499425038337
1508084391192453129
815100174284587008
751619877673263104
218625907
106129983
52721293
363978885
56438700
1380189294275477506
781516185871478784
51226911
208226997
31022648
182654872
60218973
17670379
135599579
51163962
259986546
870745039
88228849
1132127652310134786
401155642
1083157047410114560
1333259609533001729
726986230781612032
107067776
174243123
67783448
1227247794009837569
18581527
43347078
369047860
172195194
55841054
329437586
78702516
818882295990013953
31412039
350726512
221119812
3324267797
1529052614834409474
234065578
166634136
22134912
106175107
83372620
77919101
1272930895075385348
34091544
34032476
136773661
38732610
3929480861
2662408269
68022566
65064890
363756106
357124561
847753393900666880
95332497
26048671
252593537
1258121460335423489
1390028177523814401
468543888
55300526
1432323618948763649
1055896975315533824
52058931
856215819176603651
51931982
1452443404898639881
375250385
35077371
3207513808
1231712993446154241
505334289
1538261267877703680
14688624
60140015
107785164
162882787
406286086
33514428
46519510
62180791
29191612
1548371412
1141754492997836800
145289944
207123161
149944097
33249379
88768546
1487996534696427521
3571876654
3174510621
1473348430101721094
207600142
783255681830879232
245395381
3333336976
56476770
10901332
1259125591326052359
1324870712813871104
51244497
1212123042
47340159
29622054
1074362631878782976
633439903
2163464324
174500684
1520715178710646784
201882598
68869541
36764360
58612085
174806999
35108118
1087403954407948288
838874351466397696
177215189
20714507
166173476
4735582217
1308158267986714625
2719621899
1235597918566039552
39324634
185044479
1521593835696107521
1494717321922949129
1427026558699642881
758753899327131649
1249076244995604492
378409027
2643959296
81973717
71423120
30232023
40786242
1116871032
1215298076430209030
1472953480365158402
69465025
234401841
793259180299849728
10419162
1517258608207138816
1077556700411019264
15736106
1217410699565158400
15509258
90423509
1258457125258498051
153677563
42960026
1095304397364649984
3126984770
156455938
106774618
740113990404214785
71457257
1384921792662360069
77068182
976978482260512769
76428724
197821040
1264367643009695744
4257552237
1204147217709355008
1263213544453128192
970536469
710092010884100096
132280286
2561521801
1554432261201829891
329133793
23159524
842809918294048774
51092517
1311939384149790720
55349343
182038489
82672068
163619103
3404244513
863525270
108265439
1293807271114309633
1471829357656219652
938465472483295232
20447120
1326011333813424128
912469320340525056
289045959
1440467366517764098
104227512
14505497
1481823369171451906
992371788632948736
1242214848055980033
857624090936528898
22129587
280154516
95575177
1437027016591749120
1485690857881845762
255050291
57161717
44470239
4909849643
1224900958943170562
98525838
461501277
21653078
42233816
1483450881727242258
51357935
282535224
739202718238146560
153777892
51043122
1131268876329660416
291407677
1489786066726961155
26302424
3324949967
50981053
191519304
4720422737
3358000539
807241804869435392
60743669
83241944
359333897
1450624831834267660
157357984
5815152
1516042186483187713
67050485
1076106932807708673
1255600764141142016
68771344
1085234291691454467
1094326339153395712
1479957329466515456
42551469
39150749
698176612408414208
263324217
1532443599014707201
1416814768099401728
221225921
4441986316
779899639764049920
51842490
1265268737487384578
1217964622420041729
1063804299174662144
406498784
730610713
515009610
1154204226299551745
400827747
325238685
53128208
1631563303
64018797
18605102
1361149541110738949
1264023381323788290
33730056
276818993
1529559633194635270
1504546790825205768
1921542686
38993755
30572719
92370066
36187920
199832110
814247058278412288
2374912899
45820995
1157008894444679168
70206504
1144070540
156415107
1539741902626590720
1636516825
980443530
79717192
53101996
809604188
33275504
221082342
4236180683
97480169
1212344768677548032
1417314969264304128
1530585845631180800
1354260434724003841
1565472115364708360
1445061225193353224
1393330988026155013
66026648
39482950
128898155
1243362752825040897
63314335
832847128997289984
196780891
74855225
1037741890014261248
80142139
70224139
1464931280387285000
1268908126390140929
38591558
749387075619790849
140257044
28198588
1179611437
95433357
143291321
44989585
877259720356188160
89935781
40704631
2800760978
18462170
326289650
1478071989545979907
73761231
12980862
711999783695749120
45658348
870806004694384641
953255567371522051
57131680
289665240
1209651130755620866
12788292
81907987
1088842735824617478
22817930
1170857409276973056
3318224434
1363359051757875203
321236518
40250625
205701529
1857368934
1561040753060679684
212405883
1146611782422814720
52492069
195125929
97040998
71890905
42768910
3237120995
67962503
312810454
44728722
2886017199
333544268
56229448
1310984939895164930
268803917
1537450748694470656
161070500
75353989
55626810
602225458
1267893232106713089
783126463
115388599
75877617
1257526724918730753
1536822007609835520
1519018737231450112
12708372
211298965
1320535519
167471254
2962880201
2374664614
2682631134
45575956
1482192141392691201
101899064
202013894
57481509
797474979881357312
39260087
48851873
123454144
1262130252781846530
119135680
161775132
1623499227639738373
1158832654982287363
2815692538
1511493760802304001
824764376397799430
1584649747985571844
1629952656671137795
135991255
41178908
40084738
1292287533443878912
340416719
1622382767316078593
4311876987
2622036550
38690166
2434411259
1617912157667991552
1608998581
64820787
1605125699446226946
242205685
68203593
115088053
1545997638285361152
126854443
133849620
127294803
111651952
39820540
15774970
65488214
1188925900739563520
48826149
1259577591591288832
249481416
1511557194910777346
1463897153626066945
131285084
182888063
108176973
1091063609801826304
266254179
1629321987066568706
852098258
32792380
6504632
701136279308734465
1430547952569827337
1491269283288170497
1600312532589318144
47738199
1531780301625741312
58917164
1616389170833809408
19521101
1295356675235479561
885987816492199940
856285253014622210
894181501398650880
1174059294473539584
62625663
3091854981
1044093398389587968
72720022
1359499596288917509
1535300952869244928
1463497861065281537
2526096661
21563281
64040263
1275922210696441857
1474183996133281795
59927850
1007930785
1628161872737325057
481318877
594632317
51617816
200621692
1417295108765016066
970309826592083969
148828227
1544125744581853189
135208005
1475095781828923399
121580683
1028651199137046528
275750594
24275536
19812925
136144569
1291412912112906240
1497161384685182977
1493228135067828226
37035780
1554417920243122177
1483448892582776843
1541194817601953792
782008051066925057
142383459
1183462344610988032
107691749
1427254551384666116
66842974
614346509
968182400521068546
289112622
1419553212
1564852382307082243
188493873
252320890
1435800071308812289
113988684
92839566
6049592
1519869208691105792
79571444
60598596
176301500
84007287
1110639793350893570
86765582
1534311925961613312
1541847804460634121
35809914
153046194
1175114392465301504
63975681
1470157675094847499
430286188
920801101632466944
2323707627
1532345902349811717
170853946
58485116
1551319023308226562
520262969
618716217
17719131
4875308685
924785475881234432
161078510
37949658
704328194934054912
1045122265837424641
438688821
890996919664881664
916711308124479488
41396580
53480040
1539312273545732097
230560129
111365600
130804779
1513672980827672585
2184640557
1518783498143903744
35090921
80301101
3356054579
108439036
49408808
97728880
9543452
1564403650662998018
1421527293336461322
53748964
1108828095132434433
773238929516535808
1560716891039072259
1501559775078850571
100353774
1091322055092563969
24875696
24987794
7619202
1253081408
210109963
2801202683
1191808401325666305
149549617
1364647624494694407
4475040857
55310560
1411722531556495361
757148174
1467416846
33374711
998396855523438593
163686818
85502542
484174715
1546182211002683392
2997250516
875813289325932545
174828117
253317314
1518715853151297537
1028270509115535361
41367433
4699948116
272610805
1088590360400543744
1455542771129987077
64422346
996559222224670722
2425756175
50784489
1546305797013082112
3724233975
62842687
192864647
2517036677
280633306
1439281711129501699
23579118
50166971
15384035
250397111
780822022020472833
30326203
889963208823500802
1358553931618660352
255287474
244593450
366331391
2360212238
1103096280530726912
37537427
93786108
165480670
176526355
236421159
921197448885886977
1012145831896469504
174681064
59800068
1266512796797284352
33518643
129978662
23510793
2831916673
715914072
906695341810098178
60644280
94221894
50124923
82914576
168504921
85642174
4083660015
872998338328748032
59874425
2173739693
1403336968596037633
14746456
81146737
402255750
22912995
119809420
26612847
1544085933762482177
1427717952
2924852708
58612090
45973668
58070434
35075171
219423250
37793342
237877163
55563197
55968440
293730549
899448709838241792
34106171
53347287
1116428301378236416
1311129100686438400
255040289
22857872
77082776
1395170812844466180
992455273670500353
1538013908
27772624
188383161
54610544
89288398
847488374671671296
952662954905948161
1085706595626110977
800898151980957696
1011751272
607169591
1394734031724498944
1218263233590710273
141085211
71909361
93046713
742558764407128065
4004977271
1526216242331529216
1220205212
160273726
60161613
1361821886104092682
3159273223
835359763605020672
1525171535258038273
51242253
25095139
58223141
256037712
252856797
44055589
53689025
36873004
1571545372840939520
114936069
87548842
49148577
1120180404965838849
1290741585563484165
2500629679
99767701
106859192
4819512868
817432833601994752
132909997
39741096
320993669
1175536929397452802
58827022
957950249926086656
51263763
1459480411785027589
1390931250
167620020
1171557453609263105
1461171534454788096
2716711203
14673230
940379690216443904
270362790
25198237
1483581778929623040
335718230
57061141
1524115098666782723
94403898
15454050
1427316595433553920
1442629809784381440
1106419478
136118232
14099402
286265921
372063864
460278928
4608008475
876205295126622209
68688223
44123947
1370143007148806158
2304194739
1620366916278960128
1081345345349668869
70244347
215824171
2886881374
76203465
849640936208465921
15281396
47776080
41384930
25018330
380455851
764347795
233032751
1464352502779084800
41650084
558212587
36281847
77748726
1470857820316868608
614710137
32130161
52066918
65049622
1170388681997398016
1205266233161064462
1096988393572106240
26834873
58634680
751696398
962878861812944897
135692805
1409474119872176130
96876429
1611113017697095680
342223579
1322464944
127277858
1139938341238050816
1113095037246754827
39091214
432700280
1301277152441249798
162937441
1236697447692488705
1259485752565682176
58884201
1306393872801693697
1236838517466112000
126247457
204623199
138312243
44654093
1133910724932251648
1620791840663392258
66978924
1573283211161092101
2992345509
66535455
948357808600338432
1597020999718998016
42486967
1486064138711355402
125622440
16169263
363188262
286741690
161828731
1111293545246351360
821915783169212416
1428867465359110147
137467353
1275417147460800512
1494127483029012480
1615411948648022016
865772845665841152
335044726
1620149654632407053
1005679527480131584
82096390
1054829744301228034
316829112
42421272
45917797
485721675
1432083748116385793
1417254475983687683
981848311
1076140310160437250
724314294
351107149
1335360111854891011
177316897
43155019
4085890785
63931272
1646320284629180419
972749440212717568
1626583116499550210
95407715
1625915508632453122
1296537362822987778
938769788809236480
44156404
169825640
1193110873520390146
273608766
1310757775727824897
97190766
1442631260900405259
1604558389614452737
341948186
1511994874018635777
1026555080038907905
1597649801985810432
168703201
97690701
1359617585776582659
1575645813039984640
1318477161662119936
1030657781437816833
14177719
1917651036
1645638925141135360
161102120
168169793
1604416555370029056
824729635
1646962179399139329
847507917599154177
26529805
1379236941300912131
56620009
1010916878661967874
143373590
811846927
62673894
103995348
70580362
1001449135378173952
47184439
90894960
226895549
145323314
252657220
74315293
158065286
55621012
65106795
24784054
1349027867611590656
2217260700
926225406549807106
131689007
58852093
891810074607398912
47093037
1347944673327931398
1032711667396870144
150856715
209570167
529360855
342932070
388335853
27266333
56518133
277148402
530793687
1598561460
51848897
44141697
184920525
67763936
1065964061010141184
37664527
46396662
2571909060
27487639
1289428746315935745
1703316140
1386369497993469953
31219591
188504557
47767246
130211207
3410884066
2990289599
100582215
195560839
1535713483722989571
58783015
25545662
1009980493847257088
2870506059
1245215517465612289
1019528599207104512
274064672
1463926959101169664
30216274
1563819202976399360
804946987
65273095
177423719
1219911013178531840
1220139903272484865
560754048
48412931
61345170
84202338
1354144632096104449
163274935
482231491
1517512496411824129
37571692
1004461721229160448
40160183
216487418
157382681
1115664239232835585
1870066297
744748393541570564
1250579729813508097
2248145765
4108993283
880106033514983426
1182812089
1483035612475179008
1183491766089146368
64020867
1390118192291500037
111074714
2428055045
704853313410473984
16999732
280647617
278798555
3630435672
181382369
1157466890
857707115565207553
752649523877572608
148029925
622229722
44476226
1180135589083058177
1473824402970189826
41430381
1002026651193085953
859961070202630144
415925422
2860253091
195462993
22044264
37320725
138812580
1495061106099990528
198647800
2674113413
70958226
523828386
292943643
3089202639
1538407685779075073
1253458245009711105
2723241508
1376609278610526211
196843664
1568605903418531841
1467552391503491077
110742513
50623843
154263502
175048113
56233337
72529367
1551790466
228354670
1105176669575438336
43363037
96612760
280538979
49082709
54275381
39936067
50527070
135307268
53347651
1264343123662196738
3081857504
1609016264
298083501
109413824
25476101
60711689
63169402
1128083001227841543
410740145
1561327524742832128
1564069540408999936
215423813
14779814
21189671
1105934789406797831
82141753
2953014478
59913526
151196519
2973501413
1535513062991663105
1153822736743051264
42303406
990748479717855233
1244828700
74235981
33374501
441926130
459485252
1082868741329862657
71687400
1395125217685655555
602991064
52792186
93090759
3379756966
844948803669123073
1509268505245409281
35352873
70588650
1551227865601015813
13363792
1397390669887442949
2771341029
69439464
796746108055801861
16904397
1450828626778365954
2221991696
414008840
1010508938574430208
62695011
24806629
52837716
1362341975047946243
6470802
161892582
273626030
1181378190289313792
238596637
1340425314787311622
1132098979246878720
242190397
232610012
73209321
1192503778865537029
1476639020314681345
67213919
193331243
263341227
130008392
1460385662708981765
880896900
39433051
2292723808
284251235
316775437
74459862
338086978
48398806
1105625869702311937
1246640317933158400
765320202175254528
1403053161376620546
79197289
1113936118473424896
114589632
3722290275
631645230
1104697998
496492414
45956864
1501712911953235970
23271837
917783749223436290
207253909
43833946
1294043912093552645
54100700
133386591
1476028644632014852
1298413530329288705
1546314389774548992
1279990104698781698
52293604
750860233413632000
297812092
763591705971089408
464961165
90000556
57435440
86334891
1157520541114339328
738484040882343941
1540270948565356546
221609614
981221503952965634
1382093331862319112
150094806
35839786
18244815
490691138
198872399
75873979
1056696880938278913
87218323
54270728
62305231
92607517
9232442
1475701216176918532
1420864480334995462
1556500766461943809
474335232
1482432073919082505
938796334060134400
1191701517927096321
1259191250500059138
1344528424442994688
26542481
57100510
556283885
1038957951040593922
1322719074435190791
70732230
3293388366
4855518592
1326020314766192641
117613032
108998279
778628746895130624
59303105
1486850039423119364
1350044105494196227
125509173
53411043
129336320
1344856486967701504
51297662
880235558601142273
122038358
33576349
75141101
222698623
1497308626507251712
125074984
78749759
137170772
62257886
1417901661570359298
141676676
1463868997154361352
236950871
61604649
915423942080331776
848444384
26592794
1292063970
98498022
1145043178992615424
750076175364530176
981072078
1332809187437502464
58879749
1242564268706467843
193654956
792433205504860160
39788592
69486527
134131362
48921028
2474471474
22248152
1005823371144318977
18325317
1498493957990494209
88296115
1529292274827501568
1519146887877738496
596937273
1462083026
118501712
247861366
907993562574458880
177217556
1359619452594245636
59803179
1287460552126738432
1518900099300184065
330009552
2168320377
70573414
391620510
854132520878837760
302868986
3408050429
48212160
194212146
126105083
190299430
1556453710112464898
84986966
1604605868
193907210
143202757
569752107
537962748
118569789
1260174921906479106
52194849
20704620
54063471
1258168195288109061
1044009209774440455
230002540
1317419543439069185
1270401689225498624
61900700
32518121
1254160832583393281
62512855
1470460403440394248
978723937524862976
1320449818154672132
210232253
65058243
1448773278827417608
251450868
400294056
234146296
140511695
772789569003655168
1448473259436093445
307649595
1197908870041092096
1303296767702827009
1648921452
779107727457083392
227886092
709251932158828544
836551292935892992
122219855
183769625
1560483815855882240
1303528854007537671
117719574
3378841539
183228723
1445076420825391110
85631214
1531067822532616192
927579295266037760
711490202
474503161
3239501087
157370558
116775117
1084655018966466560
123712813
1544070893034475528
379239422
1621169312
1504107599297486854
40545757
1180812777985851392
137196931
98255798
986660752441389057
1241905090321137664
18843802
47468693
251838527
39867358
41499336
1352696920855244815
56512971
109812481
1346604416707809287
1408185441229197315
436949619
332999967
55974691
1039271264299479040
2192767186
14930362
3304788790
367270447
1057698967675461634
1474840534137159689
41360063
242365608
1586915695605981184
780201362
53755255
84220901
1397405502989029378
937078248273534976
52912420
1629963557742817281
89921739
1221496125968044032
855635851258339328
54682496
1289351356571095040
1198085492622970881
404449792
398458169
3290884168
1636312614547464193
72468862
47546665
1629966450654863360
1626400317456744474
917878054835376128
1533008732237471744
801458744
331913987
27245530
796464332729159680
2375678120
1406401570812612609
75631359
348787664
1588312469100961795
1488172810677727240
1371650307927764996
4505657494
1325057589521100802
1596918254454427648
883869252083752962
1471150831
1543331957282668546
1145805055276306433
301973575
1547757530662592513
99738985
1118252785684885504
19454218
1700184480
275427862
44791609
1102294180011917312
69044546
230513242
76828972
288208778
191568677
98478098
1556361742158004228
1262378770436100097
52305333
85185172
35393643
1254619245075484673
41596144
73002111
100061522
38803932
852502585093357568
70856264
1298654566049873920
205681005
1131290673926295552
106848841
4149435927
285270540
2658665050
2385156751
395241923
1520589962558775296
1453663597075345411
1542502649270075392
1027366660074889217
29300723
1550284775503568904
1466220101896658960
3340386171
1536459041668464641
1279311154951700480
177050920
817883126022205441
67465975
1543547902441803777
822929250437177345
1512064268006354957
1202021138899066881
295444109
1122934607329026051
84052703
195997781
80150895
318217776
54194322
558984191
1317227858192904198
2402019150
1247248594274529280
1347077785
1148727599604088834
49808031
136477201
57956355
1497281568305524743
20402910
290666790
56509049
199838198
582042773
304168170
276817620
76426688
1282773009032523776
1519005123468476417
18207926
234494627
53577385
1536043849428226049
330405737
1684743787
86169162
29023205
36065934
55996966
106695814
29637366
39241133
14680639
281653272
64258447
1170795827750756353
612079104
187693596
922434721732349952
52401765
1509279609459814409
14357628
1375448854057869320
1238990271184019456
151313142
183268671
21341906
44248480
250297757
36289190
183333462
1407744037466132480
43778498
908380520005992459
78351338
33619192
146865171
25008144
69758149
4519013669
772881087655739392
3252799745
2598536964
1519060635207745538
3030011103
501131995
196564620
52390317
1557568120088313856
1555699048857870339
1027148912350715904
17624650
196736012
217383070
66521764
1532111887881715713
51789632
11334252
15592470
117060034
131611379
983761072644648960
1536535350180560898
860249566330966017
66542051
63619501
26035191
1533287147901444098
52122599
893896843725295621
1472640534472798213
166165380
1544121585631625217
2937750903
41173180
983751213794709504
143665196
1276095492267692033
309295110
292065701
103806332
99001288
1531334002510028801
45477829
305061477
71562250
1105202194276667392
326495147
4333753221
2784967459
9624062
40510030
767874369431408640
1062442246329507841
1146531529931264000
42797578
152320210
972885016203100163
255110018
150050182
1221256112843960321
52800091
145812570
361630031
1466186253804654601
1554609227603263489
1243994337643552768
318853812
2521158448
309928447
1535442433105870848
80162981
116278821
754073900942659585
1559509033605861384
17753103
1100417738126721025
1592946556470263813
553881422
72599455
1705442492
3337293484
791234712190746624
2149102562
1391750474760695809
2247103581
1519489565630812161
750361484446797824
3132942158
1247693945997590530
1221986103672086530
1248799417890717696
1400557049902252042
1199897894926667778
192408109
53199564
181289811
260320908
1594348593879687168
33166929
986591208783908865
1251873667396632576
17121480
440380027
134649778
1618400163533389824
2799991427
278682809
938206801392275464
1266169033000353803
1382530867092979714
1489588254554959876
835933935242731520
226966360
1407836362192179200
217874795
154733326
717273187
1509563619553554437
432100798
771894323583524864
2344722733
2769220485
1320584490
4805084063
1365427084634521609
1441202399566172175
1631156137801252864
59144058
900270579038785536
1296102850175602690
22630796
46776031
961021952013078529
1431720824055246867
55716996
932258152359366657
41942290
1260643800902443008
1068140156006338561
304548530
84943406
176874944
1574178818935382018
1530490903982395392
2902723605
8740262
887035718
1616656515665993729
154630442
1368611401862889472
1093249136256843778
1622629606703394817
15434489
75884386
67391840
1422387334235017216
1395178770026352641
1550591195142823942
1616207969334530090
135722182
1286281877675020288
881124248
2446325420
1485438535679283200
1387163033445838859
1551729406770569216
971924242496401408
4890472329
35928586
776138319281451009
1620063198672977923
1491799631675621378
3087761238
1139560171351552024
1455153381635416066
317478010
57006181
1545823303142674432
1583083931288616961
713533305128411136
603345277
67147947
1539575991391100930
1526493967
14846477
151564993
830109335892193280
1577241782638841857
1570602303148670978
1475588450992762887
307957708
1273326488335630340
1528192510803300353
1520102647587553281
42327483
1362402719802290179
451495838
1545829886346027008
593129792
1605322031599321088
14574948
1605732924589998081
142173380
40793376
17432419
79218110
147298962
49949535
1342539528897179654
1280958720839729153
1143691272483422208
757467596899975168
267835768
1267518835
1402999849197314069
131494231
741733746374762496
1444308799381200907
202053649
30404697
30699188
1522026847923441665
82268715
288826231
1523493196206067712
174018718
954075099765846016
726820278
1025547066293067776
1399398011235614721
1537247057664258048
72685903
3044667964
57665657
1304254296452669443
2464838629
46527055
746395255612776448
1061778498946252802
61482912
59038937
107294216
29769783
2937614243
1518754507458547714
1133081081966731264
18713210
308759931
192756441
68588387
86587330
1225530905923596317
1328360433703657473
81247816
