83256959
1522225281011965953
1519058242764255233
95303457
2638976257
254242619
2562781103
1305187992257146880
234578293
16631711
2984188503
299347526
162376873
1505728351721431040
1345849754962550786
1173005828116426752
2472958435
233349723
1541168126
179154533
1533797012868677632
251427835
198621311
14350111
1555153026725314560
15659203
52568346
2306707293
2623604374
241533539
155598728
100560298
1178042436628688898
1333259609533001729
72921445
72180781
23001395
133029243
53195346
1529020507831541760
140579684
201601766
345747265
2787216415
2583345503
338606985
99383268
718532652672933888
71674128
1239048675692892160
288732031
876655039531692034
1516508434560135176
1543555379908444161
1540506129251328000
3172460555
148573210
1459325755561807876
65503972
1902686497
183292706
438473416
999995760094732288
1350110199005274115
931277060550680576
857624090936528898
1515471366698455042
126062040
1393505043710717954
186524011
968182400521068546
263850032
1556255724333932547
619054047
1534189554894352384
1111050171146739712
205486971
1448169061456785411
344523098
286417078
912594109
1482876322368081935
1253860848730341382
1376741500592226305
1558885275039834118
1609263338751496192
112763770
1520893680676179969
1530586309051527171
62119963
99398069
1494032893072584704
467789573
1342457543566700546
526528864
1177599427198029824
1547543685629345796
27034840
206915817
34263804
71988480
1103337709848969219
158470247
221759428
1116525093491027974
745251339878432768
1514714551379451913
143443643
1074715205639303169
90982544
110516766
754496911885893632
1619015580547256322
4840979716
3158149418
1242930063915581443
1393327961315676160
1605640980899708930
533294649
1628464091143471107
1133737191581061121
95684648
34553064
1519271381183213568
48462578
1389771035453665281
1560752756524257282
1560747569717862400
