27487639
235266818
23823514
146918505
490288995
53103492
297047550
1069224860528840704
224705130
193478426
121441754
57220858
170497442
53576851
1152585281134104577
159584853
18114465
1161977734496772096
1049853801920950273
44186555
1548521915190431744
69141491
2490530898
316775437
201285499
105962343
227529009
41171281
3037323735
1308989283525591041
2888979441
370343242
336187627
20231995
3125766479
76257183
143126709
91025970
323327079
71877624
940889614973308928
74899968
282979559
71437422
1378533026313998341
1511557871754006533
1267547384684388352
2429206439
700297367841587201
166995676
48144276
1402459314019876866
56851995
24214391
91428401
61900700
1507732249411739656
1231029181431058432
1416915625499414529
187407766
1401436668649955329
394210899
63610371
1243135490607415297
1172647983135043584
1318477161662119936
1351287626788188161
60407664
2771341029
74767817
1546908435500998656
376934289
1489323860755460102
78767059
278162482
21415271
234138701
382816604
2817524359
3526560147
38680984
169175464
55831174
117943258
166749755
1419865444790460416
124465180
571701229
106761409
1524081866839674882
1532405118007709697
1532434978331672577
454012997
1294627394238717954
3724233975
4706720667
1124056776494788611
75838812
2534482379
174784130
40279252
175503085
170979403
1218263233590710273
58552050
1390931250
291523398
1057698967675461634
1279730155922087937
69442290
63240588
33739218
873668672
3371399722
272093073
1598778511
52792563
1240857538335330306
894736220089200642
1239038374863831045
518476845
1565891427288203264
1546426718210195456
159219312
1475360200756498434
310355009
63839397
1229923080375611393
36764360
55578094
1471600430824181760
36465828
47966229
1551180893699670016
1147977986198712321
1274229214183673856
1553544566225108993
137777595
273374002
1482876322368081935
1489043458115489797
1541749837191839744
1642350726801240065
1582370967371792385
1231272962071965696
179764462
15410917
85455594
35588436
754508338688385026
38020488
97758287
119804953
1233060347457736704
1463820199300415491
2241211582
221759428
58068064
628018010
1075956032726286337
35540550
191333830
1534547252504580096
80012956
375820014
20046305
23001395
870116322448900096
209026290
203809353
65126460
1570764218
47220478
967061455223783426
143833718
51468456
1423298468513296388
51603888
65800379
2878024792
226749590
1449067172567859200
55887107
72180781
128243073
3638069663
110764294
2953536099
164920903
904741795220815872
909455049667104768
1435040408489299971
348144029
350574982
937105569953075200
1499808688261013509
920079163
36417316
43133765
1061941299966820352
330524658
35585286
1269376387632201730
1419753536494227460
1027897029400424449
52464019
1883578686
1396131754847649799
36746626
881120558045384706
276270452
1493455288908886016
1350110199005274115
26748706
184663234
150331201
1326055227250925568
153777892
170798680
42027444
1490605702586404864
56807544
46527055
91480390
1325921464500023298
64727308
2168385747
76022404
78351338
181586184
1436523242639040512
35331454
1524115098666782723
1490689420147765255
1451097485460459521
1438826646396710913
190468584
1458452998255005699
181289811
29374383
44636743
172534429
1236779226407276544
1629893132589383682
32792380
33790494
2779199444
17261342
321947586
1534111747694551040
1078398974279778304
1191808401325666305
83195775
52267508
1289881500
227456866
34968631
259989699
259824212
224463912
1421354365
38647632
214291275
1320666150527815681
828000702681198592
1109200570462756867
1611113017697095680
1585040315563614211
22288598
155146214
76330544
767552771390316544
957950249926086656
388807090
123059688
1216999831
759544449915650048
59303105
1248033575716491264
176301500
1494483556881649666
134569423
380642247
1411179172286902277
1056374971524624384
304430369
1522193375587614720
1182841224
14673230
1151966059374764040
1387257692805287936
1624573748710866944
1535234903721254915
3245664693
771943792702283776
1359619452594245636
16946936
1439797289829212161
69105741
1580850607
1138450853415796737
802315766859177988
404941662
1223708337965010946
1157090149349638144
22189737
1474013297980624897
1426717138472087563
2196238149
282347308
1589104868777725954
851135487209287683
1173811310699646977
1543679350339420164
207843913
38945063
1195488995750354944
57531053
780937041173442560
1640737678969696256
2730737541
55866729
17724563
