60207311
41934128
94878293
113614714
318056797
61850588
56006430
754311384
1177756974601134080
128697310
1322135220645208065
81813407
546230403
110688963
17792010
168346921
73493771
1402755253431410694
76103370
1240688418809679872
3409727230
42441379
1504969424612335626
10226052
273150222
61691896
34365712
54912051
1455276900004286467
2828720748
45477829
71877526
127882319
712803270155235328
121933503
78799012
119032434
58564207
97112260
73422860
235019110
2367361298
1254433470148947968
100353774
1303877860969644040
193777167
29720850
76481710
1361343667546574854
56427275
1349767438729142272
180105143
163515325
87383081
53418338
30705548
50851280
35620080
33366677
3138934131
1509234946682109959
151269084
336550037
109049442
61186873
1469555778474418182
1508080429
84433027
869551189310025728
841772182338449409
1062079929301561345
305066003
1294453861508415494
59933865
927579295266037760
858889322577133569
721354011333521408
328074750
825770295164272640
1492937132456951808
102110795
57698788
1434641286489911305
52833087
46383721
1462314483301470208
988869039341621249
127251919
65689092
318701247
1150901053547778050
3558186623
765684787
3381522531
815100174284587008
52792186
1245692249817731072
2602508179
61359473
107700921
83681351
2768216423
22576338
261263814
149789964
45731030
1513885897036607489
133386591
1248216462843666433
952134710
3895005683
26484337
171510934
844773661
147034786
243662422
2837496571
106590007
164142088
106774618
91370913
360658314
712609120
1412593256886640643
2834684794
129521962
1466186253804654601
192584779
3180486071
84912815
76533729
67952361
54103406
19383548
1546606725893132288
54797373
2377795444
772779787957989382
162191550
52809507
41435684
1225960590574858241
8774132
92516483
367127755
284696681
109676296
41838450
1483672802490208262
784561556734504960
22402665
1339966377726275586
213769407
216003231
27383688
380297290
4853982353
1047291533769297921
100061522
1363573075845988357
233197339
1517574723793829889
54100700
66858402
898971475377618946
138124859
36032912
15922513
1550100149514522625
3132315712
188986722
1369140202241921025
126354406
173819903
1546900917626277888
30404697
1556306372337221635
225495137
139425451
854835116392292353
166634136
17222399
64730843
1339594513946296321
736511804323581952
47810529
2214105167
107812928
1640791956
1438031851415822341
25577896
124465180
57017730
83720016
1347077785
304730976
363438922
409548876
251342229
342815291
182387684
171950787
1440435995661332480
1250882822795145216
1375572805178261509
1411346000049016842
17753103
75011917
1422610957864521730
1495786493654315014
1253715172813950981
1378734586700632067
203973686
1382864382493917191
53953477
1241920111772078080
16463363
14424008
920102627211382784
39844068
82635920
1519400295775805440
77526259
899658002353049600
1242278529410031616
1317045145
47048111
224744440
2819017387
66531096
82637153
107203070
219149667
1157650919770796034
1368920346347376641
239427695
214562966
1320535519
201967265
48161519
808018885404454912
1155622349309394949
1466800514188955652
1627708764059992077
57717875
1245412682473377792
50180633
1466167612610695171
35962917
203809353
28274762
55886961
232582153
72836975
1217825834922381314
1531444539814297600
1273795096706678784
1293298786203316230
1536708294533857280
60350579
151581569
1284261394012082176
43022979
70141650
196829993
3389628190
112443520
911441196
146537061
35283872
15068229
130008392
93007074
1100960562203291655
1352114039288115200
979450570120617984
39606505
1428746458182864896
67628737
106562126
17423994
90423509
3089202639
1359687246828429314
108718210
15165399
760192445774700544
30083060
1519123625655386114
110522821
710649014484656128
158744849
1479336710471405569
72685903
44123947
1020414994356342790
177743869
889984327257378816
39366339
36289190
1539386667835990021
60968055
95433357
84872494
188546872
3240827291
810115935235411968
182808450
14220748
347359854
162503327
3354920057
1342613868611252225
1359942342493564929
740922267199242240
838833999334227968
897835101786132480
37987887
313967766
28149075
37919713
300048582
338097482
69867378
270375224
1455302944245436416
16885547
71715833
760965890271830016
328536799
1166901040589025282
280194491
67898559
2177060390
20146388
1545132869558886403
22817930
555352017
30893561
137914828
284543581
102249429
3246374325
20743783
2435004096
185791080
612220965
15410917
1038165420161818624
1390381271143092224
2628977602
1461666037838098432
971911783744245760
41709648
1104610607540649984
48462578
71860557
26042861
161406010
1410633602354794508
16310598
33038572
224648416
56610486
144811662
53157331
3237120995
164553734
1243402661250007041
2363319738
600718851
226621686
111948040
601051201
266164723
848956139479998464
115109126
976185744443236352
1411380053942976512
1081962946371166209
1017615227494502400
121511318
55619560
1528819562329919491
1291552892328050688
58608290
2780857686
1518780472519766017
929997593412763650
62842687
52550310
2808694011
66653237
102507142
1338558762240585729
14827952
167204068
819695237421559809
40385012
200994456
1545829886346027008
69801904
78406325
38797094
55727845
340470755
78992868
202808816
36993251
1530217818196787207
1454919590409084938
930086180493897728
1520020871213207552
289063916
131994647
24693100
2591269968
54060969
68175604
39328633
64391577
100075071
125456229
1405643690786369538
222598937
1413000893264449537
1172944912167448576
1708851235
969215527
520048850
1130704597566316544
20714507
780201362
4706720667
28273980
1236838517466112000
1516408046817320961
615408256
1045151067363856384
200738071
248412116
123601616
137529614
159698135
99162230
3415267547
150501679
2806283612
51467780
1133548983345930245
736706599855751168
3127024384
738484040882343941
56233046
333760963
52385804
1464985882830819342
21834694
1168574758281195520
1392955910511804420
1206339092394467328
6609882
251804407
55427278
24967587
58213680
35784221
1546037685210464256
256587353
1617945007335346180
286417078
118541011
1645412760765726725
1630015211225722882
27008217
1627436314504097792
36701180
2214490846
3577509077
48374676
1328429607947808769
37180337
197906460
1119074262726262784
282760088
209570167
3724233975
39260087
1103080797110784000
1399845374286774285
821152375205400576
83041397
1282773009032523776
65258191
1449587426104578048
312699472
713415429029552129
3354973791
34176667
2787216415
162937441
33887545
1147977986198712321
4637666176
45237004
1154204226299551745
1474268484611813378
218114717
912469320340525056
1409263579233239044
28503856
1472632533489700874
47767246
232619032
71149377
92607517
1359932329301585922
221759428
432556628
132909997
115102624
258238565
1461711262191128580
747558114
102195042
90310598
905130203101483009
3416023408
556501435
889963208823500802
912063801104699393
3507167884
1537474637059211264
19572422
170107891
37257905
851627809193807872
97543299
766043715509051392
1308208724935430144
3375760719
191461968
92360767
40510030
137704954
48186490
1138538424
1310217626417868800
176490337
60107518
27991603
1489607143233933314
1494774540236427268
1095147278770294784
73002111
55013474
248252207
109413824
68289225
951590824336351232
1475588450992762887
1454087791122472965
24683934
79495209
158925704
389043807
80513855
139922839
27279523
65230660
469058669
169964377
1265673548774944768
829151811592474625
24638521
1377374945123123200
3232665958
525490143
25574151
188055968
54041476
876813787768213504
836973019440500736
1104543107520126977
1514714866266906636
42395032
41891375
133105020
159623184
46119379
1570764218
1446929267439378433
1102685510009540609
1118943237614469120
299835847
1098591459798892545
67068514
46956092
21415271
5815152
1496911512010739712
1668640105
2935479502
203696322
497906540
969011587272052736
58921547
1521722263694979072
127430417
339265678
1269319782685388802
16864622
1316184874206756866
19450758
41385276
117719574
1101575305
47502733
1108157878836383749
2761344034
2230246254
239765705
1363359051757875203
63057498
261366155
145310619
1081903915816443904
1146261631506309120
53353970
10224712
67623216
25863274
233383596
1143484026
63588252
3028264996
1268949106371833857
3324949967
2761447893
937049228404314112
12708372
335755549
97689547
2585001029
1266512796797284352
1103077752914219008
482933194
560797121
1346503196215271425
53114639
466526825
55590887
209685597
1041478678666993665
158160208
1500485982436704257
1197707770025435136
855788641
922903047105368065
1486764422953590785
906138272669327360
49101673
89504287
1390153333
2278090306
972853020420706306
161874817
1540227897939599360
1290049409993117696
34779125
1558121084842541061
614346509
314226673
37512033
148868565
115055242
70491802
298083501
367815670
1515105811210678276
316776058
1207152562081804288
1545608718171136002
148478983
45658348
103143875
921147132798791686
465343541
857030493577072640
1390931250
294968433
792829361007259649
206486174
1556482990288535552
84384358
1408187426011496450
97040998
1959923005
309866009
4145704096
514843294
42881764
153720231
11409612
1403541600014319617
1274537482756009984
2840252764
803067272466153476
391092671
77485160
419583552
284050846
1306414559146717184
58065601
1564724987109511170
313786041
959723201566773248
13341792
726163659286810624
1562246480291057664
267181491
1448045730963275783
41565937
376997244
52058931
17388649
82922849
395325346
256473614
3380796971
1046492315374813185
2761437096
339046495
1035311680195125250
1029952296636096512
329437586
1461063470040899587
1489398880760434691
1460099679887237122
1489820110814650368
66769124
51200086
1247016213655535616
61229601
1536425201302380549
286874613
16798736
78188476
1517246945164677121
1405850995008147458
2931291629
1642644997
58926905
591961954
993047149
196780891
240292228
73503309
1129079812520337411
43604755
1137393959955836929
39736763
29595934
83494348
3084579605
2771780097
88182213
69993071
1031178375052836864
1105264870537216001
53576384
1793304888
495467091
22197767
39267584
10461852
1256108266674847744
266570289
1527838990220550144
79792883
194763119
1317890491028021250
1535211924044013568
160339320
1221986103672086530
85382677
1558683060832460801
26815618
340611708
60176766
1461601153133776896
172538675
218972831
59795613
65275699
89558665
1420927006535995398
319733581
69797822
188090798
181030083
3443202195
53276311
1010227483499745281
69044546
1004144818560360449
1286419937981009925
40539548
821412926410067968
56397631
1426625763617411073
73264143
1279435111516299266
35787594
258560123
70013520
417657549
1359845281815277571
264483223
1453382184337817611
96589602
33309134
1186471855684800512
807926751376637952
817882111868805120
85703130
73135603
44053466
1110557853482405888
593692717
864583851527598081
1350058172459982849
793259180299849728
1237506224389750788
38160791
1194802178743054336
1457915133041205248
98619590
1508451709336629256
191577392
1230279440481034241
1395682052
135692805
1191701517927096321
1509262313748107266
550249592
1282089676065705984
100097000
1339727432962748416
1487538400827695104
238772919
459485252
3253979573
155684766
291926530
75202923
1542882523692367873
66872748
139869699
64567564
1311192407195648001
3074059259
40956930
158541839
134858135
36353055
1219962789122494465
16071442
58608683
1361378693856317447
285640438
1092580358233751552
458495518
43817542
182792084
304513033
1207489299895205888
1308505056543731712
963956581586042880
885726991
1543658468212629505
37320725
1631909486
319237243
2781227468
1262378770436100097
892693216025346048
1026834355551985666
38881228
16721775
1259199152036155392
85299365
24763757
801099001
143202757
1431356038691819530
254216275
55320035
316072613
1519709635623723008
8205502
317562128
1376025164
142325755
389213606
42303406
127289216
66893795
26894476
88957480
1283049054021341195
81593903
186936586
631577596
304033251
53587588
234000865
387274518
2716711203
36748548
1513893713629614084
57785777
23362781
777712291160657920
104581982
81992291
117648920
1547445700761423873
125509173
123712813
55621012
57381684
1306393872801693697
851286649
44595019
1485912093773766657
1441202399566172175
132253087
23539355
51554470
50443728
54270728
57809549
1434186086109093893
131494231
772121839262961664
4851085216
1518667234385829889
22129769
78158660
1251873667396632576
65015218
3067770928
1524286104471494657
28921638
60161613
28981930
136118232
473230160
1285395012088365056
68584751
32952834
334344669
185064519
286968333
2629100627
1241245173792886785
1084600726624583686
494143650
407723267
1403919346548809729
1313076252748722176
1067836967373758464
1529894649023934484
1918511930
1293717575025688576
1521509225406607363
1319773515990564865
42673823
75058368
1482876322368081935
37035780
55356202
1527149820238090240
1213049956732289025
72641789
1367948893099601922
48752535
222657964
494366716
349189269
456176493
70012174
68302957
928336947717734400
493162435
1562147812556640256
2645593543
1336120182771683329
4800229121
407054185
2218495688
1436172756769464322
15060436
1061941299966820352
1521085063911383041
898591541660463104
45053874
198191119
85118177
919764768952602624
2277144812
47776080
1299138493172641794
238198572
64871609
139893632
2593187235
3939051
35357293
2290230883
131715859
1129827122594353152
3363253035
1526332829419831297
164776701
2479034478
48799399
1247994699518029824
60743669
15244021
1022554246007410691
1205428300568506368
3383629216
2879809951
857403643124998145
1007930785
780822022020472833
982838690811727872
1152140656225247232
53091306
213011617
136038861
534826298
1955171035
2457423343
10907922
2317847515
1495230151315103751
433454868
1504107606717124617
8170142
1081554733712723970
32032516
90012553
86765582
159931473
19999565
322551079
635784580
1053415710985256966
3005977091
1458452998255005699
104813010
166059151
1191808401325666305
71899805
1535664525273452549
1303344888109555712
57024516
277757351
44470239
37676691
1439439505061203972
2151841804
49370468
1558428703494914048
388371260
1026361356
337275792
749451860092878848
70210944
832608640087498753
141055108
919008620
494157105
1281079645883039746
26685179
1565382569130090497
2379457845
42468986
82240188
784806745147318273
1457786101482020865
1523352254035677185
2883631413
951602916380610562
1605322031599321088
51617816
115777492
1552394271025758215
57747370
1571662592757612544
1493427340654821379
211965517
1631322501371375620
35702601
1570846373758570496
566185285
1622289769219727360
21118031
71109358
1384348286895722497
1170885750709248002
1592634593433341955
57981116
1561724006058835969
1628162444580225026
1216484580166979586
1392484059025231872
1135862166106648576
1491269283288170497
2937614243
1248326869717483525
56221355
156136105
68250615
59911648
128615116
1618293461626589206
139696469
1498333914854793219
1372216414417911809
1237774367083450371
1560932110336139269
34431017
800929532
4899362357
1540474363618656256
996009894
57982614
52309670
1444323210200223746
60547295
221543668
4624493055
1596574069964562435
773238929516535808
41499336
65237479
15281396
244699682
1403486767148322817
3722477596
106246718
1365427084634521609
33444550
417370213
138449897
89267223
84699401
1534856352878759937
1359350618780008449
1443536471512788994
3310098382
794616871974817794
148413857
39899805
2810466994
41647014
1293958754111717377
39436556
1537413757
259853397
1115642715398594561
19598458
118857544
1551264989868179456
46969283
2773394697
970502241873547266
37596313
484972075
1567240674595971077
55968440
64165836
579387724
3348427727
36764360
3410884066
1194318224076288008
1328891287714586625
79058432
1180547494436102145
1049847515409997825
4825105985
1014135602189660161
1382791465248681987
2664563770
30268856
82248385
1463897153626066945
1530108132592074752
1453366417152172038
1357788596896477186
55222141
1487807168413900802
1390071845911678985
273163509
90432796
831153260
71027127
1455339546
42476054
1354020780410068993
2966793707
1077152413243662336
2362754749
451494840
1111638020581662720
200775207
1494735032820416522
8170912
1534959804854173698
1083617072960192512
192406600
297163384
391049955
477807362
397690459
1618352907505569793
851603940504481794
1592678926056316929
741635306
929724904391561222
1626599069316681732
157608249
3932694016
42125773
63782728
148828227
1470606485382176772
796244229232193536
725861898391044101
25521872
162094926
141999291
1269378007900270602
55716354
1099610346
89681574
15456487
828641069759868928
263667283
337596942
1625502154940387330
1479078276865871876
1257494618322632705
42832478
66786142
1202996793312776192
1537247057664258048
208762396
41360063
25760782
1192168322420346880
34659365
1369803566769143808
55545251
1244710292598161409
2761170568
1120216000975245314
1289220475693006848
178751535
1586746993333895173
306496579
938206801392275464
1414984050675224576
1224729917553872898
365830093
1637615415344914433
72103051
32237731
1030169692311351296
50827987
1168323354069217280
1091593985238409216
1534124881239056384
48211906
126982759
14948284
34123254
53535856
1486375146638217224
43231417
1521362584674394112
33687572
1087562900640796673
153136561
1411722531556495361
15114780
78632358
1048737358483546112
3958346849
774469015
17194551
14075579
24983564
1427437341522767876
58488371
317814007
74855225
803675193503870976
120299959
1469720302389137413
360064315
1630756729
201906421
49982598
50134235
1159065444319469568
169825640
88740084
2165665577
53743784
1120049911
58000599
158057838
22630796
75856792
1545616740956229638
56807544
26874397
1949892325
32130620
26573630
1328360433703657473
321236518
333140636
76022404
1493272061900382212
87021039
1538908542807199744
1361742218101469186
1519015768301752320
38215855
243559724
1313275735189094400
547265653
1126308407743586304
64020867
203734896
254687721
1259191250500059138
1541067044984061952
3336512697
705209910099910657
1004461721229160448
1311370120577548288
68285082
1533449034140196872
1287931
43149169
1376521396466106374
27047987
17923457
36828787
4704953127
764974167016009728
241303038
4631911
1455278316857012233
18688345
69343364
1412484978919751687
1133551745047715845
162451356
23988291
279742593
90634545
1618661393581883401
1337085654275158018
1450619630901473286
1208161086433832962
72621180
1279943343464689664
40793376
57687418
142134469
1613027815
1618763529431007232
106462423
749311299331522560
101355768
26898129
72088970
175265709
1265923963517128704
133586152
69569430
208887419
1145863684511674369
1524079365377732608
301094358
15103345
