727083578278993920
321236518
3371594355
55625282
37031702
311157473
252806783
468872735
222295580
1513365560947585024
178459558
457995962
1478938930435309568
1104129685993213954
1479295708775829504
1524185351593545728
1535938615695618049
35823935
1536910898878717955
15443874
78507844
42027444
3053988135
232330396
1437872423718768647
23260002
1416800098793762818
4280297357
753426005000413185
43470333
60547295
1317879399576993793
1136723095295791104
49053242
2405282319
1546470345967812609
1238944145118580737
1193949410050347010
2157693788
45691554
4827625001
2348437167
1542581473198350337
3237120995
286834507
913255742
1513003008417751044
1365365852539940865
143707556
1521831401825480707
124440750
1485098599755173894
41724125
704853313410473984
94453606
24987794
1426502283869802497
316776058
897835101786132480
2915356960
59629234
790965979891245057
1627934551
110688963
44932728
41233357
167471254
1545426721075302400
185619123
1447663681349853186
159466884
1496097648138461189
204623199
905801733347139591
475016963
106705717
170497442
15281396
1444992257363480577
1301357163315634177
1448376207360278534
33370785
199009542
148814284
1630239578400382978
1566788685181370368
58582476
1248984103673790465
553881422
1482876322368081935
1445830335489581056
1319341609767653376
162029205
1124741493418332165
45462135
1328670195293036545
1297905953921208320
13427702
319057922
1426717138472087563
37755734
719427905760202752
61639763
59038937
1564581831286063106
168304770
856682634386313216
57100510
1519536046811328512
2303573967
1497576991092097025
148010124
76763647
1484263804187942912
1513391481645588480
524504578
1387799731393507329
71152305
1409517917197279235
149710185
1551691829413908480
366273177
33325255
1560762378182066178
284258152
1252020106990944256
1354581612567080961
1531621040593506305
219177143
83508645
122231964
15430166
1126268255188942848
1602662612575068161
1466083474348064771
69938974
1580566097648041987
1365427084634521609
48025888
1106611231362871297
1511486788254187523
16602450
79170982
1364845183314124800
608667796
235804050
1517325116694216704
1225416076978262017
149148193
194802986
41838450
2868816551
245619512
1445987552
2227046546
1315013103768276994
163312074
201923929
43965891
4880305215
306273796
181289811
3099953103
842362053541142528
380455851
140151770
162957667
1220546577779056641
1566371944206934018
1633089175590150149
1268215000935563264
1526400983835844610
59355021
80628503
3407539978
38707582
1312850924587671552
938206801392275464
42069657
283705363
1219384348824215552
1115602646390296576
1541134778250010625
166495623
1495234188177465350
180858857
289112622
2374664614
99624322
838214360
2669823832
4836156178
40318526
35588436
120588995
1342598229968486401
56807544
1479850141528076289
391049955
38747650
1421354365
78722987
1283280311833460739
1949892325
2937614243
16999732
65242240
1357528782916190209
782391607601528832
1520111490296078337
1204521383742623747
1507484235757756416
1503479800043823105
1254641502099320840
367480529
46825412
280194491
113542564
2785413947
1449538888767258626
1563328449615343620
65126460
976218408768417792
1562902148551020545
18464533
52792186
897773366073065473
1475098023038496771
3044817034
1179485937643991047
1381159095558868994
289269778
133521856
1549325801870467074
182792084
1176623633168576512
1351335583377985538
1313545550063693826
182452369
1551388908440666112
464034042
557241005
1420869957609574401
317544263
730990120694775809
53936066
1258457125258498051
1502427899890225158
274776831
107483071
1246522340135129089
133023553
83714348
1547012521286041602
100582215
1255491894924185608
1376234044300656643
69723751
136074732
72882251
1560747275038621696
68260081
189230534
1553537709548912641
147861067
149338811
1170324261313155073
794367241
95740373
4286516307
99001288
1185654521575464965
62330555
2354731322
42525382
1495904461776113672
1245861715683807239
1044891958781636609
36533572
106859192
435814631
326369034
354388487
1192397316138950657
35005800
