1678847384
1533498778472402946
1283794088047923202
4851540795
1448607396843200512
1076106932807708673
1440604975311122434
58822283
295360307
312699472
1047614019509657602
143235784
96379526
1030961596468785152
1484143780030726145
3217646565
786035095391997952
708763547459854345
1446734718129614851
396652054
454346557
84571881
64727308
198696596
1453382184337817611
1481989980528467975
131846639
959100155525033985
1531505145435017216
73236837
165895398
182454164
130170060
595755969
3724233975
84052703
235266818
175234504
92019588
1497020081112596482
4258007134
4626229996
438473416
1495616925241679873
1432372524139044868
77233601
883116672214761473
1555491326904385538
1567927023867252739
254242619
88856908
228838735
1359619452594245636
1539309157773287425
1109820195294584832
2683923659
391478238
2973994137
64519948
722273646690058240
256796559
161696522
1421315669820329993
1544826937327108098
1541584139660435458
187404657
1209812851214487552
1074419378748383232
798884160148475905
1072245432221425665
194816827
2848301549
349381772
190088556
1262569527231107074
112542342
871924376979091456
32441166
57220858
1456442044327637026
1519271381183213568
10226052
17194551
1518908815009329156
283707221
1191197756746022912
340611708
36533572
1304075424587296769
1310269849193644035
82245238
320445568
51553243
54397777
1464739763164958723
543477345
3367714120
1482184719940964352
1546932968903647233
1564358782469246976
22857872
1260849853657219072
51430514
287771918
1600715860062126081
367910036
78158660
64785602
325854544
1524758856743727104
1283394353835192320
1377841739814277120
1482876322368081935
174726387
92370066
41919999
1572236405711020033
1296154670340153345
1541749837191839744
1433628725178941445
101390345
137048567
1353111640401731587
1376618362701242369
304716532
71674128
1524601510520397826
3733944093
1515129011189522441
1519874030261710848
124819923
863821945556652034
114756193
221156709
1521354594189815811
323528575
833189707978792960
314693307
1068724664585850880
143443643
277589108
105939984
1624599201152630787
78402916
1624587734286229505
1175001457084588032
1535377964027756545
518476845
1000348665654005760
469457777
3371399722
882403578257842176
1392101048932868102
42610195
2196238149
509489317
1584217661692694533
203809353
1628755425897095169
87247590
1515867833896521729
1329051085957427202
92012341
266769099
1339717144213393408
535978923
3904944255
312703739
1526324189577240580
1615824106603126804
1636725807061032962
910979991558610945
1069990787365175299
378409027
737803404467146757
3224608301
855635851258339328
1628070769832996864
1574170525206810630
1554654738318348288
1478317364412362756
45235681
1552515416546738178
774469015
1466401807719186432
1061771274
73148477
201917140
285299381
1475920230874505219
1549748492
2321401561
212360430
34626356
1264343123662196738
43351341
857624090936528898
1368192079990554633
1353045319920062466
1329500102667497474
1552056997985517568
41709648
62104986
1389339985531260933
