139161094
1015244647
495467091
169964377
118212022
48545208
1436349880025468941
25574151
73493771
920597438439804928
62385164
1470961286422966280
101899064
2217467531
1458452998255005699
66769124
2270187357
380146201
10075542
870745039
58954420
67466748
1449752296930349060
348237590
3354920057
52045796
1157044974799794176
2965095953
47493685
172153594
889984327257378816
46485883
17110057
276244970
714645230
546230403
51262591
3054416444
32576568
4164112649
41207278
1431265304114614275
111064179
342815291
27145383
26173240
1533622480610512897
33984389
49480741
66588514
1438826646396710913
1347077785
54766959
15430166
64258447
815100174284587008
38505279
27927868
137942699
1355231454066847745
53561273
27921417
145880499
735015342909558784
1121036060610445314
1347302962813677569
1500975990604017664
73956998
58068140
83968333
42395032
37459265
84076071
64810427
47369902
108637786
131994647
1020414994356342790
1616895746
31228871
1528126280
15678859
805560831891095556
105962343
31010040
218244535
157137761
4886239761
72601613
228579144
77288935
889785066
1540785746436579328
1228429083433996289
96589602
549656061
322224443
133013134
70725047
131795608
309866009
138796935
1197686775327711233
26302424
48410320
26499470
42486967
1419026488008060928
591961954
212218429
24956368
756288450685468672
1119327780326473728
83720016
38226685
970734760048955392
19760192
133806034
21834147
838874351466397696
1101575305
1537989315992596487
1486058855268294656
66745116
184883937
76533729
17923457
14418146
1211574576
1272347370865426432
127836486
1528561830586613761
981186828
2180369038
57521038
559964935
1422938222926180363
26685179
43047753
195170245
193095732
1691766446
15052095
61766850
55996966
85703130
73021924
1399244633427922946
14837227
1384578988312514560
968396414
99023218
110688963
52401765
76040841
41444151
1521625431639736320
14617122
3092453777
409548876
1132127652310134786
71323385
41958045
1389817182255828992
22129587
423497008
335540527
778323182180761601
10164502
226338570
1620194399605952515
61865373
976884261075804165
1613591847636537348
1432134630677884929
264470848
491279660
1578587463064461312
1599111334762844160
1107689635843592192
1379238819468345347
1540305914900746240
825883027352014849
1581397026453049345
46960306
63180374
1253730470988263432
1483631068070789125
893896843725295621
1265064399997415425
1509563619553554437
884955921239113729
1552394271025758215
1009577438
47692816
52784634
1637948594018820099
1644158816538226688
1261854893524037637
1429659903543713796
1227224538682974208
1160215476045262848
14547307
3349680335
17753103
1255918668715905025
70858593
1643317524
772913648842969088
2740483283
1410706253563768833
70563519
948981006559842304
3724233975
1641615537422647296
1640903282913583104
10184582
1628102261116108806
1084754822
585726008
334986926
1522559111090606083
370918078
1480939012378480651
621544152
1456387818096402436
294946677
56975583
1241905090321137664
35283872
14720294
120533044
109409580
1279038901747888128
1532443738416594952
56541510
1278865849961656320
949839482970308608
3300014517
41891375
1163995368
1212699621618675713
57057476
121073244
177743869
40822810
17766088
183990257
30541668
905801733347139591
65242240
18688345
1359672332990701571
1495726521746661376
619346712
1458013567
2527685280
53978906
8462842
964870201358667778
1484677885461946369
161715299
1353800428404797443
55970374
72138731
135599579
2167390714
94878293
115801700
905130203101483009
706192794478616576
2444397577
43214045
70503929
826106821232439298
137815296
1888119698
923499849009520640
65258191
811024642592899073
10461852
48203475
3411565156
120581765
89246791
1351335583377985538
107785164
719130551
63032040
980073588467396608
747904767997976577
229466391
34967175
110032411
29287336
748627564730650625
848205260451696641
195356201
15509258
1425939384373764102
49370468
1242278529410031616
239014563
161326582
71581273
90764485
63139547
766308298140315648
51226911
154630442
31022648
45691554
140450668
1255570574719496199
942947920063500288
1494745932746870790
93438970
1374904291044044804
125456229
951600720041488384
92572410
1492860935823835137
70573414
3300536362
102518332
56713034
130905380
907993562574458880
76022404
54378874
150242761
40296699
1064605524
18340618
28383343
138564368
131494231
526760890
33373698
77021213
2787216415
715972017976123392
707221706516074496
39091214
440380027
49161438
40071096
158160208
41838450
72103051
982011259339132929
1272666744075833344
1397532939051839488
288535489
1015302215752409094
1138888433764581376
179882031
1281678065505046529
1527450785197481995
52570056
40255368
589433710
58997957
731877677196574720
760656771853746176
274077339
1423737973
71923468
1308205864495591424
273626030
8539842
197640185
1248971895669698566
67898559
51529735
8115162
70811098
101355768
3174510621
18608075
4205289983
17222399
1216375381533634565
19990476
3648334218
3895005683
1297636967082074112
1169806527164801024
35331454
397319266
1085122836870631424
1480278191835123725
2896619996
895816297862373376
44512633
105524584
267293166
1513981074505977856
65237479
233647998
346935462
26611656
68819250
47467252
747782134723653633
51297628
2636196581
2295007514
33038572
1567549168608059394
1219443836956573699
36748548
1278714400476737536
54298229
24983564
1396838414104866817
176340911
56677037
1363573075845988357
52294946
115055242
14585335
34957991
52294113
715191572850147328
918284176851460096
52518853
60200792
15735007
88418289
1227617408
193018446
264483223
82240188
80222713
57469889
95315910
151246302
132909997
1296471146293088258
40035830
1403468190588547075
8416032
206393658
1041478678666993665
1479336710471405569
96032300
1510641534143709196
75929729
22248152
155337308
1550522189841145856
147603885
68045884
14793704
68755416
1178510350498566144
729459697749774337
138782032
1555133956361785344
156363543
44948170
1080893368048209920
1255437900134649856
1279571718344978432
17243277
1456740470386737175
73002111
72938894
1432809010974142471
152337601
118122013
18066816
175256884
1389647978311344132
74884358
58018920
172513786
19907731
135209430
3081857504
55860560
14400616
363769237
34607253
204288055
14827952
708457474815188993
36392289
135228971
25095139
128898155
1243362752825040897
35962917
1061008550221234178
14407625
749387075619790849
28198588
51467780
1222524285505495040
108699469
2278090306
44989585
1056901001217761280
59670307
774469015
3432965691
83250663
66788713
19594520
52900463
287217365
2812217781
195125929
1405532541650489349
168169793
49012933
72171219
44728722
323930424
97040998
1191725339074060290
35620080
9254922
614455528
53689025
957806266088292352
53535856
561472686
1531444539814297600
69343364
150050182
69801904
8883442
209685597
548931845
75877617
41901245
55974691
55626810
151313142
1103370507070726144
163581731
89913358
179141510
1465767669400018954
34032476
13225152
66842974
45658348
8366602
337596942
53091306
397596771
67895112
76250518
4789880668
1532856585957085184
35540550
39580700
1524444623233556482
1217825834922381314
1219610154125185024
2463169995
100227419
44360094
3294273237
164776701
151581569
30102012
49668165
3298690133
2593187235
56204396
1393033227611394050
328736107
151978321
305195048
245547011
141264479
67111925
1358483278471258118
98392613
20743783
1322135220645208065
3939051
55460696
388030398
1559071
88919496
875559397333880832
39267584
757928493711761412
182654872
14666239
75471043
797572357288263680
1085534450723811329
14909498
792972869378637824
876587651121508352
203327155
21415271
1084600726624583686
56397631
66826639
46928119
1090218654845800449
82141753
51538765
42447171
1521722263694979072
47656062
63057498
392718175
55052217
1476730387783200786
36060786
715000824561328128
723598993650008064
192864647
49883959
139696469
1527697473124577280
1415383504297369605
1255666584934330376
1365092168235368449
305270814
749062187927343105
1487538400827695104
57674238
1246522340135129089
1479078276865871876
455163611
118925906
88499540
1504107599297486854
58256823
190288377
97781033
103151210
830547658922135554
159623184
161406010
10471282
65015218
1529937760404094981
58288566
1435566100486447108
1269813173135212549
748105924699623424
1519879545511424006
83582988
1414591484125401089
48795141
22912995
1510990551344111617
1267270037175402497
172616260
838833999334227968
726986230781612032
68027619
736706599855751168
40125120
1489741266107654147
3131087933
748287814828232704
43347078
99162230
14818332
29108764
1397525438906384384
153777892
23260002
109218520
264101761
78702516
15165399
52625191
92743535
1284261394012082176
132618458
90310598
1502034708665876482
106175107
39252219
193111451
1528111001169715202
357124561
1353171061882449920
78779457
2541344459
56199419
59932435
4149390621
811846927
1114529519753420800
1317932922469535746
33576428
318056797
548591340
120861327
52309670
985552521149272070
4250812918
1516027987984068610
51242253
1287201210936827904
3089202639
153918456
47395147
84912815
279742593
954032057495314432
1380960150396280838
139068964
37416391
1182812089
291384237
2741840722
336510636
178773369
167933536
1470915850442100740
16999732
1174130907298631685
727160988324237312
712931232
1416915625499414529
1411346000049016842
1382791465248681987
61850588
1197007662287859712
1477516910
14409620
57460376
1498413243215327235
1260207099121975296
986686892598054912
1484283115
137042966
167984802
2369058968
195842304
153677563
27436694
1333739163460448256
1388500241129877511
52267508
1422611289977802753
14164165
306421711
757305462316535808
4070664929
54459099
3014257433
99353567
1576464876
130477658
53936066
71091565
15486973
824285475837984768
293697029
161341342
1223459549555892226
1498112098538246144
1500679561427755009
54644991
35506053
2214105167
1452631605747531781
1436391007
190127634
1143898731894509571
1482079394860572672
710082533418000390
36746626
51947541
3991671015
92157613
141973730
39899658
295700447
942619364
51405210
142832274
336629154
1027325446176874496
1839675162
300294312
2474453646
704808457912885248
632987831
162887011
329437586
35537327
97021200
1014567561030234116
48355207
79711417
144811662
57164481
1241429450518081537
14574948
41149883
222181835
135700404
69722142
357561011
164450597
1162146629861957632
27257551
3493611
867828601604984832
319807147
295415879
1525176986183802883
66116457
37987887
301094358
1260643800902443008
123407261
1512109414504931333
1446644853346127873
100612757
52948715
128418531
1390294510484217858
168781236
84350078
2337399092
1515879410599092227
2156836477
57161717
14291626
14220748
2469896996
948336413958922241
52898931
59889115
224008366
1369543044
1466360289847300099
64020867
1296770373032321025
923911962
1029847332161048577
1450851460628029444
852306108572205056
34779125
160664190
1336492096014970880
475326531
1433496190205796354
55544118
45731030
1482192141392691201
1020011161
471741971
1217832483498209280
18734856
9996612
132644775
4899362357
50443728
1121374812683808768
35134690
130170060
51745256
4873646337
426606299
102419479
172975264
206874281
2834328599
187679561
1340647948183592960
1295573357988118528
338689110
742558764407128065
2258214954
152866784
33264921
1220205212
71909361
375925260
254588963
281965822
856322669591113729
158963067
54533123
16371351
1505826863159156737
61001887
495399040
128670508
1221098766163501059
37195385
1081603250502152197
1263568832238583809
2836439422
36556228
127251919
190299430
41818731
842482153
56807544
738757463638429696
1521943341549899776
831922788
35801084
735816733714481152
64298765
41499336
555349236
114909944
56413274
116929920
1502004812333920262
1395009016015769604
84971544
4492579047
53986178
59565724
788452196564238340
10430782
2184831010
137863193
34604158
30269265
23602858
34991437
1463663329
925808421278019586
51931982
37257905
1463810394166906887
572260819
1515483457190772736
17337442
503080451
84133951
1533938438692651008
1533918932167495683
1419143312397717515
55891961
187719949
129710596
51658990
1858793251
60793478
51165664
60879944
28437915
1384273705853808645
35540017
203809353
39078949
170497869
40128996
106906410
86741985
33900482
59889861
2850782170
16427571
2980640752
1219056998861496325
48161519
1313577057960579073
2889595401
2586676955
96025958
21607913
26817727
76919830
1512485413583310852
40801116
4927575377
1533404795507298305
820109928975257600
926498434340868096
63368406
1440435995661332480
46970922
1441960652646477825
15842473
1531657808990679042
2264603330
745792532618031104
1012080707840159744
37961146
56699915
54741389
60609151
579387724
2212382840
206484407
1467309227144138752
38511736
16595668
47810529
51175120
37242569
1481838711751024643
1305924787
1458089891795976202
1090061367049113601
1429502840117108741
1265649820225753089
825337360292442116
19608629
46825412
71133166
20254008
2800647412
1532752720137961474
44435944
87263101
26637381
161775132
46347534
134978420
15817024
25700962
303695363
945423823666638848
297685024
37250559
49031824
185644201
101613722
43030622
163598756
64778268
75306168
1165806361390845954
3333176632
3419421455
106129983
32876733
14766995
1259191250500059138
60721389
1508291202730364934
42290297
85299365
41637489
285609105
41709648
40231311
46157958
201580498
1093633080286416899
1537580484754038785
66410762
36533572
51532034
207123161
62842687
725034014097215488
272449387
1125247849388752896
250397111
813722696
339333829
1278725824364138501
366331391
18464533
103958224
732971990752104448
1353408859
4685273354
43985042
51298729
37571692
146894228
2831916673
715914072
1241355525121626113
779343368
1242259981300162561
22402665
994985263154827265
1419054110570160134
1302393459614064640
3340578197
4083660015
2173739693
1403336968596037633
68289225
18293936
1037036442545999872
83847768
56851995
209743935
1193012271900962816
1360083179428798464
2924852708
1378383842
82958591
996559222224670722
714645120642072576
9358142
67787517
1287156205891260416
1426609893243510787
1502459967030370304
89544580
4835229399
1391233893064392704
136435677
35131751
56372027
58096235
19498172
991306440123052033
916278952490086401
847488374671671296
909136642216218626
26992157
848956139479998464
135993620
603071850
101834598
1545106914429788163
62553974
1457385762069098502
1545242303987679233
1474484473706201093
47093037
44541506
1125789262505443328
233758112
1445204575053561861
1511557194910777346
3195640193
28626254
136118232
1341228815486509056
1329618241459720196
417407570
503910942
1289684876908810241
1520285952639488000
70141650
374506906
816813157121490948
60149379
13840222
780201362
44300313
28552134
365269536
82929523
63532307
1316890925117865990
335996953
57017730
1520038699068796928
83727153
18631980
115586415
1242746868167323648
173957663
42694263
209307995
64443688
418959464
20439281
1239919189
3138934131
25076970
155756374
140075357
1280643037023125506
1350044105494196227
26350882
155684766
228189756
45477829
52822006
51884308
50865757
77889972
51634428
80101370
323412654
67439691
43089906
313008092
1543404230798721027
173877179
185485356
29012710
14425224
45023721
793259180299849728
120505473
2937614243
123998132
709851656125607937
885659598593634306
109526594
836960265681977348
1351246321970278400
32640324
162087831
345216960
96373058
1360012154011803649
1542975271720067075
1924475114
1274436423664500745
53411043
126088784
942871131249405953
1221973711298998273
78029513
162937441
1180453360547303424
51778575
2596659938
36790468
1388650478045736968
25577896
20622167
14813467
90634545
55402582
51554470
14999768
83414064
243327005
1482156808299024387
4658229934
1228102666104066050
1094085844502220801
784561556734504960
1457870898350989318
45472625
1526195040938336258
1478179168995188743
59619515
4507771828
1524541470102933504
282198621
8832162
38949834
274533665
66653237
378916203
1379423956541657090
51833642
98207153
351941846
36659052
2556232936
17870916
1268067380401487873
14640160
41204518
748546544136249344
611773032
24967587
70265327
1103729785325453313
1047291533769297921
137080449
35191884
34264727
3299273836
39632290
54367271
49487021
1040736589490675712
991084486837325824
1388042816
983761072644648960
1101214225626775552
1142915606653673472
279854727
1014669314996277248
1140328385199165440
1616671413519237122
1600905663064023040
41175670
1003252926972915713
28259007
50827987
3083974561
1482876322368081935
218518703
14328502
102160355
37035780
286315335
1194413774465318913
1533958982552932352
1624348146380701696
57100510
150506691
1639609939562754048
1571662592757612544
1480037774740922373
33111943
279281347
349189269
1542621577468067842
1528758095177990149
1373808210121986048
1639033206467878913
1102022492
42712761
399571091
167794263
53224648
1603195759171715081
1637494755394240512
53897840
456176493
192287573
1277482714480939009
15410917
70474713
855976601275830272
738400195
16873631
241605932
60516925
376934289
253825292
41179451
188090798
69023575
28246790
96182805
349187146
86532411
83883658
1244873009560772610
3127024384
298331222
95570788
1475588450992762887
1454087791122472965
115102624
315768579
237877163
152719331
25466728
2875628393
97764554
36585635
1373324257850224642
45937238
1548811382359040001
3392077413
106757803
42518664
49836909
3080984812
899658002353049600
300972374
1336709035199000577
51776863
908072845443567616
38164758
2806283612
1473046676914987017
119612457
90982544
17194551
38362548
466526825
55604156
140579684
983158820217159680
710649014484656128
104345686
157986045
80142787
105141287
4333753221
1167599116664414208
137547006
228158097
126437864
1455013702462279683
44186555
3340230375
3140826667
402715144
1182760167907188739
1507390303363235841
714507972
842195921991569408
53284256
1549349595402092545
1538530337520766977
1540591945927606272
22655113
14594895
168810387
1488644174450761735
1535573359509049344
140653252
55300526
75856792
42881764
1027733533786292225
935181549946982401
69071282
89383329
854502288819441666
339933198
262338689
53748964
1308160668152090624
505334289
76994790
2306707293
2324420269
97865823
1262598268338528256
1033038950020079616
64223451
27307810
714188295849291777
1172859044471738368
19996223
46498411
1326257106979344387
133689922
289063916
293178546
2885097263
1040206713071251456
1504273226863681543
1053938018
1428300327032442883
4896462759
2188643628
96220508
1148403612844003328
52095465
21277169
508801977
998514350183911424
57159686
42899313
35951717
2847055994
303956553
62648137
68256685
2719621899
1272888458760138754
4735582217
929997593412763650
127700040
28679333
867864608647897088
1287779870517469184
360338180
1345849754962550786
27412034
307655659
52792186
51732471
234081035
99506826
47776080
62795891
1061968009303089154
57481509
334860557
79495209
803617566077976576
54065534
98137281
849771129875169281
1480281209955659780
30486969
52089108
1257808713995386881
1262777935007748097
1057687559101448192
115763706
118111841
45940626
82412968
153944592
975032069825888257
48588766
824788057241051138
1233117103160537088
258164047
33887545
1524931857195859968
1156066383324688384
57748745
57942004
319109824
2662408269
56248472
1482879189095227407
48592235
46486358
1224025830927544322
962092804754329600
1241573647
1239335637658013696
55923034
75347026
1066807912948031490
169825640
1470460712401129481
71359584
36764360
391049955
49516173
1501339830046789633
318071044
57455938
1556725069833031680
232610012
70588650
24901176
45457188
23362781
50708900
548850615
231526475
796746108055801861
60096177
62695011
1362341975047946243
6470802
1540544460941058053
941786665
1181378190289313792
80768590
1288147006079279104
753607579717230593
71517584
125038533
54270728
367314249
40146795
1098709345804668931
42139769
1288570715273342976
428993401
1549590686801993729
1434962070517190662
1464042741604696065
1504403878749650951
125653711
39851638
2147847767
1455309751756238848
162375455
111661952
1519146887877738496
1245810043452260356
54966699
1552443186747940870
953035333674913792
54436174
249410456
39328633
125214566
35540986
191646452
38238930
126639212
53276311
63830471
36094042
42297550
14892999
3397300756
104311824
106544031
1108938510055038977
2953960677
1444668586623180804
8205502
1456089487
169175464
1450105879727120392
190049884
463910217
57485860
52502037
1462083026
1090725671406583810
1161961828219596800
22576338
1475550837246242825
4699948116
207253909
1211816620940611584
1076662578330419200
297812092
102249429
1260097627
42073938
70811987
889963208823500802
367966084
117884071
1069224860528840704
1471150831
61886318
121591175
59157108
1344425189711503368
94625350
1438575359939813381
1422174918205132800
490691138
1118317793886314496
712609120
1543491682271985665
69013064
50335822
34839736
1180590716998868992
1218218987970007046
1210905218008748033
54100700
2221991696
169246492
4149435927
95657591
1395070110600204290
56883499
1405762696688009221
93007074
351970405
73709150
37719882
15349705
82635920
206300059
879353623603548160
57956355
1255915606135787525
61109931
2974403633
265161592
1357496364293324801
55495952
84052703
276107429
39886454
810091443851296768
93729395
3300782501
2290230883
1343930935205646338
160721067
328301925
1526332829419831297
292986447
844948803669123073
1951827606
303790543
1513674089445138441
86444620
25042231
139777218
1392643689936310274
53179056
1071900515359973376
29120161
67465975
1373126305001127936
385664099
135991255
168551981
70509209
836265813728444417
158474289
1316510641000247298
76426688
114828022
1089129047165161473
1054407044634157056
1521312366964756482
44436075
184992427
3188775575
890084761997332480
1445127249578106881
1417587178167754752
395325346
42722635
173170487
68778721
2405282319
53065047
1532443599014707201
86781477
1035952358
809604188
58541236
52866878
281592037
1501027751997882373
178925577
76102152
15320258
140133665
44051667
750101061386502144
134871064
1498132263070019585
978296532423364609
1265455117677060101
1061941299966820352
808827182571286528
259739961
1538702277224960000
963839814305972224
45835077
1432186688
497380552
1516042186483187713
215776349
8170142
338097482
127671827
25939664
105908157
53929018
1207122232658604032
23734678
2761437096
47220478
162553525
162115636
61957985
2348437167
1157008894444679168
170936992
1518773834232520710
250283538
858057419682979841
1646320284629180419
52704535
2222657409
95407715
765879096194764800
1625915508632453122
182792084
3298162567
1621457475160489984
29720850
28274762
1310757775727824897
4407068775
1604558389614452737
1511994874018635777
1026555080038907905
1586746993333895173
1256217200203116544
1359617585776582659
1535300952869244928
95227758
27008217
767432364393893888
1030657781437816833
1635338890025267201
1645638925141135360
15319999
2431830119
57074720
1315217329463099393
801598642830315520
1604416555370029056
3299832892
1646962179399139329
1643083786127650816
97047212
1592946556470263813
938810244490199041
142337346
1340519047
1427062063587753985
2771934227
3337293484
1614787974826270723
14849030
1519489565630812161
1030169692311351296
868234453071654913
2777309558
1494131673579069449
1158832654982287363
2445742797
1580643339816378369
123405231
1959923005
222657964
57460575
20399287
3856514049
217874795
25348322
14948284
59144058
1631127539438567425
1570846373758570496
900270579038785536
860527744077189122
189607936
42441379
51617816
1244214924248842242
1487650496366133256
26687688
930810530994053120
912469320340525056
1449477116177813509
839226782901551104
1360671
224120596
428638607
279612799
12980862
751950482147569664
1408185441229197315
1549121458496049152
70368806
1433104474130849792
1545823303142674432
1106047462169591808
1149264881415311361
1387163033445838859
128532250
493162435
16337409
948322202033803271
1146592422
1539575991391100930
989682343135862785
1591890422699270145
14846477
727476173744312320
1010227483499745281
1325262145337102336
260320908
1075739212702457857
3572574796
1554120152
134649778
1288522913575034882
1175001457084588032
53347651
15238801
2357908862
91022159
1470998112441450510
1607416700391022592
84648084
1279600407766020097
65689092
1342539528897179654
1280958720839729153
68175604
1143691272483422208
1456446564155658242
17121480
39936067
106859192
1593953431
42041280
26518790
1554908556259987457
15281396
3400157771
150413399
135722182
72685903
30893561
482978541
1380556418068193282
2634318304
14244243
3431445178
40371419
57981116
1399398011235614721
1339999254073491457
1076781440006799361
1613893939915886593
2477203171
1612217649110425602
2650359765
77504994
1935605424
1295484710060163072
154898457
292120622
47343056
131146407
756868178102349824
1514745482983223301
762818397960888320
48142147
339046495
38004863
168498976
221759428
81247816
1224404016303628296
3420881314
988972977139212288
1154852174716907521
1609011835247771650
1520503546076143616
1555548365085151237
890725709852880896
4527735153
89921739
2304887937
1221496125968044032
44473340
52912420
855635851258339328
32792380
2777863894
22223973
1431590202389188613
1631652586880155650
1289351356571095040
139415731
1476015440430309378
1198085492622970881
404449792
3152587420
1586815921821204483
1483446286787481600
201967265
1000869102813175810
94586240
15114780
851603940504481794
1263916122052743169
1589427980052332546
45044529
1629966450654863360
222552721
917878054835376128
61303379
56172083
1635971242208419843
4339611
1588312469100961795
46795350
104294174
171294402
1257494618322632705
1325057589521100802
37031702
352796868
255694224
751049051878154241
111342886
60161613
100075071
150419791
77353285
104202366
1535636504554397697
1443757976066695172
206677845
1064518483
1408028111699124229
19572422
387346334
45705838
1444472353820446720
137196931
1282773009032523776
29023205
221051758
98255798
36135219
3434584691
986660752441389057
319213919
1352696920855244815
78058976
381506084
1147977986198712321
3324267797
1934965290
839073013
19234257
1536715510368374784
78108494
27566436
16334980
1123739892578758657
42303406
709251932158828544
185916083
1461827034
480714833
523619813
1530217818196787207
1137175141484498944
1529973151383314443
13821762
220990073
64273544
1536051315029250049
40385012
4324817303
80079364
66024631
898599388515323905
3290795128
55368497
36289190
71895898
186029768
794608763898626048
22808443
3028874187
847855618853675014
523828386
55748108
154350254
286417078
1136652371843588096
96612760
228503816
289327388
1011412832448139264
2953014478
175048113
1266057487
994268555477766145
2324532745
183457182
1495731893815414792
1453548140087414784
53587588
2470601679
1378532072122372097
18222826
25476101
1328348992858710016
760870567146913792
290666790
1119422021060976640
1513332863743180800
1630756729
1448358887309070338
542142825
812771885121490948
1432299454930071555
83830377
162243032
45186452
459485252
1514381504302006275
39543699
178038438
80860774
14287669
553544786
57829280
1322134551351709696
1064650807419826176
1486808127320346625
1273078510899380225
16151157
292550486
3253979573
33576349
64808395
1567240674595971077
846507914999271428
782008051066925057
380642247
3130786150
29441813
1357478361514270720
898210857389355008
194693328
832338079
321236518
3065352647
50823901
1213219642438602753
142499642
51262441
1532746265800343554
1244481406614585346
1034204589791305734
1493069708
228236532
767510186277867521
1091743621055987713
76293572
1046499061543636992
38103383
1272773553948147712
1147742425957511169
1301357163315634177
1368339420194222080
193297585
71074862
1486375146638217224
1238944145118580737
33275504
1061771274
14503489
2655206576
1478874399386316805
15592470
283312611
1566184958
26500093
3371594355
26035191
70534981
205681005
3774255197
221002976
148868565
143665196
56715581
1480182713755877378
134645571
414203921
15280766
24701343
1237802908562919425
478508408
103806332
891682284893605889
1492839562967760900
55886961
52122599
970536469
77542681
190844854
1208585404422733824
757308244268285952
801238274
137809593
43692060
95348479
12660902
153865157
3381522531
767874369431408640
1146531529931264000
49053242
20919432
1380786727
1307738143165210626
1523304172787015680
1162611938288947201
22635254
357975292
248412116
1836792889
72969437
108533569
1416418679038808069
75692588
292372208
42461416
70425924
48255251
163470110
837452252042432512
67373134
293030438
156311516
2521158448
1473834380909023241
1554991942726983681
1509954690947207168
48600862
39259304
104227512
166634136
4878135472
187178111
99205375
1542339013297770496
1481823369171451906
42673823
30579573
2257352207
262809110
2777151621
363978885
182233683
57794627
4632033388
292010175
1554489351752630273
1236838517466112000
14634349
167095721
842809918294048774
198303185
165221267
172450495
15923337
1471829357656219652
2235288056
171594489
1320859887182716928
1081554733712723970
153046194
1175114392465301504
316535570
800387419178569728
1532345902349811717
24875696
72173563
86765582
1369110018226851843
37320725
78158660
335044726
1306393872801693697
55656499
2184640557
17310864
1179522618275311619
34347274
271008351
1445844348785106948
161696522
1269328332585402373
229496829
773238929516535808
778628746895130624
336289096
331315770
79796496
67116086
1564262578787860482
65673065
1130323937441792000
60396456
44820424
586195358
24993889
27487639
1239595359464239104
1289428746315935745
1969021752
924785475881234432
778512799
938206801392275464
1368206852442513415
63146497
203671448
1143081018
42514407
1504226362701271050
40931302
2206192495
14997935
1561074633578889221
280326399
152712761
75185313
267831509
47767246
195562928
1098372563279982592
1194339711722151936
327020205
1517512496411824129
29788725
1477334757906305025
42544192
625134926
214174096
618716217
3292515305
1404763437595512835
53238814
250702102
1133049851497852928
223575078
374284592
964916587936534530
8418202
151328105
46700167
151564993
86780048
197906460
1222348988499841026
1266173417662930945
39203252
8472652
238782227
39741096
2333837398
1166176907051896834
1624462968401412098
372063864
1491155685685530628
1056184380379619329
188088539
1518924024054747139
1613879707103027201
1224096557496180742
338011508
1313680972920098817
1622971208022036485
1613299921406279682
3778372576
3932694016
75263598
134858135
1237506224389750788
41286470
260508450
123424978
1319222805297287171
751696398
61940367
137467353
1396032511
1513618148192358407
253032231
52492069
1244960782678450177
729505869604528128
66978924
1611113017697095680
1328360433703657473
149944097
75153534
405069114
965441944791977984
1597020999718998016
370312875
762464802769809408
20860716
14099402
3087761238
59795613
20440933
63694770
1505811580528861188
1616401894812909571
1165106379503362048
48353518
3418540271
56557174
890996156309921793
67763936
742931877615525890
303316635
2677446873
355619457
65525732
66282097
1485968066412433411
3170664843
817882111868805120
98237980
902302982800375808
87718122
232651750
316775437
47472524
1530246044335976450
30877806
15741733
2659134552
1178320534913896449
52598287
1259934857414803457
69464414
460676470
181289811
109049442
99276428
1163837550655627265
421258780
116414511
705074982020390912
2597327108
718220011588993024
1553112394024587264
15409426
4442980341
175933697
1076106932807708673
1466946784425660418
1684743787
53480040
1546606688421175297
55360743
1222653988413362176
1331398878692782081
737805445
263703054
1458146854353448971
1466873819122085894
71094992
166047048
2878024792
2501338274
339183004
2830762756
99019070
70012174
1136350755756093446
1026834355551985666
57158780
153007960
4800229121
567251824
211353532
174018718
48360486
45037591
390161975
2628977602
133827986
1246210841537585152
180875727
8851502
971847510
1128834495027785729
35662662
46660385
52360483
27508992
256242511
55550639
49619676
908163721092050944
43632443
87561949
47595731
1264914827648139270
2954726315
22649538
1133894858060509184
37661495
415582470
783843190734487552
1581780772586983429
32762520
2832328908
14551743
1269803065676378112
1135518147216379905
145686548
889243181904265217
1632905161596194817
1306623615283101697
65184290
53710483
1185120184413184000
78632358
266240744
134322517
1240845676331839488
223885778
1574174307005222913
1244965763687034881
1473369722104209410
4063761375
103477496
1030578770409910272
1594348593879687168
1503091955118620678
519934561
130382813
215596444
27450943
934390089643380737
1224729917553872898
39754657
1397746436880666624
64301086
1253169448548282369
164363202
1369803566769143808
16518589
68206141
1491269283288170497
1104215698140733440
418030333
1105077015445676033
1610063545151922177
1273373250563735552
58366440
1389983230401593346
178751535
19331205
56807620
1522026847923441665
1252443965028212737
1537089116172582913
15453165
121906606
67420981
979529557
1043500938
1545608718171136002
1629241
41360063
2996412154
1556431221709832203
1173118435326382080
3619898489
615408256
3642806663
2364028378
201520458
807860929
1105921024003059712
1286698772492427264
713529201157095424
1564908077618454529
15774970
61008704
242205685
929079484174798850
68188245
1087684449607794688
1059736961307545602
82674158
1254945923370749953
817779697903894529
1209717380273836038
1243380420139462656
517086055
263886757
1044216397000257542
376390786
163941408
195863790
1619447074117894144
216427547
1325921464500023298
47481576
1367701768948350979
1628161872737325057
1408518585417449495
1510017490549628928
21563281
1206303148316545026
1141080592332861440
1275922210696441857
1592678926056316929
97034316
1622382767316078593
4482751643
1619813465287163904
35009759
1007930785
1134881258222358528
1075377947358478341
956533199135563776
301007537
24250530
258534348
3000050966
481318877
207802615
3202965820
1623709420675907584
1584254403783147522
1480670744979849218
1730230268
1617950188915642369
52879124
1371253347777384448
1238630457442525184
119768564
265016542
1059889055729627137
198240405
114888235
51744382
1118159209
847084765241102338
267914367
582042773
50828688
62305231
66571468
256297044
1092580358233751552
54974415
125509173
54772064
4462996414
1230911959958249474
3314337995
131949133
71876799
284824494
67869235
776450462
3348427727
137170772
794332895271940100
95514849
1561041587223789570
61187941
302798333
1078327421269671946
143443643
959723201566773248
3144005489
46227530
98498022
14830474
111161923
1251614178097483784
323606533
1198235813525491713
42026934
1555361709463949317
1554676701640146945
15486993
1033213304121028608
1545976955274727425
1130958602171293698
81593903
1519107112181411840
196780891
56407667
48212160
1356402359501467648
328537024
193907210
143202757
320999965
213925738
469589381
210473173
44986933
246562194
52194849
1044009209774440455
50075678
130479094
1498453158967787528
115466354
1361821886104092682
1448773278827417608
46533542
55968440
251450868
94109704
59883726
1543117564250824706
256966844
69078402
48995276
902510657811218434
816242020767375360
1210925641614278656
1544519675597422593
330049527
4687156806
1523244251873783809
385210271
35483173
30412581
184963714
49461044
927579295266037760
3363253035
1319129389150445568
103847025
34812664
15165069
1505332128975925248
8056732
272683170
1521313286540742657
2425249491
85382677
37949526
15898157
1448106965599723524
1554417920243122177
1529990944547917831
36039399
1519005123468476417
1144070540
129336320
78463094
14673230
113988684
31219591
491775204
981780385393672192
23470455
1441770051263078402
254216275
3007828336
27079214
84426477
17388649
2827603990
185177004
114881142
134131362
1016650526
1517451087565012997
124595069
131243281
1308505056543731712
1384872607615537156
1472640534472798213
1262565328351002624
