1125152138
72869929
1116742309549432832
904265844468920320
1209651130755620866
84979022
99339714
1390931250
438473416
203973686
736680582822907904
169825640
16636276
2342241168
1017138708
44470239
3139886019
14633401
179191729
2636196581
195446351
1567643638305366016
1372686793162776577
195560839
316072613
778002775581962241
89255134
68251300
774469015
166634136
377409209
2251138838
1295409492688023558
1344528424442994688
2170052662
141783919
153639579
51538765
291869927
1103027223341219840
2149499377
1234699810772570112
54054007
1162334310827003905
1245692249817731072
143132738
2602508179
19383548
74256272
1527435443935100937
4794212859
38964173
67155729
215774209
558394274
367127755
52837716
58541236
138257731
321236518
981667806310748161
55968440
346935462
1264914827648139270
69141491
134500300
92572410
1501909225257189376
1283742189273718785
3405484779
57100510
42544192
60418529
761278614981713920
49161438
1173583371970260993
114764764
263008252
17624650
838214360
8246832
15120800
58591341
37755734
1411336104
1413827695209746438
459332230
139468422
50201953
1437574954711715840
3363253035
40339167
168916384
35702601
1041411083758718977
1382864382493917191
1244075317314097152
376934289
397596771
1523626417271021568
363164196
45934663
1499179122324606980
1503213396551999497
1415708371
105929486
1482876322368081935
43029211
274824683
1646929340033126401
72969437
1498029234564091912
114039878
718862114
1079244492648181761
426853640
61940367
56232385
55463909
109736817
1253795719942733826
250186577
2177060390
146220493
826411640002330624
380041281
116449879
304147865
281736259
77844663
857624090936528898
1521532089522348034
65781145
864583851527598081
1303877860969644040
1227247794009837569
1518031674407374850
363978885
1625302800
2787216415
854904895517974529
173819903
1417517436400721922
75011917
184982763
1469555778474418182
43018674
1466607566637748235
771538521643331589
249916641
24460707
1648057244
459068565
840290730
21653078
1520020871213207552
145095920
318178951
832847128997289984
38415414
381667552
78108494
4774985296
304513033
900895731166228480
66783903
1532438593137954827
33386496
1347363686550274049
1524830491043581953
738484040882343941
102234726
167990235
157137761
35540986
3188494979
1271081998937927680
1163801704858562560
2798606261
1321820876145364992
144581051
1049311079799685122
1257127605809053696
139777218
172350977
53960337
205941486
320413902
1218263233590710273
64090963
131494231
725186372
1516181275178119171
394331903
143291321
146537061
455654239
73786890
1513286037191155721
87500311
18605102
153677563
42401945
421258780
101459494
87019637
55495952
913820328652091392
990251781778214913
2795426315
1542192579151904768
2628977602
1427671800738197509
82914576
293006732
207552047
299599701
34628528
1493152195340025856
1105625869702311937
293697029
502268061
540702604
39267584
103806332
1256322230813896704
2437655893
182136262
98056202
1149264881415311361
72412384
1136270035788414981
15410917
600718851
133386591
21440454
1072641165860712448
181289811
1395070110600204290
2755606056
53587588
89291870
1323823594510626819
751597528676724736
238388733
57332945
239427695
2716711203
1126559503242145793
1540876156857192449
1560734011680514050
32669427
39899805
173957663
58264264
27279523
3120341351
55309931
190811439
45996869
1732887494
49370468
85382677
20140329
3927849683
975032069825888257
1303109617241731074
1463438926232887299
1242499810848014342
946183106
1479893963989565441
83714348
61017943
1423847980021555201
124879030
1569637779050745856
801099001
1226004117522391041
129540903
70799995
1109135865605959686
1379032610
2352101616
1113158678876704768
784747158922821632
1202281381608464384
402451940
333542165
298083501
74350552
44636743
1304550944038891520
61655429
281769866
1335230705647890433
556284030
91870422
1236001285301772288
1463655479834513412
64727308
23539355
26042861
1300300135402999808
1208638522112061441
1466186253804654601
1327606426513051648
1492860935823835137
62842687
211921444
36434313
103824136
1193395557965991936
52969047
373412585
19812925
43152230
8851502
175593761
73411807
1170490477
136435677
121289559
88979782
157453640
17033894
9232442
156574480
1470952805619929090
1360083179428798464
17121480
443267022
50674036
40966580
2978327949
3319385187
284297513
908380520005992459
1495904461776113672
1191808401325666305
263279947
76022404
60516925
53394246
1374904291044044804
4130852296
2582573880
24445472
15349705
35127266
2362754749
1955359812
69682337
61815311
1284225426286575617
582080272
41468894
1076608878
1428134131976871939
1269793230482214917
1149765403058589703
1029952296636096512
197640185
3241107603
1507906452584816642
1668610315
3241260881
596832097
810719445291307008
1007843805343698944
2362098735
1147977986198712321
69993071
263341227
135143612
1535211924044013568
203809353
21415271
1444185322565287937
480714833
99023218
854401910836690944
58279620
66534906
134858135
68196489
322551079
193927064
90236708
148148935
1487211751619928064
852379105525891072
1569652747
14322322
1334344586
1519870119140339717
94560406
225250195
120956551
87595042
715191572850147328
54465685
966653984269373441
152311321
3700062616
1425500238719201280
1010349492036624385
226247294
1045151067363856384
2423958642
213893456
20743783
72138731
116770249
44186555
143551662
247315065
102160355
294940269
946088527879639042
190343068
201397169
141762913
303454428
53247493
272093073
30269265
217949191
1486746692695298050
76369244
3087494572
191577392
92743535
271629865
1621119002922651648
1301357163315634177
1363578419942989830
1554594903153328129
1461645433554493443
1611474149792272389
68036663
754073900942659585
31614794
263850032
1428746458182864896
1299757806569095169
779079508464918528
58640728
61923220
117060034
3031518893
1384174370524778500
1457113600225644545
559131304
182792084
2615619241
1447124040
58994298
338097482
54966699
177629082
71877526
1519326995997462528
201967265
911451715
41181740
68819250
1363573075845988357
997682916778967040
41444151
45506551
1345216871960899587
877655696963186690
91845628
270375224
67505812
1636591538
2973994137
79294361
1708281985
1425144396303978507
103061655
208670266
94150452
177743869
48131496
1270150780251705344
51303342
59911648
139893632
1622038827928850433
1305290834259193856
473205749
2228404916
1006532470483898369
873324964023328768
197290348
1057328767910199297
40325461
810091443851296768
3044667964
1587397755244318720
1621293990640340992
69569430
54066551
151250715
1496913490115809281
1012317915947945985
106246718
151725277
41657764
34625375
1339594513946296321
1614987840642842624
1623791687934828545
84056714
58941805
250253799
298588902
349288373
2418347620
56427275
1528744907925602310
337137527
1376625199823605761
89914423
916939687
49408808
2912619195
1895366755
67392467
3028724643
16427571
49491563
430286188
909136642216218626
1612929513079422976
415582470
558212587
996765713103753216
109218520
1563984352408748032
3844632087
995845640428113920
1174816737637949440
