458120859
215596444
809785193473175552
604716918
1579225972192251910
4130852296
2585777970
1191808401325666305
14827952
302826677
1298596607009619969
145048064
981333167515881472
115466354
1280313912437755905
175268383
1170324261313155073
52550310
34264727
2628977602
24683934
35052013
147777367
109489306
26042861
336014514
1416418679038808069
33487301
99361304
3939051
886982728960356353
143993588
1012317915947945985
2240032681
15410917
125864433
274623585
59157108
36949022
280564402
46396662
229697786
1095814462634897409
543477345
4854344247
2828323481
109085659
89766277
330524658
343838950
585726008
188123214
87043108
48795141
84614167
359509146
99019070
63032040
1222930136615604224
101795558
142463461
112903220
76222711
62359295
11352422
2165665577
1257776047074009096
26262276
41838450
3308736765
15420501
1307314802260406275
1546289366342967296
1643910349
1264314412934017024
1431369113994211328
48161519
47389045
752845926176284672
619226472
1298456229103239168
1524017381282127872
1066142387863470080
1379828583376519171
52294113
51154202
107067776
1192503778865537029
1328512151456243713
71860557
63814417
1141023841050869760
1395070110600204290
250852531
203349584
907346179167588353
583370537
1520215560948178947
68584751
1388136065651855362
888909941263781889
1225434518045196288
954075099765846016
1463599973191274503
1470855554922958848
184191116
56248472
35111872
1500924762553528323
1517594016686170115
37761154
1195029787896635392
1056008105782317057
132959427
280713172
35756231
743197111
78749759
78058976
234213419
110868678
160684784
79889315
3374951309
1318224741254238209
42631736
70837769
55964072
59664961
88717821
1519018762267246592
73427222
1539212538658934786
1156726255418511360
108292520
167586227
1090681428
108049106
174494258
936596574544777216
893896843725295621
57222839
1324743193200594944
1531072524011855873
23628500
40545750
1255686515881136129
39632290
15165399
128670508
1053502501
36362637
2908601134
601215623
52217612
1052571715182637056
844773661
887414447853244417
109049442
1187179869119139841
142048515
44300313
942333025
1109945854230695936
1481276344667414528
1314752544355373059
1240436414568898561
1521957630473736192
184600052
3326443325
76257183
87819478
1011066226213314560
1183051855791886341
54204909
1216375381533634565
1466548501031047168
78281059
1918832269
252037527
278856202
25042231
1513347315574231044
39241133
1244414044536176640
24214391
20743783
900743972561309702
45691554
381606480
282198621
138103681
40786242
816649417298219008
1526527697559724032
80595079
90533220
1101575305
1197158166242484225
36748548
138950210
324389058
963641982
130170060
42899313
2843839835
1262286342
264232336
57354161
158160208
1365092168235368449
191565508
48012522
195967157
2211380832
182908124
54721899
8205502
134247351
99429274
341735428
3343581207
1411932481226428418
68795532
1434620496809762819
884729994
3656607538
44053466
218308754
220419072
1011804433318113280
1227023098286936064
252765524
52751599
3063931179
54367271
1503279399537414149
1051761287556997121
1363578419942989830
83508645
53179056
571283666
1542053975561756672
186220244
1504115320004431878
109613921
801099001
773293128812036097
2576849562
211017495
282299390
52482917
44932728
110132295
148064768
40125120
1133815604379627520
261342521
3371594355
1437482503955173379
26601130
1445074416845664267
3246387327
1029152285543342081
56119185
866743112726704129
41719423
834184630286819328
15860844
1677130196
23619589
1408297770
48844279
146514517
1233851413089980418
1067046884
68873878
1306061936463884288
151654030
921400210420576256
2228574193
1525258815817584640
726164312474136576
568370198
1498363951222083595
442314953
1215341028351389701
235231869
33366195
82958591
3864453645
296359271
1542302778
2857272280
1257026995772366854
1482876322368081935
1110998726888296453
316873937
1052648302448177153
1259596617923076104
1594861268397088771
184920525
1412522923370364935
3030249430
143591152
1521522997038878721
2771934227
4908780513
240353994
534588539
1408229955012640774
1413191489849548801
1465485125878169605
732767855184338944
73135603
175474478
72969086
318489107
365157869
103747749
1363573075845988357
82635920
1434368722412650499
46106554
848610532055797760
71899805
94150452
1458217497979670530
107799831
329437586
884973446219878404
2781992405
54270728
1562753038909329415
1133147165096914944
3601029388
1451170611808641028
457863925
1253030950507855879
207966754
53535856
1308057602841030657
213011617
247771452
1149264881415311361
2254976016
50865757
848956139479998464
169825640
52485654
21232907
336629154
109844877
122157339
158065286
1154270926508384256
79042536
70389714
22432003
189643382
53258046
67505812
965019043
1117149295860432896
520915794
76926396
104187428
2847662032
845273957418848257
75706594
1124650337237917696
1455021591318994950
214170195
1242121736960778246
1147977986198712321
69585226
132618458
48799399
1489418742027198467
36533572
1289628983106195458
1543029862876733442
15456487
152712761
1527914993345253376
1496234152676499463
1092455165762904065
99781424
1630224374228738050
1492775130048741377
4410829815
415056190
1132768988314951686
1532077694413852672
144308446
1136465742709350402
1270811140457738242
25704646
38272190
50847219
1491823594703306757
45175518
77082533
777924609085730816
29306020
89275906
1250414432724725762
869333698918920194
3418961399
1002029103585820672
60721389
46782195
38725820
41641529
53073948
22909019
1420869957609574401
71771137
1038921597443338248
61091610
31443928
374559384
220301124
1600347269001265152
1609047748518576128
882403578257842176
1628781343873146886
579027633
1582367844628570112
1542192579151904768
391102355
