752636262620639232
1887492560
493215182
20743783
3217646565
1132133699741454337
225000120
1541979995689607168
16203527
162476497
76709840
39241133
54367271
86313996
1534657685936824323
1538302503200112641
1463599973191274503
1445929620306604037
1041848786874769408
324389058
8794072
70837769
333376246
1527539446589030400
75877617
2847055994
1535633142127767553
283734221
3228963727
176763051
1175772603853791232
310948577
358496843
194782672
1082778986130878464
44224535
1535074629060071424
495467091
1489648216362688518
52714954
3333336976
285491662
1448723540082036743
2761344034
786404470934626304
2628977602
1502741905561559042
1467969021161222153
1539084066003243011
479443694
4809265053
1447778901682491392
426015718
1492051524456955924
1473532640
1723173847
1447252910669242370
1485912093773766657
1513692516318654470
407324105
1526152073015853056
47172916
2650361937
50940759
206502111
866317403331989504
352200163
216919802
998415213924937728
34264727
75410224
42525483
1526642194916032512
1426619384332701699
238388733
1438826646396710913
735988817006579712
1481322297877225472
547313059
1527680652656648193
26042861
1372520950823018499
1557205695199584257
736511804323581952
529782077
1210283060735938561
1093452715991187459
3082160727
1613905112
1482876322368081935
1378726668936810508
1603443493468241920
73378570
1481068303141548035
103092941
62695011
1502759945128792066
63039831
1517594016686170115
1546139835496284160
385605452
270375224
1499209032938180615
322309282
1192503778865537029
202282895
2615619241
756288450685468672
51776863
1496853788791091202
1480989577078788096
599702513
64791529
513735658
1546640638078328832
4706720667
111083452
53539864
1538584503500824576
1344706043960586241
476386898
1443700915270262784
1234512537883947009
1086222596272738304
4224356713
286977567
51944254
92572410
44214852
1534111747694551040
498267721
54270728
1556536344100438017
3404349807
1450162774819094535
1274476568161726470
268002576
419486911
1465460969023361024
43160028
1344856486967701504
1544854946843181056
1256770056937144327
199706558
714520805087055873
427153559
32912327
1499345462742110210
1458035712046112770
1898658872
1542192579151904768
26898129
1367121098018545667
438473416
57694779
1052648302448177153
1509819594793533468
37949658
1233069345196081159
1524388139254562819
2802309007
1484178637293121540
787076347374034945
55590887
4836156178
1864941661
172989891
1435830690520645635
53569392
967887132068139008
2966384362
1542053975561756672
1248005061336317952
1518776599914729481
332391992
1543589978063704064
87513217
742997944723472385
1520801660381155330
1135159029116887041
1544477142804824064
1552578082103590912
44271876
525644503
38434085
952369078924185600
180671295
379449502
1191808401325666305
1184364446711517185
3990485894
203973686
72342367
1343028976059621382
2739532631
1493095291750395929
1178285100875882497
3434902756
1592352121806110725
95315910
1630601819800969218
1240934869
3308656851
390818289
1504808381932052495
1537709696513196032
764758259475615748
421258780
341735428
546230403
114909944
1059736961307545602
969369447206195200
193559220
14827952
31771559
809785193473175552
182196560
1329179918236856327
1147869797646045186
328814471
1561076465525047298
1214106854378233856
117454065
606499669
1448045730963275783
61604271
1560745654049275904
1560727610182844417
1416605691930980356
1184789942343475200
