73135603
57017730
704164965
107799831
628018010
134757283
289063916
25042231
801170078498783240
897835101786132480
428993401
14511424
727083578278993920
69044546
2937614243
69439464
57164481
1416915625499414529
1256404512081879041
74829329
394404431
84311447
909136642216218626
38264230
17724563
1480278191835123725
1059818709764792320
1440475866169966596
1088590360400543744
1507070421564276739
2966029779
48586521
49852091
1306268457751674885
217871086
3359660939
171282737
1272489581930315776
1500680436267339781
1076106932807708673
491279660
174784130
1388989704205438978
1603791902
112261363
958803564
861382192953511936
757148174
1223684626365014021
1376903472105279489
573309143
546230403
905601006066704384
97728880
1620940548
903110053179392000
1541972498937511939
4466291957
75877617
52960171
232330396
61900700
1441770051263078402
219625221
118131551
1522549141754335233
2437517366
201580498
15301575
78158660
873634184
91624966
21653078
1081178740443488256
80633714
1015302215752409094
3237120995
1540377865992212480
58595263
120163687
215474722
60743669
85185172
3288782332
783376800
924819187696054272
50659210
46101147
127104984
3241107603
2814195287
38803932
31569227
871476763603460096
101355768
1681818745
2176931472
1323866631701991425
67344026
9232442
67726047
60143151
45447020
179224391
173999167
41838450
943770602145550336
3140741175
21242707
1224719188671025153
15667275
1493069708
16334980
159698135
1057820388460281858
93007074
100097000
438473416
1534726594350170113
384987640
475362746
181289811
167933536
176612837
1405486837834170378
3292622114
444722276
2544044622
52288038
513468715
196851204
382843158
1272666744075833344
67488292
172162008
1283771988289507328
1499494147576766464
962077298240364544
71383799
18605102
126647313
1002942976639815680
72904940
1459577103939219456
15659203
808885835806502912
90084837
55026320
3383626720
1333233808917880832
69992938
26446664
65201001
67895112
36608122
20743783
189277369
958518404079636486
1242432672116457472
193498856
90432796
40341282
350034308
22488939
36933243
903413775352684545
14473259
1542192579151904768
203809353
3298589077
126169289
69105890
1481989980528467975
1326946766583951360
1555899755284291584
3318922335
1517665962077605896
995129288
35897147
237039508
89255134
462919929
1356402359501467648
577915872
1122620820344508417
1449424233826852868
41818731
1433224212
337892874
164920903
297653828
226338570
27412034
1644110526
46527055
1147977986198712321
1439105270064496643
1077458022
60143548
3387282047
995042292863029248
617226709
1218263233590710273
1530799136
53476727
43908609
111596498
42515530
66282097
513801481
91842406
221543668
92743535
57424202
2177060390
1383794181567483908
21415271
96230938
103698844
1620063198672977923
897309784961150977
1543411168018157568
1600710695707971592
1601579179
67435321
967061455223783426
182792084
1577448480666165249
1450251914692763651
209026290
477832803
286447489
1139337845238325248
17624650
287905116
1013113657851613187
44156404
321236518
61691896
1429659903543713796
482978541
77774672
33249379
1652133427
905801733347139591
104474690
1488297707668127746
2741840722
399312568
3416908168
1498363951222083595
1310742066033577984
44993096
1518365476014936065
553597680
1592864640698142723
1162078240959279105
107439139
44636743
942086743083438080
4476192916
988104181113327616
144336033
532373873
54567903
73537819
746850678602076160
112763770
1081940928582037505
163449227
1566823712984383488
37755734
1581780772586983429
1619412842381295616
37597472
52058931
771520845470691332
2662408269
59889861
43751626
1513231231
499008322
1181321981469368320
51165664
42027444
15453801
1038848254304301056
1222858175814209536
54688035
1533092601427116036
133488376
801030319365300225
72549336
3643141
1268361139802472451
633339527
137207272
1098216519593545728
340611708
747599081745301509
263721734
17358718
67362141
1959923005
1114091084672581632
47993209
971398739498799105
342144745
1433531400
173688782
531898916
795667246572040194
175586810
196738099
1345637372
1390025528
1458452998255005699
112446419
1436029211958026249
340399053
50893753
1251614178097483784
52502037
69636814
247861366
1179243901535883264
1570764218
153008689
990059640296747009
1404977809622188032
52792186
1412504344486944771
1544460389496283139
1560738672252784640
1228192465082957826
1560729127661064193
170497442
1414772478128361478
36746626
84161841
57084362
299824318
1387032521284669448
2510767062
1321015759
3409299071
1175001457084588032
51242253
56478150
57151626
1444992257363480577
72175766
793259180299849728
1059597114538377216
1066234994
3810010996
2792552630
19285159
68192000
342991814
280022441
1222288046114189317
1013495031678763010
65547548
1126470476
123596334
312202483
1301482726982328324
233166705
1510807590690820104
125864433
1420927006535995398
14322322
64298765
845952625
1520236991929110529
239971700
66572442
1398481106085810176
97190766
79616665
40071096
905261790862475264
710098404949532672
4715652562
1482051587585544198
58954420
48048971
1521384480983953408
36146132
113988684
101376644
1497268231215751171
112761448
43390762
1405627803161272326
1165549712159772673
130945071
32952834
1396146261712060417
250706351
2816653457
84668648
1521980160827871235
1498059534916636677
958340875515514881
2787216415
1477674075438960640
1392844377089785863
1513493883753222147
927973661490937867
1164536918945779712
1520383662654730241
151564993
344883484
40037333
1237024355013595143
719427905760202752
15486993
2218592671
174422500
42337848
412312037
387053377
67747195
52927228
1256783696323121152
1530654401483923458
1352052658077626368
37742318
3990209381
3127024384
254685736
974660113
334411732
1258425981007736834
1530702342374449153
1219091799702228993
17331476
57522627
1507167081111990279
974067644616855552
16169263
12328742
1119374963696447489
374284592
15449967
1191725339074060290
2418817953
221160770
1293362589922205697
4077581361
756249216742227969
39073249
1251277541815603202
71152305
3191954199
1509471829743874049
71133166
1352608622774267908
164012275
119392115
1322225671536599041
220419072
238682030
509549579
1327365418722484225
1366120372576395266
2287138878
84072862
66330934
56364274
191646108
1516211614562893828
1254464763024850944
74996345
1253134002921373696
132618998
532607335
65340928
60360939
1235407225327403011
3228963727
1371607630871941120
888911525561475072
188090798
42795638
1087524919523663875
1527671654683377668
94403898
1524944541127688197
78507844
1382373491740192775
812486818088288256
1642878846880940033
1594922796706156546
1494954742128295937
1381427065136766976
227300768
1643999303113818112
197906460
1562308896273809408
1482876322368081935
2895910834
339933198
1426302738313453570
4491634696
1628149383299489792
1582751210255392772
162957667
207588434
1557861565952663552
178556815
76926396
3405484779
1297508594930286594
74256272
53834975
80086599
102986967
1274464809317273600
330524658
1487794465561620490
1113960634524295169
1065713421725941761
33393183
15165399
198165966
57956355
191229972
349372987
2728522660
51323185
1564260081444741121
1639256509870743554
2510359027
824714079910686723
1527705831315320837
2985525256
1513464087291781121
1629084647706558470
1546908435500998656
1627781986537332737
1614952524716417025
1609682528306171905
1318949029775052800
303478419
432077979
1549123820
52617899
100661892
1430191781988249607
1355928042401652745
379239422
26917941
130566914
274696232
158417122
87532113
25700962
2240032681
157453640
1541587668009713665
1545360436861755393
755822036992139264
269594317
93882471
182589764
70677969
69408870
1444730024150634502
134649778
1365427084634521609
67783448
43089906
374606508
1273798024309940226
896787416664739841
1124161190442278913
1388146690050469893
1087432548731498497
1073913747213860864
1389312129107378181
73493771
10164502
152350426
216148052
29461931
1400869620375068673
1270885897991524355
51495780
97227703
46478331
55968440
36957942
24214391
20919432
1268267424
3217646565
86765566
1530043066781995026
14291626
1503027384630620171
990047222
766627141521932288
1487187862386794499
1560791822821122049
50159346
1303517183520243718
58612085
67932768
51177928
1545571816760025088
3181611161
1144400936120573952
1477334757906305025
927579295266037760
2214807172
48123869
19996223
423914400
60663144
107785164
90964681
66792634
1176094208052092929
97202378
14284111
29120161
49050102
1147742425957511169
1112603643147096065
86780048
764551507459137536
19776616
42110498
363917545
55222055
378153499
1272773553948147712
2172744252
1491890577222291457
1279435111516299266
302358404
1108307326283456512
129336320
1063460214924603392
90396513
69675590
25574151
150413399
41383948
1097630989625503744
1459274491327041536
158612707
1211418179718615041
714507972
1440010054204280835
259905665
100182516
1357806908581810190
1106752368404848640
295283339
42551469
1035291213455347713
1458486751094353925
1262870765143195652
1496866620748279811
235288794
871290200261111808
67763936
1378398353281671173
9182572
56927476
872638836001648640
4539340275
56441617
4899362357
374279433
1535795294079963136
2231477112
1265649820225753089
3518884516
1267925512283979776
106852020
80674208
591961954
1288528142555066372
44300313
1140328385199165440
849640936208465921
25708162
1457508450
80290208
1388209717214949376
1258334423818305536
321463706
1508214357582356482
1224025830927544322
52271851
177053000
1592643384
702600564148969472
211879174
55310560
145289944
69580741
1289009487668547584
51644295
8468922
26834873
67915932
1106324144990375936
501177937
1967890482
967940615697850368
902362313000411137
1441729798535991298
1530828954747142144
1217267371871744000
96156758
177002411
48241841
1564602214903152640
1016287909052321792
1445154982483931143
147396220
103806332
69569430
86765582
1171130237419171843
43737017
38777996
2812217781
2324532745
1566031958
1519352718015582211
566471777
3116436904
1261770239857111040
1349050844176642055
382899405
2222657409
793197010564284416
73770504
813175144613089280
3053816120
167105951
1536881722364682240
421258780
1460720795626389507
1221655039883857920
2371389243
172534960
223352198
1191009145
173266142
241114391
61178974
871924376979091456
48131496
618563941
1330386962
1172647983135043584
262451116
44726232
784933316529127424
56444147
2312264845
820023855959961600
511041548
624708427
52781573
1581710535502053377
1267943557756837900
318056797
1252248013667532800
1038844547047022594
109477039
1150577238515048450
176874944
35134428
88308298
32792380
3724233975
860363513348444160
69117657
1326011333813424128
57766419
17164221
711255686227873793
1238230060924129282
54679988
1299689073473400832
771297541799436288
1626971302224596999
57020552
783255681830879232
1537089116172582913
553881422
47513626
1421775551786782723
904828003104026624
1541074900483543040
287979370
51617816
1007930785
1625246913669787678
280748813
51565827
1619754188719751170
199479035
897298921076252676
1618984574695923713
119244035
1596260624287268872
232428591
700683824313708545
864616609071149056
241973453
154630442
24987794
1328159479318372352
63015990
2997540153
25092395
133907400
1689590484
1191523616845905921
42743414
160761506
41677502
264478385
1365092168235368449
728369556150980608
626687112
1207489299895205888
715191572850147328
1105305984870817792
120138559
137715328
26255296
1596231381495042055
326369034
30093697
47600649
1258036479701454849
143443643
1295863982302134272
138262573
1123036055576428544
53091306
1255380332045578240
10888272
325938041
37961146
132644775
1300933445603020800
95335083
56851995
20332251
1252436219956547584
1518012739616182273
1500297144372187137
1231972175915163648
456176493
55860560
55846889
4363831043
933769926342569989
1529339768
57826556
1630647570853666823
1008166596454600704
1590511898054762496
1599111334762844160
254629618
1200087314321592322
1371666330265477126
38235799
36533572
369197628
2358282162
1410716779907792898
97047212
1179165028458606592
2180258303
1323320696953622529
590238072
60048487
1434227320768839686
2253258231
19907731
2314050566
35058183
2319157927
240432550
166259652
272085329
937881762881032194
68794087
48111510
210926468
89599391
2685933093
252593537
22912995
71578320
490509716
1183080547855286274
508180717
1521190717548335105
113515962
4804815437
863506989313384448
52385804
91864046
44932728
23260002
1050838835448504321
28896163
53276311
109812481
37793342
3404349807
66997301
106859192
454419733
73424735
58327136
73148477
960751802
88919496
179224949
41915011
344523098
35030195
193331243
241706940
173408176
216945561
1219300369957818371
285609105
83720016
189140598
163993330
176526355
58723879
27566436
210227841
111374825
58940952
55049113
167990235
1183402816565665792
218625907
41745049
2784764590
4706720667
1285821750706675712
52808430
53914554
3293388366
1543619664881885187
58695983
854919572146835456
212382294
46294407
1429398172703543300
56408126
295360307
52482917
38509870
743832234516422656
1045499578240438272
751619877673263104
1295755269931237376
952597165251153920
1047614019509657602
560633268
958894442555019271
46269654
1260214007732080640
51884308
63783103
30105991
338086978
90200692
193927064
725022010972200960
51343721
47431226
1445157939002621955
4705868252
28382120
177611787
37571692
1006303017438793729
1076946217752502275
1400166763288051720
1545562728433074179
130738907
1551331733110489088
1049370416828047360
264792743
1392778813856231426
68869541
294094542
1287939869269020672
348916239
1352056062208307215
1001136415420317698
14119329
44376472
26262276
1481402575656206339
2781093233
1593394116041363459
84483181
70708267
22331529
1295203894247804929
60154354
935009669428449281
15320258
52792563
78512388
3846334577
460759634
1069961359574663168
1257859916833992706
46805429
71256776
106920001
163312074
1310651882231267333
285270540
46202442
185032685
1465442263702638595
1065049571007627266
1521205140388302848
22576338
63975681
1499332611000446977
3397994489
1399067016942829569
16201074
886788797941387264
890979198445244416
67782189
30269265
183262010
35347445
1246292708005687296
704806982985850885
1304455899289915398
1502742695030267908
47291445
4292327662
2767661075
276176639
1242158542301335552
1540462826258665472
76022404
123115946
91565526
1249734840171274240
1088456482188713985
79218315
478803982
913277718275424256
348475556
53034941
48145433
206485890
3080485744
569752107
980874983571361792
197504012
14878554
4632033388
70224139
164405702
115015474
1024999679958941696
1359672332990701571
810977590144012289
1402422476697706497
1559570395027603456
56878765
54779738
871013965303865344
52925839
93762620
