54647342
91103142
15410917
1172915028
39267584
1520020871213207552
102462023
240800341
203973686
573309143
18464533
1098591459798892545
177743869
193927064
190291491
152311321
970077257212538880
1364715298834833412
23539355
1010349492036624385
14503489
21091150
32130620
921197448885886977
271629865
85382677
904265844468920320
1486746692695298050
1380387465756819456
84979022
41709648
34628000
3129086403
712803270155235328
2158024799
59303623
363978885
3394227016
1287167909215776774
1163801704858562560
2798606261
1049311079799685122
1257127605809053696
54966699
139777218
225000120
4130852296
53960337
2539116365
490792751
138257731
1522559529120149504
137737110
836449028061683712
33487301
1218263233590710273
1519383494794915843
1417604620013215745
725186372
1516181275178119171
391688865
1424889583586660353
1372201003076976642
916682615419232256
3349680335
1272773553948147712
1448882768608387075
57222839
66707806
37755734
1521532089522348034
65781145
1518031674407374850
1467457085931769856
2787216415
94150452
1463655479834513412
1513286037191155721
172466232
176277837
1029952296636096512
26042861
1300300135402999808
1466186253804654601
377409209
1327606426513051648
1280698967551021056
1492860935823835137
309691828
931895082399256576
1058857004201115648
66398769
238388733
1527435443935100937
196986474
197640185
60665956
1507906452584816642
1043656791693889536
1905481021
62655978
596832097
810719445291307008
4889301555
2362098735
2845855215
21653078
1147977986198712321
121289559
416589294
191577392
1399813385378729986
1191808401325666305
363164196
331971264
308217234
126303589
105929486
426853640
28149075
1348680193104338945
55463909
109736817
1253795719942733826
2903364341
250186577
60949873
826411640002330624
52268517
2554464209
470746719
2628977602
3025072047
69141491
64567564
39899805
44186555
1305989017096388614
421258780
1538988627245637633
151078515
141762913
68795532
64727308
277757351
56807544
420277730
1463599973191274503
1515068567166857217
221759428
62535347
552792609
54270728
3188494979
736680582822907904
1120376289683214337
1487211751619928064
53179056
1569652747
14322322
1212702980467650560
1269793230482214917
1612929513079422976
1627483540706193415
415582470
1482876322368081935
1488517548513677312
47184439
227811108
910545102778568704
226222472
1219445803854548994
2940735628
748516010152595456
1567240674595971077
1623934825009754113
1575330062630637568
1866499844
1305290834259193856
473205749
1006532470483898369
1057328767910199297
3045467182
1587397755244318720
174282081
1621293990640340992
86160670
975557552514785280
151250715
312810454
754073900942659585
42691847
109320956
1363578419942989830
1554594903153328129
1461645433554493443
1611474149792272389
87575111
1466607566637748235
17624650
838214360
8246832
886977897134739459
89344506
208555685
1413827695209746438
33366195
374301259
168916384
57488473
1504453765335760898
376934289
1207824480199946241
1108806747232317440
207552047
1436660029
84202338
59005499
1360011642
983761072644648960
63515833
20140329
1281943802563964928
35872989
72342367
187522408
729505869604528128
87244850
58966332
913820328652091392
126781844
15349705
1955359812
69682337
1509262313748107266
162476497
109218520
248879745
44248480
719932016360337408
3370304409
1209651130755620866
39366339
1472215472603021317
37949658
47019558
1435191416775393286
1372686793162776577
316072613
3352644125
68251300
774469015
2170052662
153639579
31412039
1075679019176263680
1215341028351389701
27279523
199310784
1523447132241473537
1295409492688023558
1611630548
1363359051757875203
105494659
747577257795985409
4005745996
3927849683
73493771
1303109617241731074
1375175286778691593
1463438926232887299
148148935
1149765403058589703
1376625199823605761
225250195
857624090936528898
4203295863
120956551
20518854
438473416
159245107
1540785746436579328
432816064
85317206
1468413394097442819
70837769
145095920
1528744907925602310
715919246052737024
337137527
1519224749922168833
99019070
1549368638406270977
378889423
86765582
595590437
1457113600225644545
142723275
190644408
1630756729
1367370918394294273
158541662
1020386330101108736
3319385187
452833278
1495904461776113672
76022404
1465016834390958096
53394246
1374904291044044804
2306470621
712098467699662849
36748548
53535856
1541564249847250945
44636743
1304550944038891520
61655429
946183106
455654239
143291321
142875392
64256552
182792084
195446351
3844632087
1416482113579364354
1205218467823136769
53448908
983751213794709504
1345216871960899587
117580679
32566212
27412034
76369244
1492925601472262144
854401910836690944
280194491
600718851
58279620
158160208
340520402
52862964
31614794
2200042046
1494400383762018306
722638869175365632
1551348093010018308
1534547252504580096
1417937253968584704
169175464
93493805
92572410
3145767136
117145486
41657764
30524235
59630184
816640559385341952
179928020
1614987840642842624
1553756297815900162
1622426024846786562
1365427084634521609
474681796
43029211
274824683
1646929340033126401
72969437
1498029234564091912
114039878
2597327108
699994478443159552
1304032921322483714
55244174
751597528676724736
2602508179
2286529655
1126559503242145793
1540876156857192449
32669427
1364770773324468225
1339594513946296321
1393230171927351304
72998183
117595755
1480171214136041473
71877526
911451715
1636591538
79294361
1708281985
1425144396303978507
51617816
1423847980021555201
8205502
1569637779050745856
1226004117522391041
1109135865605959686
1555516332938076160
2352101616
