101838740
177423719
1554093162
57017730
228978642
15667275
53276311
1006384438362673152
333632346
955095370706685953
71581273
482978541
272030887
183912074
1495726521746661376
112488799
61943489
1479814393739333637
39241133
100079056
1969021752
112726540
196881995
52886367
1283003492488089606
1085470427886088193
69585226
1388524604705198082
153880732
67658546
54071894
2874038206
1289014640618471424
1301004763253932033
826208760683167747
188099198
1332019271589900303
1385924180802211844
2710809849
976185744443236352
1268858277363843074
83053875
45711835
23604199
717270899901247488
83720016
546455261
1275523892199784452
77088222
47832422
770975169347194882
54761461
552075756
312699472
20783135
62411415
201967553
441870722
2761344034
1528801001423216644
266581597
1425981471068770304
51430514
1432372524139044868
1511557871754006533
65503972
1478660359
438473416
1020414994356342790
53034948
163667378
108613969
920597438439804928
1415470377136971780
164108712
220349685
1131728154060611584
187679561
3929009307
1523456444644925441
918902306
9232442
58997957
200885717
79495209
60625670
625166425
203809353
15410917
267293166
35334545
195560839
1268921487085502465
2587747899
1457790883894530050
1403486767148322817
41708682
334986926
1219440099647205376
1528774902211395586
176943108
57203380
17624650
1283791630110253056
20743783
1396131754847649799
17059242
82450692
924745317978902528
47499936
3349680335
1359619452594245636
1629989550322843651
295869948
64151080
340252125
1271979868021014529
56851995
1438422039895937026
2516966574
473412791
1607060880658677760
1207131535515770881
38227599
1441848870829395968
1446203339507654660
99001288
1279435111516299266
1524444623233556482
1487695198104739847
1223704167421825024
137207381
316775437
64727308
1518841706531237888
1525656082852499456
951423437385469952
94801030
1516553125641035776
1474013297980624897
36163246
564544247
53245232
1376256335868727298
1432822643934248966
1497680331150970889
1279730155922087937
1217279605020798976
228503816
3724233975
713180659
1337188879657553920
1463599973191274503
374079262
1329051085957427202
223025631
60743669
2973994137
979942467419197440
19907731
19746328
153777892
1506349373017501714
979256856911769600
1453000677186314245
4403315903
76257183
2237610920
340470755
234978765
1241259423538044935
1298258312320806912
203973686
1540467017416851456
90687513
302813460
15430166
2729644180
1525702650
344169071
130170060
60407664
27008217
1370733603504730121
1436080733932728326
1517217999673044993
1371274231732957185
107589416
1186059418296823808
1510645576093818881
50206212
491261350
1147977986198712321
67763936
45037591
14605023
1493207506876780547
330483604
593161563
272756342
489727804
38945063
191213374
54280694
57481509
68185739
101376644
100353774
1434351578786541575
1293722518755385345
1432362293040459780
196149192
221432029
56580912
1431070233092055041
51159666
55970374
1351148295012425729
1422610957864521730
802878794193321984
292973385
576811361
66689536
752905618814595072
94665847
774469015
259485678
218625907
1486058855268294656
1515508684465614858
862698829510049792
13382522
83830377
173819903
67435321
1072119399593717760
51405210
71343053
1445113191617515523
1058034301428752384
75327006
1665327607
34660926
215596444
1047614019509657602
981072078
39431538
198621311
1315402936118370305
139777218
132909997
1304075424587296769
52021006
137547006
1094085844502220801
503760389
1483272677548830722
117943258
1925198725
756249216742227969
23823514
1521272112782188545
73889187
18284317
121933503
2212382840
233665123
190088556
979787534162169856
230743142
227080119
835302276331933696
32692633
1448607396843200512
2434231930
170497442
11334252
2992345509
106233626
382927727
3674847135
1520236991929110529
1519046442958168077
1116063488785485827
1632537292609925122
78643930
42027444
897539650339864576
1393270305867640835
52500909
916682615419232256
1564621412979163139
4637666176
1643323664975134720
216712436
1445511583421984769
35878177
182427704
191933009
66809146
344523098
427074908
917092876798119937
1194083746661752834
1285059728645787649
109149647
2610186949
1003448783638843392
705574651
155101846
65138908
287327316
1432388952489594884
192120561
1405915938873020417
294291766
1060318682780483584
1622085861645946882
166995676
36465828
808469030449332225
2947345888
16864622
1616469276222803969
3400157771
145482892
93988861
1586341876751339523
51617816
937078248273534976
135722182
16631711
53569392
44636743
137960258
454419733
997643728918630401
1088888554988687360
1600715860062126081
300035280
260008425
1509156497229549570
889324338574479361
34239340
579387724
1151226393902166021
423985972
67093822
2469830676
1519629983534260226
2270192042
1494954742128295937
1648220180
29120161
1026545729144332288
1220139903272484865
1566554968437538818
1559509948597473282
31412039
1518741502775767043
57141131
68024081
3189450725
65798038
55262671
1463501695099576328
35540986
169825640
1504358840971796482
81702672
245116610
1526383393
1560744629737328647
1288262450740068352
61035194
96373058
148645453
1562262023848599552
82587805
173957663
1413208515418763265
1518727773380034560
1378809462929158150
1421920182042349575
1323486310271766528
1199916667343638528
240933673
24740045
57748745
1541427746831835138
366159318
1299788021257187329
275252257
32514688
58966332
280808028
75471043
2565617668
1206406747239469058
787712535894065152
3199593154
96609758
1199071563242496000
1458452998255005699
1521170290205728769
167931308
1388125764466393091
1212529062582710272
1547670159598358528
139391159
36993251
796930122
1376682940017618946
56372027
921364987129532417
17724563
179264135
743620412664324097
2434411259
1184589840266027008
66716207
69343364
70146308
4062831544
274623585
1154421258999779329
41838450
138147773
22857872
78419582
1531009089656037376
3347043550
172804457
62306094
96577034
71576055
1504295089010585605
25520209
114287430
1436089266526896130
787841792
56427931
841475869
1448106965599723524
956447000
1551264989868179456
200729513
1264343123662196738
2553177654
19996223
1272659069296431104
2669823832
192399845
38690166
73181116
261271624
585726008
30603035
49807229
1915416307
66571468
185064519
75877617
39773060
337408358
1013856467051479049
55968440
1450162774819094535
1546230475991171072
161696522
84063699
898755128567754752
136435677
78184731
1090249021413834753
57525749
328291829
112429881
596519318
1254804686890307586
3347136850
1619135076
16138594
1176694524363640832
499153720
186524011
1564323513435127810
865233440173682688
44932728
1423058436024152067
78158660
10164502
280194491
85004102
2960706971
1280893000609083394
1482876322368081935
1407086479235551236
35237516
998455488
2947561744
1532901555611246592
875193215439302656
1008459016023035909
174784130
1366569497788882946
1570764218
1539386667835990021
867828601604984832
409548876
122511235
2812217781
89981519
1491667208
1051521099861774336
116282396
188123214
201967265
1506370947770732552
114936069
176563296
74603576
101613722
247467981
459332230
227651531
275604249
1256186895878455298
2258214954
1440604975311122434
1143683443
35480690
1206772620970119169
1094726524572524545
1246590849514946563
526528864
3031125824
800717775454945281
304169949
2811297208
95531451
41709648
1512580316237602818
176458435
1296306585795547137
1356759480902561794
32792380
723651759802056704
1173591370747056128
737803404467146757
1515542167305043968
1544475763549822979
712268113799159808
1099384508112138241
40575240
202808816
1250882942655750151
1067864439284736008
1632568950683779072
1224729917553872898
1630951015779385346
893896843725295621
942619364
34247298
3289509658
389141081
55974850
316776058
1210905218008748033
2202960468
15429243
1558457472880447488
1347944673327931398
59294492
1492553368878858242
23001395
1541915243298922497
1557369875378601990
110283865
1518923288956833795
60200792
1292618934982774789
387160810
54102936
1421654508
69734883
20113972
2837685777
1058531842721234944
1264023381323788290
771943792702283776
72723160
2306707293
1456682956274257925
378409027
2937614243
342815291
363978885
989657025230630912
1538007773694160899
330685217
362845530
606016840
61957985
1277602032174727168
1084519112372600832
27655064
4715652562
1117466502284890112
209675528
1443399233260986371
89025231
1013471255889108993
196843664
880350901
150419791
57220858
1514627447936978944
69664238
1194700086812577798
21415271
1661648348
56490700
773521090731704320
1538245768154386434
75831397
218244535
1258812706410450944
1525217043531931650
43110353
1489323860755460102
69334737
59963901
1670375816
100583206
478632389
92839566
325843673
73148477
1591171559229718541
3087176694
2516816096
1603710064581386241
1493366245550342144
391478238
1634445599440289793
291669764
267276747
1527304717495246849
1636376514102194177
1203105261138980865
63307071
979171115024224258
717344794612260864
1140295942702325760
1534662849963995142
65939737
159588529
1498484845449818113
380597695
1436977123093274624
1145508420004536321
1365520875781562368
83494348
69569430
64244511
1698262170
333544268
103969971
1315196189231509504
1112086549766828032
65914611
1527069922504888324
1630646443487666195
28358467
1617681106555346953
1329041997269757952
236061982
1443757976066695172
143665196
1631469556643274753
14091312
1571459666877505538
3304968155
1059818709764792320
1542053975561756672
1507764497540333569
3318379511
970734204723097600
74996345
1371871289460330500
330556270
52028376
226338570
213925738
1080663122
327436826
223885778
17121480
227147387
1621977851321884672
3398126781
754496911885893632
55033959
34065726
254685736
757203159966244864
412742781
2769220485
1587598814134910978
1612227205802729473
253331028
44993096
318056797
1068302371
1562282056960610306
831944488323002369
1621262869957419013
34046979
80150895
2956717882
1152140656225247232
402411433
836265813728444417
1558772095735177216
3127024384
52267508
184541699
18898697
1091086305650450439
263850032
251586599
1049853801920950273
2941089850
2282732508
319690351
1000424612164001792
2843133101
124078131
61632266
1007823716502392832
51884947
443267022
1444033341783744514
67726047
391688865
740050964854493184
41919999
1731930499
176278609
214176442
151383526
1480531901525995528
1393595474775531521
63057498
1450609839974096900
1402804587229237252
1426625763617411073
73236837
82268715
1497146331080634384
130804779
1559576019111215105
2730158884
34274297
43461380
49160770
1091171506607009792
1480297393216266244
1432871198979940354
823622497883058178
258164047
1898283902
94067399
872217343149187072
1406986022928404482
313947284
48892983
65072009
1360083179428798464
767552771390316544
1348869748084375560
185899427
1090280899407687680
1564006387155406848
1584292160286982145
889288842456518657
1599051955753582594
1627491632869261313
1224856879790264321
558212587
1354788522763423752
1595233311642853377
134569423
48698285
215776349
3293188065
158874220
1487538400827695104
70573414
1378726668936810508
2315950783
710526273743921152
102281223
1354948817263734789
967763599375683586
1496326957637718019
41175670
1628169037199953932
43549832
1586902239100260352
1628147550233534466
90894960
1626255472842969099
83256959
1526240047967649794
251914529
1399774254506332165
1133737191581061121
1055635454731739136
487695939
153824441
1189320004770193408
765279042518089728
