130170060
3037323735
894736220089200642
174473830
38964173
316775437
53103492
1279730155922087937
61900700
3685487001
856848872039223296
921364987129532417
1239038374863831045
1370733603504730121
1057698967675461634
3016186557
1511557871754006533
2881753695
1260339991613526018
1049853801920950273
1387216514248593416
69442290
144874435
2494016282
1161977734496772096
1517912604638908416
3371399722
1040808864940281856
170497442
121441754
298651149
272093073
1204803284789342210
1598778511
3724233975
1499808688261013509
36417316
43133765
2997042885
1061941299966820352
1357317334629830659
69775308
330524658
179202013
162957667
37530699
234138701
2817524359
27173397
46271402
895312398734831616
1498833903334961157
3526560147
1243135490607415297
38680984
1152585281134104577
1460385948726923265
490288995
117943258
78384985
1481609883132776451
548931845
166749755
76370616
1231029181431058432
1416915625499414529
1513867517114073089
187407766
1401436668649955329
76257183
394210899
194748230
4853982353
63610371
1172647983135043584
1378533026313998341
1498372687445569540
74899968
310355009
51430514
1035677432190304256
340611708
350574982
937105569953075200
1429642286615388161
1144633043958849537
85455594
221759428
35588436
1507189544055193601
97758287
224705130
119804953
193478426
1233060347457736704
59307516
64727308
1463820199300415491
1518908815009329156
53062909
2241211582
765279042518089728
3638069663
1249331813035753477
1509262313748107266
88057012
1331579873584885761
1308989283525591041
83195775
1387523056944439298
57220858
1269376387632201730
1534111747694551040
1201687514463002625
1078398974279778304
1403486767148322817
1191808401325666305
871869822371602434
1231272962071965696
179764462
1125497722180657152
198491876
65087258
1326055227250925568
1374104266021998595
153777892
1443333788847722499
889880509639270400
83464953
1103384012427534336
157137761
21415271
170798680
42027444
67514645
26748706
106859192
85459043
91480390
1435055997823987714
1325921464500023298
63279367
2168385747
112726540
128243073
864616609071149056
110764294
164920903
771943792702283776
1009980493847257088
904741795220815872
909455049667104768
1435040408489299971
348144029
628018010
967061455223783426
35540550
191333830
1175001457084588032
116449879
1570764218
23001395
402688868
870116322448900096
203809353
3298162567
276270452
1284406518
801737611131949056
1279435111516299266
989866789487218689
1493455288908886016
72180781
1350110199005274115
1360196855968194560
218625907
408130226
981327746
1514188249090121737
929117191370412032
52792563
1240857538335330306
2425538291
342815291
56851995
47220478
1039487681003171841
1471123369726816262
460713860
1255061588484272128
1280893000609083394
38509870
1668541
859082126
1238133359542484992
1124056776494788611
1431126648238247937
2429206439
2534482379
174784130
40279252
170979403
1218263233590710273
58552050
119612457
1390931250
56807544
1452349772388515849
816613480895836162
3125766479
291523398
55970374
58565393
60407664
74767817
1546908435500998656
1521064752830631936
380335973
376934289
1489323860755460102
78767059
278162482
1420538722077089794
1546037685210464256
1106262439539150850
41171281
161024464
1124543151069442048
1306085064
1482500379107639299
1318477161662119936
1351287626788188161
163707938
1445511583421984769
155703495
1423731472121438212
93294126
64644691
1267547384684388352
112243973
166995676
48144276
1402459314019876866
129395056
28182817
1349204687858372609
24214391
1078705196
337596942
33790494
2779199444
1515691106016632834
253149282
321947586
60940932
508706735
47966229
71437422
55578094
78351338
55619560
35331454
34123254
1524115098666782723
93988861
1438826646396710913
43089906
1318366374855659521
192757257
91025970
71877624
940889614973308928
937770899557748738
69141491
4431611895
176871954
2490530898
37959215
190468584
63240588
1458452998255005699
29374383
214291275
1320666150527815681
1482876322368081935
44636743
1534684988771381249
1120461981671202816
1358615540068212742
1148304745200783366
1604524056140718081
1236779226407276544
1629893132589383682
32792380
1579247100747022336
1419865444790460416
124465180
1409718492832702465
106761409
227529009
14727107
1169761245047771136
1305357132435468288
44932728
2888979441
3387282047
20231995
56510065
1534639560826683393
45705838
1274229214183673856
1216999831
163993521
76481710
59303105
1248033575716491264
1361378693856317447
176301500
1494483556881649666
380642247
1411179172286902277
1056374971524624384
62695011
159219312
1475360200756498434
438473416
1626648982435889152
1626026941638737923
233327955
233930739
1627090632740311041
1541602312615088133
1611113017697095680
17724563
1627838907688620032
1621947895992795139
52267508
1402030088661635075
18346652
227456866
34968631
259989699
259824212
310226054
224463912
1421354365
38647632
76022404
89261335
181586184
1436523242639040512
490969579
41384930
14350111
1027897029400424449
754508338688385026
1396131754847649799
471630215
69585226
56433569
1369912872
2787216415
36746626
27566436
881120558045384706
1276860184560914432
1532434978331672577
1045110874304925696
1286638172
2736444460
146918505
61290302
273170247
1441485250421395457
1369440575611674625
1069224860528840704
71306184
53576851
18114465
44186555
1548521915190431744
1524081866839674882
1628945410369765380
1529913053344583684
83720016
1533498778472402946
1594465784033837057
518476845
1565891427288203264
1546426718210195456
1354788522763423752
1635734910840307724
1617945007335346180
347885587
150331201
59503899
1635456769311887360
1489043458115489797
37661495
1182841224
1951743578
14673230
1447532562126196738
1151966059374764040
1387257692805287936
1624573748710866944
1566627104640442368
1597018267746537473
3245664693
94453606
1325498305019834369
2938501479
743442920
885726991
1523989826340597761
1016045780480733184
802315766859177988
404941662
22189737
26124394
1474013297980624897
1426717138472087563
260054117
1400518632002699270
108504990
1597687841219350528
2196238149
3950775615
282347308
1589104868777725954
327436826
851135487209287683
1523559181906849793
1541749837191839744
1642350726801240065
1643774115390578691
1582370967371792385
950517376897966080
34779125
36764360
1059519024671965186
36465828
1551180893699670016
149616197
63839397
848956139479998464
1553544566225108993
94665847
137777595
1438887757728948230
1388861159382585345
176163042
4376805203
58608290
273374002
932593110416322560
1551161799868833793
1640737678969696256
2730737541
20102067
1133701456350109696
255050291
1543679350339420164
207843913
38945063
1195488995750354944
874746148409536512
1523433872196870145
333555743
143833718
1496842800075268100
51468456
1423298468513296388
65800379
866752441
1449067172567859200
55887107
275576133
53076416
828000702681198592
57460376
1109200570462756867
1624674900651696128
8472652
1414383998961397763
111610451
1585040315563614211
22288598
155146214
1524684060982976515
249388254
76330544
767552771390316544
388807090
123059688
1432083748116385793
49713441
1359619452594245636
1439797289829212161
315868919
69105741
1477240402700865539
142463461
1580850607
1075956032726286337
