1133183480186232832
1440475866169966596
781929521817722880
1357788596896477186
31228871
330378043
71581273
1272489581930315776
26489334
1172915028
1546857761136381954
3352437893
1543292912611561475
1298373180348936194
94380351
1076608878
45347080
3363253035
1121025734
255050291
1283117145447161857
143443643
121553203
801099001
34046979
92772584
2560419794
166047048
123657993
57642990
4280297357
1536822007609835520
33924730
33380752
194575741
1353391255548538880
1510991448761675777
29595934
2993266983
1105202194276667392
52095465
158925704
1135128361746030592
42069657
1257535514695086082
1120376289683214337
20743783
1519352287642148866
1235629209147584512
1076106932807708673
54972375
1441202399566172175
4106588254
176526355
1243035095193305089
863525270
930458238042214401
150332900
169686358
16137880
70326918
1303971758731649025
2446325420
1601579179
203809353
3707717895
1479956113437167616
1439105270064496643
856322669591113729
40726387
254807654
1644110526
211380678
71674128
35315811
3228963727
1144070540
203973686
104132815
1354977061656547328
1527315092072607748
1450757107226136588
3404349807
1206003149137498113
231216845
1098591459798892545
715191572850147328
1497268231215751171
2821996462
49959610
72296145
38647632
2800826889
287687628
69892426
101838740
1482906082351718401
2881265727
715833242
38103383
887456262748811265
1134621691026575360
1549510350
39677756
1165106379503362048
1551346208672780293
76742645
73770504
104009607
7619202
21415271
85977181
42735836
51414361
879859952411697152
1133737191581061121
136480359
817882111868805120
162937441
1549368638406270977
1519814261937250305
1243353997316108289
139956543
775741079798816768
755822036992139264
259986546
1486058855268294656
201285499
1553897545
1360083179428798464
83720016
1345819208731521024
1949540635
546230403
1492359863560720385
4892970573
171780989
47973912
59464192
1230099917315727366
47369902
1486320233950461958
2736385543
3114335379
762699587043913728
799375956746129408
75378374
78767059
104118447
3569961135
194203306
74485134
708065550426054656
1541168126
1459701572292775940
1519908060688527361
935181549946982401
1525597941821493248
1108809383037812736
60232253
814245124897206272
218972831
1390134236280197124
482978541
53587588
1300168019751174144
1354260434724003841
11077312
104992803
1304992102707847175
1090344178490449924
66024631
52058931
774469015
906138272669327360
80901793
1530266753875443712
119695079
2582573880
6503
1378205547942588416
1436089266526896130
103958917
1521384480983953408
2948921992
1189033626308153345
395689514
1627290619793080320
1359619452594245636
1142604896266522624
1065033360509145093
1419397835276042246
1108069614297235457
1391431554736529411
1648000051556528128
968263174301548544
57531053
1427636239495221260
92010174
82427060
1270885897991524355
1490789948978515977
54623557
1212884945217024001
3404655557
89475989
2165033041
4157493976
828356613958463489
1010227483499745281
111749889
848658290607362050
1232780380371116034
1521753010904440832
285118966
79796496
75371607
172967713
70437143
60904263
1520844181278793728
3549387736
2741840722
77055263
53034941
1525121650320105473
1343275204802457602
95303457
121456458
881120558045384706
1172647983135043584
1484718526774628357
118862552
128124649
157221396
1255531381012287495
1466839942097686534
76099601
907106534450221056
3422952767
1633584198719029249
45175518
1482895224590553095
156769386
1482876322368081935
1462457239902564358
42027444
1253584943889944576
25531371
1559876086917468162
1533476354422886407
1089325133569896448
1484260760721268736
24638521
36144378
97190766
756249216742227969
2615619241
239014563
876813787768213504
26098558
130945071
776166985797406720
51609735
1635673422
27494620
1530897511870865409
75073489
1521918419771211778
920315285516771330
1257198300
1363359051757875203
903110053179392000
211598121
338019235
473230160
1214869486941167619
1529656368029999105
1327365418722484225
79786546
838563100345401349
1256783696323121152
4492579047
69067900
1558895751845085184
55619560
1065713421725941761
173819903
895629427102580737
52288038
277606909
346712759
73120008
1193409934861459456
2759295580
745632954
1363573075845988357
1385069498097602560
3054983224
2814195287
1260035746351558656
267914367
37719882
53102997
1488928484554596356
41301982
107203070
219423250
1388160342619004929
317562128
3409299071
139869699
2739565150
80115959
159698135
1543006401181749249
1519406300010094593
67182399
15165399
229697786
770975169347194882
27720975
17392070
220990073
722429441205514240
299749438
81429638
43289850
132003167
51242253
137196931
1540734067611619328
164796545
1352056062208307215
106920001
76257183
1308989283525591041
3298162567
28356964
58327136
573309143
39920208
56099113
856855983414534144
1141094218892500994
596894572
1350459986
315227600
295751624
1541574916537044994
84937672
331268697
44208464
218536507
1437556943334281218
1420927006535995398
1349862571940188162
1089926922212126726
1500636171344429057
1327761757
426804445
3777525737
402715144
943643949708775424
199357852
57778160
134151513
1445157939002621955
3288782332
43749754
248412116
1486728419320614915
1213434946070540290
989446997504675840
115479623
1370284535590572032
470898454
339183004
63542310
35662662
932258152359366657
167249827
2810507068
2306707293
52520058
1536117973886410758
302414950
217259641
1411171083471015939
9894072
48123869
916427965680046080
1084784204410482688
1540934283837292544
255353914
37194246
69408870
1434004896542564359
20919432
254384623
36764360
1117195053649276928
374606508
1489690696307122178
1273798024309940226
84943406
367270447
136458635
1473154777232121857
103969971
340252125
1389312129107378181
759322813
59038937
1522580334000414727
103169020
1416199387
1192503614167797760
1252369866549575680
43908609
1504931222895669248
77825447
133227817
60397595
1536881722364682240
38415414
1366898803421437952
1038239209872666624
61205024
1368357467013406724
3398126781
1218604876286058498
35887289
41179451
1276381179151818759
66894098
748639494337855488
58612085
1489278112441450503
704164965
164143298
274776831
15516718
1425719430
801170078498783240
2969691527
60516925
2385260072
41922840
956330484484788224
53569392
2480347582
1490755142659969026
1497519418070474752
1331371660067344385
32866668
1492579135079727108
39091214
1458177303305932811
1481414343103295488
1464679391783489545
1422600060353794057
1084600726624583686
1522193375587614720
1008821159973019648
385673980
1518951638010155008
1135681768839950336
2751279803
1434241435893653510
1431275220
334411732
737805622293450754
64567564
11431902
844948803669123073
1307719936974958594
105734289
2148488109
1353863146600095744
73490029
1245840775239344129
47502733
982015378816753665
1510339063064285185
1499494147576766464
1313752729228120065
316775437
367186432
57481509
1299559550090182656
1311939384149790720
3293588062
35130263
68819250
906195663104475136
783164929
1356778455896109058
35847800
3217646565
1090681428
844908790281486342
97924015
2240032681
1376604628733808640
241733376
22927315
399829214
140660868
47324281
45473463
92984362
49668165
26646141
53383469
1299689073473400832
2773047596
3318379511
1125373635483643904
1546391239
130271934
935333725
2993919926
88189545
26204516
15430166
888019311872405504
3063931179
1112151467119513601
1525656082852499456
42461416
2629548802
54100700
100227419
22635254
40812013
36060786
1253127294601908226
763603016121520128
1500132153581092867
1088016058919849984
1522213414726029313
1260097627
1333826453809623042
1491949972413206531
218334819
911441196
1394879952156336128
1500120205309235205
2516966574
283790380
294946677
1222288046114189317
1606114577527324675
1470998112441450510
63511508
1045758998136401921
282796703
871914170723307522
1122616410
1031923952153755649
1340277723122577411
565713574
103806332
170878681
2949333663
1493064968941539329
1421885238469447680
3318922335
1505484380600516612
390818289
3069168665
1542192579151904768
386187580
72722389
301078912
1371865537228238850
2516888682
1215345446199099392
357089104
726927612
374280098
1364652599404822529
1399523194210508801
434126038
254085457
1483449956119810050
124590832
323528575
4800229121
1283849737788063751
938066022690680834
1151589489149718528
1212699621618675713
1553926507294253057
100353774
51538765
35131751
81013744
1487794465561620490
56677037
897835101786132480
1486381335837130756
77007693
73002111
1231437918394290176
1335447787354337281
717402837756547072
235266818
49408808
61345170
1402804587229237252
1643317524
3416908168
2992794795
1358615540068212742
57100510
1278250714331058177
57230786
62897079
206302482
716308915487641601
1301041602
2398406983
29134241
193777167
456176493
1038662821
1309130302237945858
1192154903034118151
243835999
2902560759
62836957
167794263
734539797696552961
73009839
178751535
478861029
65340928
182988537
1399846867001872385
567246907
932637960155156480
1633599305016647680
1532848869092229120
52809507
1523728708535828481
624823904
16089130
14322322
167111512
3237120995
66282097
258122827
52770287
83256959
1520320583338237954
100111856
1428330643344269320
2543253400
231657050
231630150
822150796351537152
1959923005
1197158166242484225
1617861001117827072
62152679
41479382
163312074
1621821455901102082
1458105428533989382
718574690881708033
376997244
924819187696054272
51617816
1422769638836953088
196255272
92370066
41891375
1568045892803903489
1527342015498768384
1437880877611167744
1195840832844251138
402853804
1482154190227099654
170497442
1120180404965838849
963887879159238656
1052593852173803520
3311203330
1612153789145817088
62418754
1233997482293649415
254685736
1617939595022241807
1312360203074011138
3293388366
131050590
27883150
37031702
1456447129162035209
4795257948
53754829
49859718
164920903
2401115698
591412663
44069204
374559384
1465442263702638595
1485253524070019082
1637101370435153921
1613945215911329797
1327285561070116870
86118702
1505880396575252489
1173111684
46611511
1522328177481236480
1329051085957427202
47184439
287306624
1031610731379216384
1526368534498091008
894345630
3028453235
799427437100761088
299835847
52792186
177760608
2411436494
136831618
1314720533674708993
987010994080747520
220109685
89717030
164173863
255215865
1648921452
1404977809622188032
1187698723406667777
1007302454650851328
1634595948578979844
1576558827201331202
90843757
1264499206921818113
1237774367083450371
751696398
8365652
1008524370963324928
289063916
412288776
1256744162810048512
1511495937570615302
871787830132998148
339333829
1518016626335100929
2955354532
738484040882343941
1542672369021501440
64050487
242328233
1560377161751601152
2315950783
151313142
52145598
4747996533
1493634502631043072
3724233975
163993330
1535359741001613314
3343452868
84161841
371236624
1428115080571506696
69363878
250914908
1529307848
318056797
62063432
402345054
1074166986597416961
579387724
1410747460809596928
1309515249788358659
1263243994462642184
1576314661192060929
126439966
355702777
33235360
1627389166089564160
63353312
745455924685344768
1511198383914074112
1010042450788962304
243624510
45235681
52960171
22369005
27412034
526528864
367192484
1039271264299479040
1637817547016880128
