150501679
237898779
139893632
56931404
50552751
1062668661847195648
1256252439952572418
594606766
58822283
860133551395799041
1592643384
1529852546919153665
2249207570
324511695
57220858
1500151776271556613
1513711168677892103
262875011
438473416
2505875096
2446325420
76802219
3288782332
196310300
27921417
816929265245687808
1477665528445640708
1501011299651760131
80157529
721819798741610496
1545571816760025088
74793970
160967264
1308582852905312261
1462924952382976004
163274935
1471125569769201664
1053637591218774020
89255134
516953047
1563648172592865281
846980802470666241
100984363
1344856486967701504
985055043350130688
909136642216218626
1141212075248803841
177953094
2736444460
756943753382858752
1367193082798694411
1543752723211902979
957373719848062977
1286207048309452801
1516244857068699664
1288888019685183491
1362572914286096387
248824571
124209568
2549182475
1417315922914824192
1531056213810610178
788294862
270069773
108674783
1426609893243510787
24546800
1640791956
1440604975311122434
2222189542
115146921
55433785
3336042255
815285238
316775437
1614025847765143553
1510599885145452544
52560164
1616836579938676737
65496026
1365427084634521609
553597680
57006181
1610667423643861001
1487695198104739847
1408006051820097538
48174723
264321736
226997479
1539054996456714241
1191808401325666305
2218496782
2791938957
2494016282
187397507
3526560147
1470592571470712835
1337566745536712709
1023030473403101184
71581273
4852248274
1258800752417476608
2844308621
85977181
512544404
81632336
1439534897878781955
1500691524451020800
81013744
1549192248025354240
94104405
4820154629
758424
1430143757110980608
143235784
430776512
2612574338
1329051085957427202
1342289722325020673
1357041737093505025
1577997181742682112
1571453514181746690
1482876322368081935
727653383956537344
1153167899311448078
1232130227935031296
3806851587
1579867095034171400
1395500930397843457
280194491
238388733
63815057
1433506662334222336
59907510
1488897382125346816
148348455
1261480650562994177
797434640
1064632099670540289
1541732221798719488
1560735805638844418
1459298852368965639
1560738670298251264
1560739403143823361
1470851405078568961
30123111
171392426
78402916
430891172
1326184631801163776
1526921370944380928
1646942025692880913
1406412806216458243
1057456702881234944
1360080901506543616
91562625
52502037
718465305761214464
91478456
910581641357258753
1545242556589563905
1378550605
1087467855971565568
714645120642072576
203973686
153007960
1432337012745543681
1525254306424930304
1001139050902904833
1395895853928353793
1276933401573044224
1519271381183213568
1088590360400543744
143443643
1379639051146366976
1499938561705095176
147232996
1379440457176993793
1474840946
50282663
1260097627
217082300
1131321720386838528
710511758289596416
1484143780030726145
785272121073209344
1637251530226106368
1505998280936898566
1424723868967649288
1917950784
1146611782422814720
1545183001914531841
1056628711448035328
1609751852429574145
1291525187918340099
1319222805297287171
1865702010
1090434127088836609
1524037714592641025
159219312
1216375381533634565
136742137
991642812
913255742
1518368730685882371
363978885
