363978885
526528864
261342521
32130620
1172915028
238388733
91103142
75946968
83715121
886977897134739459
408490019
1470957015619014660
15410917
1522559529120149504
137737110
1519383494794915843
1417604620013215745
1504453765335760898
1207824480199946241
308217234
126303589
1253795719942733826
2903364341
117145486
882403578257842176
30524235
816640559385341952
952175514139152384
801099001
1686751520
474681796
1520020871213207552
99019070
190644408
64727308
1367370918394294273
54647342
315490988
41880014
240800341
18464533
1098591459798892545
1424365375165194249
182792084
1631311185327845376
277757351
192283229
1038921597443338248
1463599973191274503
1246251641722068992
1120376289683214337
211017495
225000120
31412039
1481510876050034690
1075679019176263680
36748548
53535856
1541564249847250945
3601029388
26042861
1490449027627995136
1304032921322483714
967801164283764736
2286529655
60949873
94150452
215596444
280194491
340520402
52862964
33366195
56807544
1493579333847457792
62163520
35872989
187522408
729505869604528128
58966332
3025072047
1305989017096388614
1538988627245637633
1453164203511058439
1551348093010018308
127625070
2514188832
3370304409
37949658
1542053975561756672
72342367
60665956
56840424
1399813385378729986
1510465269428334593
66772848
153007960
1363359051757875203
105494659
14493220
53073948
732837438
73493771
1375175286778691593
1393230171927351304
117595755
432816064
53448908
27412034
2845855215
1467457085931769856
73135603
721733992328916992
1380387465756819456
41709648
1492925601472262144
1468413394097442819
1502367362615586824
1627483540706193415
1543404541529423875
1488517548513677312
1482876322368081935
248879745
44248480
1523447132241473537
1417937253968584704
3145767136
75375387
1465016834390958096
1158964548763881473
1708281985
158541662
1052648302448177153
1006532470483898369
1332158614941863937
967403418234032136
3045467182
86160670
975557552514785280
312810454
391688865
42691847
109320956
227811108
