1478913170831982593
338520927
388946525
1360988272860741645
264228209
4254061240
312810454
107439139
217871086
2937614243
52290016
1029178292547596288
854919572146835456
1482876322368081935
774469015
1341456928631873536
76170292
310908862
21415271
893482368421515264
166634136
618716217
704815295207247872
456705391
209685597
3093906796
8539842
918284176851460096
90385308
1603140669475782660
139893632
43804161
128532250
133022900
70858593
2786499990
65064890
85977181
191015918
1037036442545999872
1111218061229678592
372591661
1449752296930349060
982341001535778816
32543144
1567983192195448833
17624650
100560298
104311824
795982887485112320
17724563
81593903
64311101
2155643814
267293166
1115815027234234368
64298765
1572103131441336320
427074908
66140524
759278406932586497
1598439161622679560
71517584
266953436
978296532423364609
1005679527480131584
3724233975
1179823147496943617
95315910
76742645
65265013
94150452
39260087
1251827732117442561
53587588
1197158166242484225
182454164
1611113017697095680
55467929
1148403612844003328
1236140331638444032
1239217416066007040
39936067
15997446
1481956368059879425
2885097263
617226709
277347783
45180040
1103370507070726144
1132133699741454337
1487695198104739847
1500636171344429057
52805226
34779125
421258780
278856202
120581765
83464953
220990073
12708372
37242569
191204863
4847311443
960197635650084865
60407664
3292622114
1509390037280038913
49668165
759584141142847488
427046764
60612357
26815618
339046495
1171172654881153029
1433224212
293508899
1436660029
82998437
35331454
19594520
3431857613
61324336
1105625869702311937
64808395
903355734477467651
1055661643
128418531
97047212
1275959510738370560
19255451
41759786
973894061965873152
1109869207758483461
173819903
988869039341621249
280264787
1125789262505443328
95070480
115765170
18089533
344535776
203973686
1479874758430928897
2902371155
291732089
738484040882343941
46958544
254572245
61912890
1227400717
57748745
987101783599218689
831382013965979648
95633507
134131362
38415414
1310679652739014664
14425224
43304084
316776058
36701180
79096440
348475556
75722477
477341560
884937658908254210
1222348988499841026
1350914461696143363
1023043366496481280
42881764
420277730
1530236395645698048
165087913
96619887
2876027770
1376521396466106374
54112279
58764406
44300313
1538860360287064065
1387235615054389251
205794312
251843010
425377958
906486168598056963
1411382834888052741
1041139561496104960
45717924
2155770244
55923034
1454425401900638212
2783425719
49053242
23361346
27852054
2214807172
281769866
21341906
904906569061715968
94602545
1490313185806667780
24701343
52776798
137547006
102758105
92360767
61850588
107799831
35070455
64542328
42498771
291876364
15453801
2615619241
250659694
78178016
36221763
193018446
35951717
4138424595
1397920713797816322
257170206
126797033
57521038
56880247
31244120
220499849
88266473
2855624458
16739523
1389647978311344132
187646536
71336251
65784888
1157005495808471040
42780815
1416418679038808069
1480278191835123725
529782077
75453864
1542261803018764289
965045900237266945
17432419
54065651
156232511
1275608000
15783450
942086743083438080
1316478511805276160
901138488
69044546
381620204
73209321
1267203050260873216
342932070
55940675
161406010
1004873757423538176
3293747450
1540564016396963845
25919302
97442260
218244535
240814091
54104128
1536051315029250049
33384655
2469896996
4604057903
1151515249759141888
143919568
732381239546658817
261366155
70400417
437615886
214342784
1439105270064496643
48398806
314586496
34123254
81013744
1331941935720902662
37571692
24214391
1161961828219596800
1260097627
1558298244882616322
69078402
56209684
151328105
335605267
1531168384230035456
20743783
88296115
265454363
34247298
252910055
192584779
349969706
140296888
221094490
1368442572
86076204
55965511
296221903
10164502
78632358
97034316
1004398897635131392
81700356
711490202
289063916
1217975589874884608
827301576142372864
172040651
740922267199242240
3084579605
469589381
68737051
980443530
177423719
120956551
546230403
1531458324247547904
328537024
58227941
56422795
14287669
57048181
1002888325
53847753
140660868
273417697
93007074
825772604430630913
1581501623104376833
958002860423303173
349970557
1644158816538226688
90463311
574049000
985552521149272070
917008998649430016
3331823115
861707266407505924
1255918668715905025
399323896
34295558
22576338
1702543254
1053334763858214912
1244722331227951104
2771934227
195222215
36341095
33888472
1544023921598554113
1307084755574325249
34773505
2965095953
57159030
73372157
14787132
85169366
100614555
553709448
27751917
2983019729
3142093204
73222507
38010997
226338570
1070134345736835072
1552856239041912832
35537374
91103142
1496995160600854537
904166126938181636
560633268
1479767297262854146
54083082
1342676674597543936
123998132
163686818
49796004
61086744
42791181
302798333
23001395
23559259
45705838
490691138
15486993
117454065
13124602
1291957761757061121
48506076
1354570721670926338
2948921992
333827176
1365427084634521609
15381190
423985972
127294803
2787216415
1582359482952306689
26335992
1550220259608739842
49487021
195195123
832227427
749062187927343105
40822810
1600314850697248768
1493877546693365760
1042535249618644993
715914072
1542192579151904768
15774970
58366440
52823368
1618242936705105921
1609476119379513345
114731849
801228997166297092
1251740137161097216
1222288046114189317
1620239509
1951743578
1451707870693793793
1503279399537414149
46104914
175243334
270438691
249256367
148696745
1175536929397452802
1171557453609263105
32604776
1049857953275240450
707239627795652608
1596950386686009347
827846581
4852025597
176874944
190021456
1014174368
171247382
316101473
53179056
13821762
712803270155235328
205941486
871205698637631488
1920713750
562411483
3674847135
877523169724256256
40969936
1317115376
102733255
90162935
38582076
16564364
103839822
1281678065505046529
36790125
1519833905901228045
27705450
310355009
15735007
91801244
1495837679715590145
21189671
447156007
24007096
92597881
157508037
27355168
1401905364111605770
1108178214059413504
1278881541079404548
49959610
4165220777
2924719671
966440447131430912
19049053
1524591262468296704
1093182209509548033
192209339
36097495
48163162
267835768
991306440123052033
60499246
171282737
836853949982474242
95433357
701497794192867329
67488292
168387898
1520910193189699584
67410130
58921547
1525818755942600704
166298211
39927617
1518262526215131136
1447257350964920326
2911927431
937348196921114624
266106172
263279947
1350044105494196227
55681163
47993209
800773820390903810
925491994985713664
125064987
53490283
261966748
1247189076224212995
954771973338550272
1449847572298874884
15165399
178349953
1143606682649583616
2234663687
1080141560208130048
1052299980369735681
1263356412241084416
14439702
1438582517829971978
41958045
75348255
138312243
102160355
1095711131153453056
562107096
139744894
213769407
54714877
567251824
1535573359509049344
176526355
757203159966244864
123596334
1537479793
64312788
267731137
122519106
47206566
15320258
1898283902
178515854
53049575
18568542
42983990
282047508
171072699
1012894960889270272
2396245058
128124649
33924730
198919725
164134306
865706982
84484275
201397169
1050445041334923265
340564581
1357154679885561856
4756547776
67445271
74044207
868479196758200320
4467320243
396899214
262875011
11276062
41730591
121271036
50613595
112886925
1495935626390253569
1005827774316208128
1007191772882186240
75306354
3381522531
3891488843
1221261875415060480
816966605880127489
1481989980528467975
106769846
1356096757
870474327795396611
350726512
826106821232439298
1537882972359041029
1533958982552932352
310289274
14621018
128030175
52712019
44408875
34682679
254384623
74863129
95634637
63830471
1089877554562060288
151581569
1406332455959810048
595094258
43214045
59182311
1055852574430167041
89255134
1136753930426302465
17897411
52500909
415139771
438562024
1081599830307336192
91923361
752144484
899771594
1458366603867918341
710871742483447808
52792563
1278354550647332864
637385447
27008217
134360121
3837107379
38844827
78099686
996425419212632065
47736086
183806396
8519262
1416877338
1173120599553728512
2626184883
30354784
82773144
24956368
766167621637115904
1461666037838098432
1531819312004071424
148166304
186620900
841722289431425024
120288460
29923156
793259180299849728
265712634
36146495
1540183284
941526010297757696
175119054
357684950
1628375293
1205986655741628416
342521028
100652561
979817201749430272
1498805852869902339
81202667
53150995
2546047654
231611740
740914935157432321
1542376893428662276
1035985089350574080
25042231
594143058
179284515
363702734
1458452998255005699
40125120
1629275874
9232442
170081810
200578823
988972977139212288
433798428
2871367863
477313835
3140826667
1116937278
3733164255
1955359812
1365811734750052353
344692068
1004751855048712200
1394107330439131137
1483953187610574849
204481131
19996223
258571765
162769821
210052426
717718714041425920
1415135175235756032
49173541
52956448
318853812
76580569
2200531928
16499557
986660752441389057
1159613078243356672
1267864783216357377
1347944673327931398
2553177654
4264597984
79290567
324410764
1389805043419865088
374777951
1489681096681926663
803065335008075776
173703430
60825984
15349705
55968440
1549578229744369667
3349680335
52550310
267507997
71581273
65525732
7619202
64020867
894331465286242304
16669269
719130551
1463663329
54194322
938203191002521600
1571154109
288605309
89579386
1592643384
1443641479604457477
402715144
1371482947447103489
2149085621
44726232
887001273639337985
1360212608515792897
46471110
1093821546454503424
878438230709985280
62695011
14244243
175506461
78419582
36038599
2728363859
985588112964444161
1409978141993472005
45149287
1463501695099576328
52792186
1462564953647456258
1633802411075596289
42027444
1565830661059084288
15430166
1586458849
1595933200613777408
956613369158623232
718478586139844609
1343838051412410373
1936359925
8170142
1489346739870052361
733387700242423812
83720016
62655978
18161004
1260643800902443008
115694525
27946660
98908307
49264273
3298162567
44248480
75202923
170497442
1480348313002156033
166749755
170798680
69350515
1003959042
137863193
838554367749992450
4149390621
1256634066792783873
879859952411697152
75778819
71877526
1093990391609786369
72641789
18194198
1016051140805451776
1602008095714148357
965080261489778688
1419710947199959043
1491265884656226305
1576154401
3862466674
24224873
44636743
27670934
64785602
3094879265
273000132
53347287
95104772
41694143
1482432073919082505
238682030
19092774
2662408269
32792380
111127866
855635851258339328
329437586
42087711
2356813340
17243277
1141338625545822209
36067632
1583508252544966659
77775935
130715928
73493771
1366723914299305989
1101553524255744001
2500629679
1359496994708930560
58695983
1468255908
1527304717495246849
1445093151186825224
64463495
92314473
760198352826957826
2526096661
2480448678
51617816
712487288144535560
1311134227
1456740470386737175
110688963
1080525355436380160
56099113
363953959
36748548
4495105456
801846226664747012
1003246957
4625022455
54459099
132621576
404706355
3137586099
876480128628523008
1421460338025840648
55987157
957703132536082432
468478772
1073932163450589184
86532411
2213561689
1441770051263078402
75825844
517086055
1539701608262631424
1355928042401652745
1496297189248847874
101469841
33576349
45569197
2564322803
428977213
557441057
66893795
2389828239
139696469
1124296383916277762
2831916673
1248216462843666433
18071834
25174347
1681894717
77033542
1623709760
1038198639749943296
2870422271
854163785740890112
1210658889961820161
909136642216218626
67895112
1299035233044529155
68819250
107427568
100346570
1105176669575438336
39157997
1194194327506948098
23961187
1357064181686673414
25353494
1511048726508363776
235324154
60396456
3007828336
143443643
4726410399
86321490
1337885648
176943108
716997085380419584
74720460
13466132
292065701
90412821
736595019738546178
2808694011
43198751
1019704893240676352
96609758
243031731
263234760
2838271294
63796700
167092600
46796413
3298590467
41054443
120556049
1299050456811999236
878025729333755904
1333753094786740226
1518695746253565959
36037578
1379518957544161282
1533088829351018498
270356782
70510432
1362341975047946243
13218582
32669427
1369300465066913793
1430251044404142083
848753921308975104
1497281568305524743
1545562728433074179
1356402359501467648
253057575
913227996
16312305
50313986
1079195218753261568
1329664998302511104
34118957
3221804110
14409620
957442106
30791137
40764712
1522559111090606083
253338214
14220748
333118437
1350941783434391554
35052013
40071096
51505789
18973693
392338991
560456625
1242835350701170688
1526645345777745920
2279698042
402461891
1249484497311027200
1478449200
607808482
1260953924305108993
54367271
1257453888938160128
64727308
4376805203
61902292
1498413243215327235
2986461022
14199289
74382894
284737299
224072349
1140099212920729600
38700760
3698904255
44622056
212382294
47670535
45186452
60938683
78131866
3351042767
51609735
102274641
68478857
1307713824712204289
59182236
3252716337
63588252
1369019655898140677
790548684639506432
304147865
1495521516255162369
75809303
344294679
187166831
29108764
1012570541671280640
376837373
764161485002141696
85202969
1285395012088365056
989111109692076033
57428241
248820593
3403772902
70505514
1343522240810377216
44948170
72165171
68971200
1082084531618938881
102229801
27227178
1212117681521876992
288873680
48012522
85382677
84642153
69883294
1496469422646644736
116848853
19907731
4165204126
66024631
298083501
31280404
3098334424
1109518473863069696
1460123563961237505
186908328
82940267
154969301
973172809
68058272
2779791875
54928631
33569765
84912815
87244850
14328502
2414026746
1567475216
207600220
1374904291044044804
67648961
1492839562967760900
1417690348789379078
227921988
47107831
230378182
42452399
1521625431639736320
52363865
1358489359629103105
117573476
330524658
2593187235
74509321
1269398980779282432
1126825962296041472
1484759760993980416
101355768
972462380
1032034705
2645598697
1223337557162889221
2418931665
1248470150531047426
62271451
1328357206388051968
2510988508
188095283
334403478
903282272232775680
214039240
2844684328
25577896
10888272
281289462
1509156497229549570
743530012347871232
188454784
92743535
1313289230844657664
41607713
1049146920218906624
190088556
15693526
1122876940921319424
1475008960067477505
30216274
3063973636
51603888
103842719
189671053
107161903
59942001
62794628
40696156
15817024
453190933
1511423835433836554
188493873
1090022231927914497
59214302
1532042680900927494
1499345462742110210
1558477287728848897
51297628
1099234970
633432583
1020414994356342790
1388336544046518276
1080189918171795457
34967175
828293917728714758
1553501783904878595
47324281
34295804
1562968684334723072
99162230
3353062043
395689514
54302566
147732072
887758911301984256
629133704
4055578163
8372892
1177980808075911168
209337305
14426836
1358111905336950785
596894572
4914235151
164142088
176251202
1184086609
69727079
173303902
105908157
66571468
1350987107960049667
15426151
46813368
52541908
77797364
223291002
121582563
408457562
111081152
15842473
346293124
102336556
848004029049450496
824106421
1265649820225753089
302304713
790632315038859264
1532443738416594952
36144378
39526445
113223886
58622902
526528864
59521618
147770692
106906410
38532553
300035280
484015235
1473812846203093002
866378538
55344195
97192330
2435991541
1360460182363512834
36278860
54968733
47172642
849640936208465921
78997743
785575500
1622382767316078593
1632895159456210944
936313575190253568
950761322
1479958136387739649
30021167
100795567
1261049006412660744
1343031721445511169
1423803319416393729
1528543558604673024
42290297
1251166912492515328
46538982
115259320
30335448
355619457
15175555
1241729976023633923
19181377
26676610
187396261
137467353
1237774367083450371
38235799
15410917
28383554
839106743993004032
326366208
17870916
1175805155197038592
93976087
70147899
104227512
39942908
209493312
2290230883
56618025
737805622293450754
47748246
66572442
437693122
372822636
324175715
74832838
836084679002447873
1343373344243134465
1242746868167323648
13773482
35801196
1534160888613195776
88499540
76440550
244542737
14607119
568372973
281319814
53049259
1105269355980484608
122841114
1490208924137623552
32566212
1351173937770725382
57426634
1365429656963416069
468830774
193108625
57736228
74547371
32762520
714633397
1212404010876977152
133591184
102064843
1881546590
4699948116
1356413514651467777
280194491
1289624887527649286
782008051066925057
49061969
28182817
1545571816760025088
119936380
183457182
182792084
556284030
356497773
1252843932557250566
26057468
128226659
76293572
1101575305
18682419
27566436
739824581112942592
591311048
1069795469285572608
576198257
2820494541
50647406
523545882
1259863836670164994
1524942883098337291
1080872041388101637
170125864
56241424
100612757
311092114
1529704538
224491569
1349712534044078083
174244956
1197712678560636930
23822021
319149850
1079006312648921088
265059525
904864150672814081
20439281
1502830561953468421
134995521
231880497
1495967239069130753
1292834929643008001
1527082163908317185
1382481826455957504
1280481816756043776
373972174
1528437244087918593
1192523464785190912
1547908488545808386
1553038069313556480
161171438
1298654566049873920
1148785966057971712
1547445700761423873
93434282
961407326384254977
346540002
254085457
880436984858238976
113214139
1637376186
724388525802676225
1389809054
54440370
2596070235
108152289
1233146291242373121
579387724
745059027214798848
2859711561
39789302
53778420
84614167
333183391
288826231
1194935451502686208
136349177
45462135
29120161
852939428083507201
1094444939855958016
1069686857401819141
1069767136707518464
44820424
2357908862
1332019271589900303
1108822381810909184
1301909192408797184
264483223
22134912
14358495
347678209
94878293
1098329661023621128
1541074900483543040
60152097
836971584678215680
4899707722
206302482
29864957
1450863928167309317
973552228660375552
24182854
1016500155758112768
156390015
1224870122290020352
914178026669330434
63155715
415582470
233641922
871687185057165312
2544838891
2308203164
3131217316
2516966574
17154660
1455414150977425412
1625505546198474753
2973994137
53535856
16423307
52593386
561844419
964325095769559042
35134428
245413920
51308507
381546988
1034231825915359234
1593262850293878784
1659217939
89704958
75125938
386233399
150463430
41647014
890996919664881664
1979471402
571283666
1195880948
800074579834126337
55380057
986035579363184640
334420134
159041171
147034786
1458280382479097861
819111355743686656
1395768503244894217
70789487
41847724
2349120268
1140325555461644288
151564993
1338129926726291456
1024999679958941696
1397354724895100930
2669260740
3070899617
57717875
1282413043113168897
928804073465434112
54436174
1371865537228238850
337408358
296392692
