1213976708082044928
209026290
187693596
40764712
437615886
797818249652092928
399829214
107866461
1481604052458917891
1454532585355366413
61850588
821748708
18973693
176834905
143919568
209685597
15997446
147349751
196008506
10164502
40035830
57164481
106277093
60149264
1331374778997989381
1284138618706157570
107799831
24993889
1539620340480999426
1339729059010502657
78632358
1493413480384413697
53710483
102137006
1212106913799819264
220542527
1155823436733829121
2952470314
777954046753857536
519480589
161410511
8170142
1537646690991218692
477341560
18222826
2716711203
1538860360287064065
299216088
906486168598056963
1232764737978556417
160319226
57017730
1272377740273029121
1549123820
1147552499425038337
33569765
1359619452594245636
3664517356
92743535
42452399
71453525
38532553
83829221
53480040
3252716337
104889558
14500334
1167195698632302593
1098591459798892545
261376144
56520516
1378293610618232832
1238944145118580737
79057662
1143691272483422208
52948774
2741840722
3403772902
714530250747674624
302623745
1087684449607794688
162957667
2893240085
1337210635575242756
100560298
718981244
288873680
1526899321320443907
2416390257
84642153
60184094
37539718
1521167272760512517
85957194
80142787
898599388515323905
332005321
1492672894559825925
48891120
57848738
1269324764532944899
41383948
16419184
1076106932807708673
260414894
1482218364739231744
376488056
803614325516763136
1403137449069531142
2180286736
1511426793781268487
36407991
286239066
31882425
1097557838690426881
67924410
1618625541459902465
1322352224991879169
2835503128
267293166
192795109
823513031636385792
703052556868689920
63830471
266953436
43121095
59161686
82940542
1608207774613213184
55467929
68058272
64810427
17616508
862015404314685441
49082100
8539842
27722538
172153594
1255686515881136129
97034316
427046764
56248472
58627216
1187179869119139841
311157473
793607828086878208
14328502
1109622636643053568
1400518632002699270
29120161
158075053
212946292
79796496
165188865
56807544
426015718
19153554
194575741
203973686
78419582
1519093240401698816
19746328
45617317
1537429100771520512
92004626
67129491
118943418
1541429393704337409
94150452
1130257727933091848
196780891
41818731
62137469
2893190416
20445703
1936359925
60009256
1265649820225753089
39267584
74767817
81593903
15410917
50142356
61939003
166731620
64258447
49326322
1333826453809623042
95633507
48799399
764758259475615748
122234027
39936067
1065468721
41838450
287979370
312966352
48012522
8205502
58096235
83720016
304513033
1324546920
1497276024945586179
3311255343
1250292207917006848
1029938536143888384
37661495
1500463703577309185
1000027699010818048
77532217
36289190
984563504
58622902
1512944124504293382
14409620
1508233160240373770
1098372563279982592
1113438091396689920
17870916
171293908
1522974934800252933
915413232113930240
1343031721445511169
1321946008247541765
1659217939
329216752
15430166
36764360
332962774
67753828
1208585404422733824
16625491
1399745639181950980
40545750
14418146
28210390
1346299951572283393
1425203223024001025
1001640807731027968
52979430
1518297485558571009
100353774
1681894717
43160028
769999716524449792
24214391
27463734
52550310
3140826667
1487852575084978176
21415271
144876699
150458112
15329559
88919496
35588436
2542783949
1143606682649583616
844220813091979264
1080871068850622464
1382073099424837634
1469088849687101443
337596942
69078402
864158594182393860
745382609132339200
366714265
1524115098666782723
8416032
1368269417562378243
1374084615196061710
113988684
1395070110600204290
1154863039495229440
2528427068
1020414994356342790
2450026332
22576338
369782886
46229740
1466220101896658960
69042608
120232954
338496806
93729395
864237803932180484
1344856486967701504
981780385393672192
1188877403873075200
25577896
281289462
33576349
75877617
137704954
836265813728444417
59942001
1481314434639409153
391892484
381546988
1124889082616864771
41941859
2324532745
1565645714100822017
97689547
217871086
1359911030
1307084755574325249
762485549336670208
54399501
272115866
19888362
45737179
43347078
35540017
750663541766651904
52200403
280705494
55551022
1151515249759141888
64808395
241361723
61188537
40296699
3895005683
162476497
877456946604978176
18568542
812559908
37031702
1495404615659139076
170497442
39157997
103638498
24875696
46396662
261877513
1541484529667424256
1438826646396710913
61017309
1521489464115277824
60161613
1519778644733968385
59619515
20743783
14827952
40381323
106165957
138796935
41958045
759575332995395584
131994647
1356393730295652353
59112858
70380962
75453864
2886881374
270438691
35537374
76170292
123998132
60721389
1149933024987045888
52792563
487691168
42290297
1482876322368081935
139142497
68737051
894727472230670336
1368206852442513415
73493771
8204402
53554742
2306707293
1554251555188232196
234000865
128226789
130477658
3648007523
229981249
24956368
329903745
35540550
18346652
1331904543731429376
26057468
153865157
47730724
265016542
1563346540541796355
29769619
131146407
54252401
273610688
152712761
103806332
1304041904552792064
137777595
15420501
333183391
1496698634234216449
29709905
19996223
296403688
1069686857401819141
13198332
363245657
403410820
335467285
1005112291
1289624887527649286
30488590
3318224434
1528779191231123464
101355768
1562117900969955330
1539701608262631424
1514771646
1450839721391820803
29720850
122232464
1562909540433395712
310583704
1161961828219596800
513814871
66410762
1334204746190688256
44636743
1315899706648788995
336550037
315226152
910178755229954048
547066498
993883991794225152
1314752544355373059
1518763353841283074
1293668141554372610
1252057378993975296
999909292961513472
246348388
79047981
784561556734504960
1265676685195829248
53823215
1321403179
893896843725295621
26931040
1476263936043454473
1210919769790013441
1542192579151904768
814674221150437376
1365427084634521609
1611013638160109572
1253155932181315588
1590171573410996225
1619487268363698176
