consolacao_v
first_area
     -46.642267         -23.549695
     -46.646900         -23.551528
     -46.648948         -23.555118
     -46.649495         -23.555528
     -46.649652         -23.555403
     -46.650175         -23.555558
     -46.650384         -23.555887
     -46.650035         -23.556145
     -46.650238         -23.556504
     -46.653188         -23.558166
     -46.653687         -23.558515
     -46.654159         -23.559317
     -46.654151         -23.559578
     -46.654630         -23.560807
     -46.654864         -23.560951
     -46.656049         -23.559840
     -46.656299         -23.559275
     -46.656274         -23.557887
     -46.656358         -23.557664
     -46.657293         -23.557108
     -46.660812         -23.554059
     -46.664050         -23.556454
     -46.664711         -23.556572
     -46.665585         -23.556429
     -46.666503         -23.556016
     -46.667812         -23.555450
     -46.666318         -23.552738
     -46.666005         -23.552345
     -46.665509         -23.551966
     -46.665069         -23.551312
     -46.664880         -23.551198
     -46.664606         -23.550647
     -46.663827         -23.550312
     -46.663658         -23.550164
     -46.663795         -23.549753
     -46.664203         -23.549598
     -46.664443         -23.545460
     -46.664810         -23.544549
     -46.664206         -23.542716
     -46.663999         -23.542455
     -46.663573         -23.541705
     -46.662197         -23.540886
     -46.661993         -23.540623
     -46.661966         -23.540264
     -46.661529         -23.540116
     -46.661531         -23.540527
     -46.656672         -23.543627
     -46.652177         -23.545407
     -46.652121         -23.545295
     -46.644273         -23.545508
     -46.646124         -23.547060
     -46.642683         -23.547863
     -46.642571         -23.548134
     -46.642245         -23.549713 
END
END
