cambuci_v
first_area
     -46.632825			-23.560059
     -46.632573			-23.560117
     -46.629867			-23.559785
     -46.629624			-23.559806
     -46.629554			-23.559661
     -46.629299			-23.559623
     -46.626809			-23.558226
     -46.626820			-23.556874
     -46.626701			-23.556438
     -46.626877			-23.554510
     -46.625203			-23.554299
     -46.623948			-23.555479
     -46.622156			-23.556541
     -46.615906			-23.558577
     -46.614924			-23.559108
     -46.613953			-23.559890
     -46.613502			-23.560422
     -46.612719			-23.561735
     -46.611714			-23.563748
     -46.611216			-23.564530
     -46.609085			-23.568311
     -46.608217			-23.569875
     -46.607905			-23.573663
     -46.609571			-23.577205
     -46.610418			-23.577451
     -46.610841			-23.577696
     -46.611237			-23.578191
     -46.611786			-23.578747
     -46.612172			-23.578958
     -46.614423			-23.581806
     -46.615194			-23.582979
     -46.615569			-23.583156
     -46.617050			-23.583520
     -46.617515			-23.583779
     -46.619859			-23.587689
     -46.620137			-23.588724
     -46.620962			-23.592726
     -46.621652			-23.592915
     -46.621818			-23.592999
     -46.624334			-23.595452
     -46.624809			-23.595472
     -46.627550			-23.594907
	 -46.628446			-23.594573
	 -46.629621			-23.593282
	 -46.630568			-23.593456
	 -46.631551			-23.592728
	 -46.631668			-23.592443
	 -46.631554			-23.592137
	 -46.631286			-23.591935
	 -46.631879			-23.591254
	 -46.631635			-23.589349
	 -46.631707			-23.589084
	 -46.632206			-23.588612
	 -46.630513			-23.588074
	 -46.634056			-23.583566
	 -46.636177			-23.584657
	 -46.640415			-23.578030
	 -46.639896			-23.577839
	 -46.639616			-23.577834
	 -46.639059			-23.570960
	 -46.632351			-23.566093
	 -46.632798			-23.560090

END
END
