bras_v
first_area
     -46.608025         -23.539184
     -46.607423         -23.541554
     -46.607089         -23.542573
     -46.606798         -23.543014
     -46.606296         -23.543336
     -46.604750         -23.545577
     -46.580836         -23.540960
     -46.580430         -23.543112
     -46.581215         -23.543144
     -46.581636         -23.543295
     -46.582391         -23.544054
     -46.588354         -23.550098
     -46.591049         -23.552845
     -46.591079         -23.553942
     -46.591979         -23.555240
     -46.593032         -23.557287
     -46.596048         -23.555933
     -46.600047         -23.555526
     -46.606132         -23.554928
     -46.610134         -23.554613
     -46.607739         -23.559124
     -46.605647         -23.563510
     -46.603685         -23.567024
     -46.604589         -23.567385
     -46.604892         -23.567245
     -46.605442         -23.566239
     -46.605783         -23.566332
     -46.608972         -23.567639
     -46.610740         -23.564470
     -46.611094         -23.564106
     -46.612907         -23.560782
     -46.613948         -23.559346
     -46.615188         -23.558505
     -46.617795         -23.557559
     -46.621681         -23.556312
     -46.622694         -23.555851
     -46.624106         -23.554829
     -46.624774         -23.554132
     -46.625284         -23.553355
     -46.625407         -23.553080
     -46.625702         -23.551924
     -46.625295         -23.550987
     -46.625231         -23.550373
     -46.625681         -23.549131
     -23.548285         -46.625888       
     -46.624970         -23.547709
     -46.624554         -23.547377
     -46.624482         -23.547212
     -46.620779         -23.545524
     -46.615763         -23.542495
     -46.612489         -23.540472
     -46.611580         -23.540113
     -46.608797         -23.539328
END
END
