carandiru_v
first_area
     -46.625135      -23.518511
     -46.625016      -23.515154
     -46.624901      -23.511401
     -46.624650      -23.503119
     -46.624511      -23.499065
     -46.623478      -23.499095
     -46.623107      -23.496800
     -46.623133      -23.496639
     -46.623372      -23.496553
     -46.623979      -23.495751
     -46.624459      -23.494889
     -46.625038      -23.493985
     -46.625610      -23.493366
     -46.625331      -23.492340
     -46.624762      -23.491922
     -46.624906      -23.491516
     -46.624398      -23.490026
     -46.624153      -23.488971
     -46.623415      -23.488246
     -46.621992      -23.487878
     -46.621160      -23.487401
     -46.619732      -23.486590
     -46.617817      -23.486590
     -46.617329      -23.486487
     -46.616310      -23.485581 
     -46.615558      -23.486016
     -46.615210      -23.486217
     -46.614326      -23.487014
     -46.614197      -23.487325
     -46.614185      -23.487472
     -46.612901      -23.488663
     -46.612600      -23.488916
     -46.612436      -23.489142
     -46.612389      -23.489646
     -46.612371      -23.489711
     -46.612346      -23.490060
     -46.611857      -23.490505
     -46.611622      -23.490595
     -46.611866      -23.490873
     -46.611951      -23.491195
     -46.611902      -23.491343
     -46.611687      -23.492187
     -46.611647      -23.493161
     -46.611453      -23.492613
     -46.610681      -23.492517
     -46.609185      -23.492784
     -46.606935      -23.493178
     -46.606498      -23.493193
     -46.605599      -23.493076
     -46.602050      -23.492260
     -46.600744      -23.491986
     -46.599239      -23.491750
     -46.599084      -23.491837
     -46.597629      -23.492732
     -46.598193      -23.496026
     -46.596940      -23.496776
     -46.596884      -23.498183
     -46.596081      -23.498151
     -46.595672      -23.498194
     -46.595248      -23.498608
     -46.594849      -23.498965
     -46.594313      -23.499285
     -46.593849      -23.499509
     -46.593511      -23.499800
     -46.593293      -23.499943
     -46.591893      -23.500509
     -46.591629      -23.500810
     -46.590946      -23.502195
     -46.591883      -23.502372
     -46.591922      -23.502605
     -46.592319      -23.502947
     -46.592957      -23.503149
     -46.593392      -23.503410
     -46.594232      -23.503764
     -46.594967      -23.504182
     -46.595278      -23.504460
     -46.595793      -23.505119
     -46.596112      -23.505786
     -46.596262      -23.506504
     -46.596597      -23.506516
     -46.595946      -23.507623
     -46.595795      -23.508045
     -46.595463      -23.508124
     -46.594891      -23.509514
     -46.594892      -23.511871
     -46.595059      -23.520349
     -46.595367      -23.520806
     -46.595864      -23.521475
     -46.596044      -23.522078
     -46.595709      -23.523790
     -46.595253      -23.524306
     -46.595185      -23.524657
     -46.596007      -23.525100
     -46.596812      -23.525897
     -46.597516      -23.525921
     -46.597833      -23.525784
     -46.601317      -23.523047
     -46.602298      -23.522508
     -46.603757      -23.522016
     -46.605077      -23.521868
     -46.608500      -23.522399
     -46.609361      -23.522429
     -46.610955      -23.522102
     -46.613271      -23.520785
     -46.615867      -23.519004
     -46.617745      -23.518266
     -46.619644      -23.518089
     -46.622745      -23.518601

END
END
