penhadefranca_v
first_area
     -46.558095      -23.523207
     -46.556121      -23.521554
     -46.555381      -23.519606
     -46.555917      -23.516153
     -46.556239      -23.513880
     -46.555225      -23.510253
     -46.553786      -23.508565
     -46.551159      -23.507385
     -46.549416      -23.507182
     -46.548489      -23.507126
     -46.545549      -23.506614
     -46.540311      -23.502309
     -46.534678      -23.496921
     -46.524947      -23.496518
     -23.499915     -46.524589
     -46.524414     -23.500098
     -46.524672     -23.502746
     -46.524452     -23.503676
     -46.523497     -23.504660
     -46.522270     -23.505850
     -46.521728     -23.506785
     -46.521589     -23.507521
     -46.521430     -23.508294
     -46.521335     -23.508940
     -46.521424     -23.510211
     -46.521207     -23.511031
     -46.521029     -23.511868
     -46.520550     -23.513102
     -46.520153     -23.513018
     -46.519911     -23.514524
     -46.519876     -23.514756
     -46.521004     -23.516148
     -46.522431     -23.516977
     -46.523161     -23.517637
     -46.526267     -23.522165
     -46.525360     -23.522455
     -46.524096     -23.522622
     -46.522399     -23.523016
     -46.524975     -23.529591
     -46.524795     -23.530765
     -46.524805     -23.531626
     -46.529204     -23.531970
     -46.532798     -23.531626
     -46.540405     -23.533033
     -46.548391     -23.534528
     -46.548959     -23.533499
     -46.549928     -23.532891
     -46.551494     -23.532330
     -46.553830     -23.529593
     -46.555394     -23.527102
     -46.555817     -23.526913
     -46.558204     -23.523256
END
END
