jardimdasimbuias_v
first_area
     -46.697640         -23.732151
     -46.696943         -23.732848
     -46.696417         -23.733310
     -46.696181         -23.734508
     -46.695891         -23.734911
     -46.692050         -23.738329
     -46.691817         -23.738635
     -46.691589         -23.739396
     -46.688776         -23.738380
     -46.688356         -23.738376
     -46.686285         -23.738788
     -46.686554         -23.738146
     -46.687309         -23.737852
     -46.688140         -23.737106
     -46.688855         -23.734907
     -46.688757         -23.733198
     -46.687999         -23.730904
     -46.688063         -23.730670
     -46.688607         -23.729856
     -46.688870         -23.728994
     -46.689347         -23.727955
     -46.690793         -23.726728
     -46.691027         -23.726365
     -46.691201         -23.724802
     -46.691531         -23.723444
     -46.691646         -23.722003
     -46.692070         -23.722107
     -46.693100         -23.722001
     -46.694218         -23.722045
     -46.695052         -23.722111
     -46.695298         -23.722020
     -46.696382         -23.721463
     -46.696516         -23.721377
     -46.697714         -23.720150
     -46.698224         -23.719614
     -46.698947         -23.717584
     -46.699707         -23.717614
     -46.703162         -23.717923
     -46.703683         -23.717727
     -46.710110         -23.712423
     -46.710900         -23.711341
     -46.711880         -23.711769
     -46.712305         -23.711569
     -46.712431         -23.711296
     -46.711476         -23.710500
     -46.714782         -23.703740
     -46.724184         -23.702812
     -46.734050         -23.729453
     -46.733403         -23.743680
     -46.710702         -23.742202
     -46.710026         -23.741790 
     -46.707782         -23.741030
     -46.707089         -23.740595
     -46.706333         -23.740757
     -46.705957         -23.741295
     -46.701779         -23.739337
     -46.701028         -23.738777
     -46.699322         -23.736773
     -46.699191         -23.734750
     -46.697901         -23.732064
END

second_area
    -46.691648          -23.722008
    -46.691519          -23.723462
    -46.691176          -23.725034
    -46.691004          -23.726429
    -46.690639          -23.726875
    -46.689345          -23.727946
    -46.688996          -23.728638
    -46.688755          -23.729409
    -46.688590          -23.729875
    -46.688025          -23.730710
    -46.688006          -23.731022
    -46.688749          -23.733191
    -46.688865          -23.734799
    -46.687757          -23.738461
    -46.688793          -23.738401
    -46.691584          -23.739396
    -46.691447          -23.740418
    -46.691516          -23.740914
    -46.691904          -23.742132
    -46.691904          -23.742630
    -46.691598          -23.743371
    -46.691429          -23.743575
    -46.689979          -23.744960
    -46.688885          -23.745751
    -46.687879          -23.746958
    -46.687511          -23.749152
    -46.688190          -23.750534
    -46.688259          -23.751654
    -46.688747          -23.753053
    -46.687801          -23.753738
    -46.687529          -23.754116
    -46.687848          -23.754719
    -46.687798          -23.755154
    -46.687574          -23.755427
    -46.687287          -23.755575
    -46.685043          -23.755667
    -46.684862          -23.755712
    -46.684762          -23.755820
    -46.684314          -23.757259
    -46.683823          -23.757752
    -46.683523          -23.758029
    -46.683290          -23.758007
    -46.682180          -23.756856
    -46.681522          -23.757373
    -46.681243          -23.757380
    -46.679231          -23.756715
    -46.679043          -23.756578
    -46.678898          -23.756264
    -46.678981          -23.755962
    -46.679493          -23.755275
    -46.679335          -23.754921
    -46.677415          -23.755225
    -46.676600          -23.755166
    -46.673059          -23.754351
    -46.672832          -23.754437
    -46.671058          -23.755920
    -46.670586          -23.756154
    -46.667463          -23.756503
    -46.666741          -23.757724
    -46.664142          -23.759184
    -46.657653          -23.759674
    -46.656666          -23.760911
    -46.655765          -23.761589
    -46.655210          -23.762330
    -46.652915          -23.764535
    -46.65344           -23.741043
    -46.662599          -23.722788
    -46.671497          -23.729294
    -46.679376          -23.730444
    -46.679417          -23.730170
    -46.680061          -23.729517
    -46.680453          -23.728643
    -46.680727          -23.728334
    -46.682310          -23.728226
    -46.682691          -23.728118
    -46.682647          -23.724171
    -46.682535          -23.723809
    -46.682792          -23.723755
    -46.682996          -23.723126
    -46.683363          -23.723010
    -46.684290          -23.723167
    -46.685672          -23.723742
    -46.686729          -23.724086
    -46.687110          -23.723521
    -46.687950          -23.722664
    -46.688148          -23.722146
    -46.688199          -23.721721
    -46.688827          -23.721478
    -46.689935          -23.721557
    -46.690605          -23.721773 
    -46.691634          -23.722017

END
END

