santoamaro_v
first_area
    -46.708135  -23.624694
    -46.705684  -23.626238
    -46.703900  -23.627359
    -46.703112  -23.627778
    -46.700773  -23.629152
    -46.702262  -23.631295
    -46.703212  -23.632712
    -46.704215  -23.634095
    -46.703686  -23.634387
    -46.703217  -23.634408
    -46.703086  -23.634454
    -46.701686  -23.635009
    -46.701453  -23.635194
    -46.701013  -23.635926
    -46.701013  -23.635926
    -46.697966  -23.637772
    -46.697139  -23.638265
    -46.699784  -23.642601
    -46.701340  -23.643793
    -46.702969  -23.644787
    -46.702969  -23.644787
    -46.698913  -23.647173
    -46.697839  -23.647834
    -46.698905  -23.649403
    -46.700037  -23.651035
    -46.700646  -23.651890
    -46.701757  -23.652421
    -46.701736  -23.653120
    -46.702738  -23.653374
    -46.705008  -23.653918
    -46.705811  -23.654209
    -46.706475  -23.653305
    -46.707003  -23.653862
    -46.708279  -23.654004
    -46.709063  -23.654027
    -46.710604  -23.653903
    -46.711089  -23.653823
    -46.712443  -23.654007
    -46.713226  -23.654204
    -46.716649  -23.654813
    -46.717891  -23.655263
    -46.719026  -23.655783
    -46.719594  -23.656083
    -46.725041  -23.649450
    -46.726049  -23.646575
    -46.726202  -23.644635
    -46.724250  -23.640486
    -46.720173  -23.636083
    -46.712303  -23.627772
    -46.710149  -23.625812
    -46.708379  -23.624829
END

second_area
    -46.701341  -23.620155
    -46.700960  -23.620171
    -46.700960  -23.620171
    -46.698514  -23.621095
    -46.697983  -23.621680
    -46.696468  -23.623520
    -46.695996  -23.623882
    -46.692908  -23.625367
    -46.691742  -23.625819
    -46.691193  -23.625912
    -46.688938  -23.625808
    -46.688595  -23.625842
    -46.686591  -23.626941
    -46.686234  -23.627115
    -46.685864  -23.627440
    -46.684580  -23.629876
    -46.681882  -23.632333
    -46.679672  -23.634063
    -46.679177  -23.634563
    -46.678009  -23.636147
    -46.677336  -23.637366
    -46.676896  -23.639027
    -46.676542  -23.640364
    -46.676336  -23.640698
    -46.675858  -23.641171
    -46.674841  -23.641817
    -46.674524  -23.642112
    -46.674189  -23.642478
    -46.672696  -23.644160
    -46.679813  -23.652995
    -46.680404  -23.652848
    -46.681172  -23.652430
    -46.681955  -23.651963
    -46.685619  -23.651177
    -46.686509  -23.651462
    -46.693032  -23.655786
    -46.697184  -23.657909
    -46.700832  -23.659658
    -46.703207  -23.660350
    -46.704181  -23.660530
    -46.705244  -23.661478
    -46.706081  -23.662009
    -46.707674  -23.663547
    -46.708704  -23.664269
    -46.710201  -23.665064
    -46.711528  -23.662542
    -46.713481  -23.660419
    -46.716067  -23.658601
    -46.718835  -23.656822
    -46.719693  -23.655957
    -46.717966  -23.655402
    -46.716639  -23.654804
    -46.714476  -23.654353
    -46.713213  -23.654208
    -46.711075  -23.653839
    -46.709438  -23.653953
    -46.708917  -23.654061
    -46.707867  -23.653995
    -46.707015  -23.653872
    -46.706774  -23.653710
    -46.706452  -23.653332
    -46.705812  -23.654199
    -46.705052  -23.653941
    -46.703966  -23.653673
    -46.702734  -23.653363
    -46.701748  -23.653117
    -46.701764  -23.652422
    -46.700644  -23.651898
    -46.697833  -23.647849
    -46.701209  -23.645811
    -46.703014  -23.644794
    -46.701394  -23.643846
    -46.701173  -23.643659
    -46.699843  -23.642625
    -46.698545  -23.640561
    -46.698894  -23.641240
    -46.697090  -23.638282
    -46.701020  -23.635940
    -46.701521  -23.635106
    -46.702553  -23.634647
    -46.703661  -23.634383
    -46.704211  -23.634093
    -46.703180  -23.632718
    -46.702249  -23.631299
    -46.700765  -23.629158
    -46.702335  -23.628243
    -46.703923  -23.627355
    -46.705678  -23.626359
    -46.706329  -23.625863
    -46.708207  -23.624737
    -46.705888  -23.623982
    -46.703978  -23.623264
    -46.702390  -23.622134
    -46.701296  -23.620895

    
END
END

