pari_v
first_area
     -46.630144      -23.519058
     -46.625247      -23.519676
     -46.622983      -23.519725
     -46.619099      -23.519188
     -46.615988      -23.520093
     -46.612544      -23.522808
     -46.608854      -23.523647
     -46.604874      -23.523106
     -46.603141      -23.523477
     -46.600676      -23.525156
     -46.602278      -23.527488
     -46.602230      -23.528245
     -46.602123      -23.530861
     -46.598956      -23.538054
     -46.602238      -23.538278
     -46.608076      -23.539145
     -46.612299      -23.540249
     -46.615341      -23.542256
     -46.620400      -23.545267
     -46.621816      -23.545996
     -46.624735      -23.547344
     -46.626344      -23.547816
     -46.626419      -23.546472
     -46.626419      -23.546517
     -46.626322      -23.544825
     -46.626880      -23.542671
     -46.627986      -23.541342
     -46.633058      -23.535951
     -46.633082      -23.535664
     -46.633139      -23.535531
     -46.633148      -23.534456
     -46.631376      -23.528556
     -46.630748      -23.524536
     -46.630196      -23.519391
END
END
