casaverde_13
first_area
     -46.625138  -23.519363
     -46.625068  -23.517538
     -46.625009  -23.515511
     -46.624944  -23.513209
     -46.624901  -23.511399
     -46.624815  -23.509906
     -46.624792  -23.507558
     -46.624698  -23.504904
     -46.624629  -23.503134
     -46.624554  -23.502021
     -46.624572  -23.500887
     -46.624466  -23.499102
     -46.624992  -23.499032
     -46.625625  -23.498999
     -46.625792  -23.497938
     -46.625818  -23.497506
     -46.626040  -23.497479
     -46.626872  -23.497181
     -46.627400  -23.497111
     -46.627445  -23.497007
     -46.628131  -23.496833
     -46.629055  -23.496579
     -46.629705  -23.496091
     -46.630436  -23.495263
     -46.631225  -23.494388
     -46.631694  -23.493906
     -46.632662  -23.492854
     -46.632988  -23.492624
     -46.633586  -23.492385
     -46.633788  -23.492261
     -46.634535  -23.491804
     -46.634788  -23.491580
     -46.635045  -23.491166
     -46.635194  -23.490655
     -46.635487  -23.490262
     -46.636017  -23.489584
     -46.636739  -23.489114
     -46.637848  -23.488446
     -46.638408  -23.487828
     -46.638877  -23.486736
     -46.639062  -23.486636
     -46.639463  -23.486667
     -46.639853  -23.486512
     -46.640163  -23.486644
     -46.640495  -23.486714
     -46.641284  -23.486824
     -46.642193  -23.486884
     -46.643964  -23.486921
     -46.644747  -23.486959
     -46.645466  -23.487006
     -46.646012  -23.487157
     -46.646603  -23.487416
     -46.647392  -23.488016
     -46.647749  -23.488208
     -46.648703  -23.488357
     -46.649251  -23.488452
     -46.650146  -23.488586
     -46.651345  -23.488822
     -46.651495  -23.488592
     -46.652174  -23.488013
     -46.652528  -23.487599
     -46.652636  -23.487384
     -46.652821  -23.486786
     -46.652889  -23.486368
     -46.652884  -23.485787
     -46.652965  -23.485510
     -46.653150  -23.485105
     -46.653227  -23.484846
     -46.653250  -23.484478
     -46.653872  -23.483570
     -46.654109  -23.483185
     -46.654411  -23.482897
     -46.654850  -23.482275
     -46.655281  -23.481877
     -46.655734  -23.481506
     -46.656097  -23.480987
     -46.656247  -23.480712
     -46.656370  -23.480473
     -46.656518  -23.480534
     -46.656699  -23.480397
     -46.656905  -23.480323
     -46.657155  -23.480446
     -46.657511  -23.480666
     -46.657747  -23.480732
     -46.657936  -23.480668
     -46.658042  -23.480585
     -46.658174  -23.480280
     -46.658191  -23.480103
     -46.658105  -23.480010
     -46.658472  -23.479930
     -46.659002  -23.479813
     -46.659579  -23.479724
     -46.659787  -23.479740
     -46.660398  -23.479989
     -46.660377  -23.480409
     -46.660339  -23.480940
     -46.661107  -23.481356
     -46.661392  -23.481497
     -46.661854  -23.482069
     -46.662445  -23.482839
     -46.663061  -23.483528
     -46.663990  -23.484166
     -46.664457  -23.485108
     -46.664733  -23.485643
     -46.664945  -23.486034
     -46.664835  -23.486903
     -46.664791  -23.487523
     -46.664479  -23.488062
     -46.663803  -23.488519
     -46.663612  -23.489376
     -46.663480  -23.489832
     -46.662824  -23.490893
     -46.662453  -23.491447
     -46.662265  -23.492039
     -46.662090  -23.492767
     -46.661967  -23.493196
     -46.661756  -23.493928
     -46.661543  -23.494761
     -46.661383  -23.495311
     -46.661318  -23.495636
     -46.661083  -23.496457
     -46.660889  -23.497135
     -46.660919  -23.497523
     -46.661030  -23.497862
     -46.661514  -23.498264
     -46.661828  -23.498574
     -46.662205  -23.498969
     -46.662382  -23.499166
     -46.662457  -23.499327
     -46.662562  -23.500181
     -46.662665  -23.500861
     -46.662773  -23.501632
     -46.662887  -23.502579
     -46.662972  -23.503208
     -46.663152  -23.504325
     -46.662564  -23.504791
     -46.663052  -23.505234
     -46.663643  -23.505857
     -46.664300  -23.506743
     -46.665649  -23.506507
     -46.666373  -23.506521
     -46.666995  -23.506676
     -46.667218  -23.506831
     -46.666612  -23.507890
     -46.666111  -23.508736
     -46.666221  -23.508985
     -46.666145  -23.509243
     -46.666010  -23.509500
     -46.666154  -23.510468
     -46.666394  -23.512256
     -46.666594  -23.513709
     -46.666833  -23.515279
     -46.661812  -23.515899
     -46.655522  -23.516646
     -46.646819  -23.517813
     -46.640296  -23.518385
     -46.631820  -23.518926
     -46.625147  -23.519352
END
END