itaimbibi_v
first_area
     -46.676947      -23.565306
     -46.677988      -23.564407
     -46.690240      -23.570909
     -46.691039      -23.571201
     -46.696105      -23.571725
     -46.700271      -23.572237
     -46.697370      -23.574970
     -46.696359      -23.575925
     -46.691321      -23.585038
     -46.691203      -23.588214
     -46.692817      -23.593200
     -46.692843      -23.594435
     -46.687006      -23.596161
     -46.683916      -23.595218
     -46.683362      -23.595007
     -46.683037      -23.595305
     -46.682222      -23.595099
     -46.679947      -23.596141
     -46.678489      -23.596840
     -46.678218      -23.596865
     -46.673964      -23.597204
     -46.673374      -23.595849
     -46.673148      -23.594956
     -46.666893      -23.595700
     -46.665184      -23.592737
     -46.664905      -23.592251
     -46.663399      -23.581358
     -46.664081      -23.580598
     -46.661740      -23.579227
     -46.673755      -23.567796
     -46.675772      -23.566016
     
END
END
