vilaclementino_v
first_area
     -46.634744  -23.589730
     -46.633981  -23.589674
     -46.633682  -23.589659
     -46.633264  -23.589618
     -46.632917  -23.589587
     -46.631926  -23.589511
     -46.631629  -23.589504
     -46.631734  -23.590372
     -46.631871  -23.591154
     -46.631683  -23.591533
     -46.631302  -23.591931
     -46.631586  -23.592182
     -46.631662  -23.592438
     -46.631549  -23.592737
     -46.630712  -23.593401
     -46.630594  -23.593443
     -46.630390  -23.593431
     -46.629778  -23.593338
     -46.629628  -23.593269
     -46.629209  -23.593775
     -46.628679  -23.594383
     -46.628412  -23.594589
     -46.627543  -23.594894
     -46.625606  -23.595307
     -46.624812  -23.595479
     -46.624469  -23.595462
     -46.624075  -23.595329
     -46.623098  -23.594323
     -46.621889  -23.595139
     -46.621671  -23.595198
     -46.623862  -23.599356
     -46.624028  -23.599680
     -46.623643  -23.599751
     -46.623104  -23.599941
     -46.622469  -23.600411
     -46.621654  -23.601296
     -46.620659  -23.602173
     -46.619383  -23.602465
     -46.617291  -23.602605
     -46.616541  -23.602656
     -46.616008  -23.602688
     -46.615415  -23.602677
     -46.615486  -23.603886
     -46.615808  -23.604501
     -46.616189  -23.605691
     -46.617755  -23.611143
     -46.617800  -23.611520
     -46.617666  -23.613057
     -46.617238  -23.614062
     -46.617263  -23.614583
     -46.617854  -23.616683
     -46.618012  -23.617307
     -46.618302  -23.617956
     -46.618817  -23.618546
     -46.619707  -23.619170
     -46.620249  -23.619617
     -46.620748  -23.620585
     -46.620775  -23.621042
     -46.620233  -23.622841
     -46.619600  -23.625058
     -46.620600  -23.625557
     -46.620827  -23.626113
     -46.624416  -23.625388
     -46.626208  -23.624783
     -46.626052  -23.624110
     -46.625908  -23.623412
     -46.625774  -23.622532
     -46.627046  -23.622215
     -46.629313  -23.622624
     -46.629490  -23.622563
     -46.630125  -23.622168
     -46.630704  -23.621880
     -46.631591  -23.621482
     -46.632436  -23.621239
     -46.634332  -23.621181
     -46.635045  -23.621097
     -46.636480  -23.620633
     -46.637266  -23.620279
     -46.638061  -23.619886
     -46.639172  -23.619330
     -46.639324  -23.619287
     -46.640750  -23.625455
     -46.641418  -23.626598
     -46.643186  -23.627620
     -46.644178  -23.628180
     -46.649052  -23.616584
     -46.652581  -23.608041
     -46.651766  -23.606971
     -46.651451  -23.606185
     -46.651000  -23.602056
     -46.650476  -23.596406
     -46.650208  -23.593004
     -46.650158  -23.592511
     -46.649834  -23.592378
     -46.648879  -23.592457
     -46.644927  -23.594001
     -46.643608  -23.594136
     -46.642270  -23.594072
     -46.639969  -23.593649
     -46.638478  -23.593546
     -46.638186  -23.593428
     -46.637196  -23.592813
     -46.636649  -23.592621
     -46.636445  -23.592044
     -46.635609  -23.591135
     -46.635391  -23.590742
     -46.634924  -23.589732

END
END
