altodamooca_v
first_area
     -46.597108      -23.581553
     -46.608122      -23.558511
     -46.610236      -23.554636
     -46.606154      -23.554887
     -46.600092      -23.555536
     -46.599873      -23.555811
     -46.595657      -23.558299
     -46.592674      -23.561426
     -46.588800      -23.565786
     -46.587274      -23.567161
     -46.588336      -23.568823
     -46.587673      -23.569654
     -46.587405      -23.570531
     -46.587068      -23.577520
     -46.586617      -23.581522
     -46.588145      -23.581915
     -46.590192      -23.581974
     -46.593121      -23.581748
     -46.593886      -23.581770
     -46.596324      -23.581565
END
END
