vilamatilde_v
first_area
     -46.548372      -23.534532
     -46.534908      -23.531875
     -46.532421      -23.531641
     -46.527758      -23.531924
     -46.522347      -23.531343
     -46.520283      -23.530936
     -46.514667      -23.528310
     -46.511276      -23.527643
     -46.508368      -23.527367
     -46.505496      -23.528380
     -46.499960      -23.531990
     -46.497685      -23.533436
     -46.496136      -23.534765
     -46.493789      -23.535424
     -46.490361      -23.535714
     -46.490420      -23.537754
     -46.490476      -23.538657
     -46.490944      -23.539857
     -46.491507      -23.540913
     -46.492376      -23.542000
     -46.493020      -23.542802
     -46.493286      -23.543317
     -46.493303      -23.543427 
     -46.496732      -23.542807
     -46.498086      -23.542993
     -46.498983      -23.543402
     -46.499596      -23.543893
     -46.500008      -23.544473
     -46.500493      -23.545272
     -46.501209      -23.545916
     -46.501327      -23.546125
     -46.501751      -23.547595
     -46.502288      -23.549409
     -46.504404      -23.549076
     -46.505686      -23.548928
     -46.506118      -23.548984
     -46.506694      -23.549182
     -46.507774      -23.549920
     -46.508345      -23.550276
     -46.508936      -23.550320
     -46.510782      -23.550395
     -46.511402      -23.550675
     -46.512862      -23.551998
     -46.513363      -23.552729
     -46.513892      -23.553781
     -46.514632      -23.554258
     -46.516912      -23.555168
     -46.518108      -23.553493
     -46.519182      -23.552540
     -46.522362      -23.550802
     -46.524006      -23.549877
     -46.525358      -23.548175
     -46.527239      -23.546837
     -46.529133      -23.544831
     -46.530898      -23.543797
     -46.533146      -23.542863
     -46.535152      -23.541412
     -46.536134      -23.541038
     -46.538537      -23.541068
     -46.539669      -23.540832
     -46.545313      -23.538505
     -46.546542      -23.538043
     -46.547352      -23.537399
     -46.548302      -23.534698
END
END
