parelheiros_v
first_area
 	-46.730563			-23.834870	  	
	-46.729032		  -23.834648
	-46.728562			-23.834644
	-46.726652			-23.835326
	-46.726540			-23.835508
	-46.726708			-23.836598
	-46.726161			-23.836814
	-46.725696			-23.836714
	-46.725410			-23.835434
	-46.724483			-23.834686
	-46.723989			-23.834782
	-46.723947			-23.834912
	-46.723653			-23.835114
	-46.722634			-23.835124
	-46.722014			-23.835303
	-46.720937			-23.836480
  -46.719431			-23.839414
	-46.719377			-23.841117
	-46.718234			-23.841549
	-46.717547			-23.842236
	-46.717440			-23.842947
	-46.716887			-23.843629
	-46.715911			-23.846937
	-46.714926			-23.847997
  -46.713229			-23.849043
	-46.712665			-23.849132
	-46.711034			-23.848965
	-46.710672		  -23.849076
	-46.710195			-23.849525
	-46.709345			-23.849886
	-46.708894			-23.849842
	-46.708300			-23.849659
	-46.707088			-23.850110
	-46.706041			-23.849965
	-46.704888			-23.850081
	-46.704407		  -23.849892
	-46.703970			-23.849176
	-46.703849			-23.848691
	-46.702948			-23.848303
	-46.702117			-23.848367
	-46.701186			-23.848662
	-46.699625			-23.847742
	-46.698369			-23.847634
	-46.697408			-23.847409
	-46.699043			-23.843948
	-46.669700			-23.845899
	-46.655830			-23.851908
	-46.659986			-23.858179
	-46.655034			-23.857395
	-46.638555			-23.837927
	-46.615895			-23.864303
	-46.614522			-23.900718
	-46.609140			-23.905095
	-46.612063			-23.908234
	-46.611377			-23.913884
	-46.608115			-23.915439
	-46.609469			-23.919709
	-46.610047			-23.924459
	-46.608603			-23.928154
	-46.616381			-23.930448
	-46.608875			-23.936781
	-46.607720			-23.946280
	-46.606080			-23.957110
	-46.611906			-23.968646
	-46.616806			-23.967758
	-46.634770			-23.977831
	-46.632729			-23.988649
	-46.628702			-23.990607
	-46.650331			-24.002212
	-46.661660			-23.988725
	-46.680887			-23.989666
	-46.687753			-23.984648
	-46.715219			-23.994999
  -46.721399			-23.992803
	-46.730325			-23.995312
	-46.743028			-23.992489
	-46.769392			-24.008112
	-46.776079			-24.004614
	-46.754440			-23.974027
	-46.762606			-23.968431
	-46.762114			-23.963614
	-46.775160			-23.958281
	-46.774474			-23.951064
	-46.782713			-23.947927
	-46.786147			-23.942906
	-46.793013			-23.944789
	-46.795028			-23.940793
	-46.802377			-23.938740
	-46.805522			-23.940742
	-46.806736			-23.929648
	-46.811591			-23.917665
	-46.811348			-23.911007
	-46.810620			-23.907678
	-46.807950			-23.905015
	-46.804308			-23.893030
	-46.806819			-23.891197
	-46.806577			-23.887424
	-46.802207			-23.888312
	-46.800153			-23.890267
	-46.799287			-23.894227
	-46.777057			-23.894227
	-46.775862			-23.855857
  -46.778814			-23.849695
	-46.778801			-23.844890
	-46.777685			-23.844664 
	-46.776902			-23.844733
	-46.774413			-23.846068
	-46.772117			-23.846667
	-46.771505			-23.846588
	-46.770861			-23.846627
	-46.770196			-23.846342
	-46.768694			-23.846695
	-46.768233			-23.846567
	-46.767938			-23.846204
	-46.766967			-23.845905
	-46.766152			-23.845925
	-46.765738			-23.845862
	-46.764697			-23.845999
	-46.764343			-23.846127
	-46.761382			-23.844248
	-46.760951			-23.843289
	-46.760082			-23.842308
	-46.758505			-23.841371
	-46.755587			-23.840821
	-46.754922			-23.840875
	-46.751063			-23.843090
	-46.750573			-23.843141
	-46.750219			-23.843053
	-46.748620			-23.841954
	-46.745670			-23.844348
	-46.743782			-23.844024
	-46.740531			-23.842012
	-46.739874			-23.841536
	-46.738383			-23.839299
	-46.737761			-23.838956
	-46.734746			-23.839044
	-46.730980			-23.836522

END

second_area
	-46.723078			-23.775786
	-46.719947			-23.772497
	-46.718571			-23.771194
	-23.769515			-46.717665			
	-46.717197			-23.767497
	-46.715445			-23.768982
	-46.714238			-23.770219
	-46.712600			-23.771260
	-46.711193			-23.771696
	-46.708527			-23.773012
	-46.706927			-23.774002
	-46.704803			-23.773963
	-46.703521			-23.773315
	-46.700948			-23.772611
	-46.700420			-23.772893
	-46.700083			-23.773666
	-46.694073			-23.777867
	-46.692710			-23.778387
	-46.690196			-23.781619
	-46.690009			-23.782038
	-46.689923			-23.784384
	-46.689358			-23.784906
	-46.688765			-23.784527
	-46.688399			-23.783588
	-46.684970			-23.781442
	-46.684799			-23.781208
	-46.684298			-23.778824
	-46.682238			-23.777989	
	-46.680929			-23.778410
	-46.680178			-23.778371
	-46.678740			-23.778018
	-46.677459			-23.778226
	-46.676933			-23.778201
	-46.674682			-23.779966
	-46.673354			-23.780378
	-46.672686			-23.780425
	-46.671468			-23.780825
	-46.671192			-23.780867
	-46.670664			-23.781193
	-23.781614			-46.670577
	-46.670671			-23.782331
	-46.670832			-23.783308
	-46.669587			-23.785060
	-46.655431			-23.782369
	-46.649102			-23.761260
	-46.619092			-23.792595
	-46.645523			-23.845226
	-46.687728			-23.851562
	-46.694587			-23.851805
	-46.695240			-23.850285
	-46.696329			-23.849333
	-46.697233			-23.848042
	-46.697424			-23.847418
	-46.699588			-23.847748
	-46.701169			-23.848651
	-46.702944			-23.848344
	-46.703855			-23.848707
	-46.704443			-23.849908 
	-46.704872			-23.850085
	-46.706170			-23.849977
	-46.707082			-23.850144
	-46.708253			-23.849654
	-46.709174			-23.849893
	-46.710714			-23.849061
	-46.712865			-23.849130
	-46.713544			-23.848885
	-46.715352			-23.847688
	-46.716682			-23.844808
	-46.717044			-23.843370
	-46.717438			-23.842938
	-46.717559			-23.842219
	-46.718238			-23.841542
	-46.719365			-23.841088
	-46.719365			-23.839587
	-46.721098			-23.836211
	-46.721983			-23.835293
	-46.722139			-23.835298
	-46.722922			-23.835131
	-46.723829			-23.835057
	-46.724001			-23.834772
	-46.725620			-23.834481 
	-46.725627			-23.834312
	-46.724123			-23.833100
	-46.724574			-23.832497
	-46.728091			-23.831929
	-46.728790			-23.830582 
	-46.731131			-23.828092
	-46.731184			-23.828581
	-46.731010			-23.829749
	-46.730989			-23.832271
	-46.730559			-23.834856
	-46.730935			-23.836485
	-46.733124			-23.838458
	-46.734755			-23.839057
	-46.737866			-23.838988
	-46.738402			-23.839292
	-46.740033			-23.841765
	-46.743702			-23.844002
	-46.745698			-23.844336
	-46.747243			-23.843295
	-46.748648			-23.841980
	-46.750311			-23.843109
	-46.750933			-23.843148
	-46.754457			-23.841232
	-46.754983			-23.840869
	-46.758491			-23.841389
	-46.760937			-23.843312
	-46.761377			-23.844244
	-46.762386			-23.844970
	-46.764296			-23.846118
	-46.766313			-23.845951
	-46.767976			-23.846236
	-46.768266			-23.846570
	-46.768642			-23.846717
	-46.770284			-23.846364
	-46.770992			-23.846649
	-46.772011			-23.846688
	-46.774404			-23.846040
	-46.777033			-23.844696 
	-46.777932			-23.844703
	-46.780395			-23.844727
	-46.781837			-23.837853
	-46.781580			-23.836558
	-46.781988			-23.836018
	-46.781763			-23.833672
	-46.781151			-23.832681
	-46.781076			-23.831229
	-46.779595			-23.829561
	-46.762906			-23.821118
	-46.770802			-23.788038
	-46.766071			-23.788333
	-46.763464			-23.786841
	-46.762252			-23.787567
	-46.758400			-23.785024
	-46.756512			-23.782844
	-46.752847			-23.783143
	-46.751849			-23.783496
	-46.749585			-23.783133
	-46.748265			-23.782249
	-46.746709			-23.780158
	-46.745936			-23.778640
	-46.744050			-23.778112
	-46.742701			-23.776970
	-46.741999			-23.776032
	-46.740430			-23.773892
	-46.739518			-23.773273
	-46.738166			-23.773479
	-46.736814			-23.772291
	-46.735848			-23.772203
	-46.734904			-23.771388
	-46.731722			-23.770574
	-46.731602			-23.772164
	-46.730401			-23.772321
	-46.729164			-23.775927
	-46.728632			-23.775971
	-46.726175			-23.775544
	-46.723230			-23.775799
END 
END
			