vilaamalia_38
first_area
     -46.663117  -23.476339
     -46.663370  -23.476164
     -46.664125  -23.476191
     -46.666308  -23.476293
     -46.667624  -23.476358
     -46.669070  -23.476462
     -46.670623  -23.476509
     -46.670995  -23.477027
     -46.671458  -23.477706
     -46.672071  -23.477378
     -46.672591  -23.477104
     -46.672479  -23.476725
     -46.672225  -23.476336
     -46.671920  -23.476044
     -46.671537  -23.475824
     -46.671243  -23.475643
     -46.670704  -23.475376
     -46.670268  -23.474945
     -46.670067  -23.474502
     -46.670022  -23.474140
     -46.669469  -23.474194
     -46.668978  -23.474218
     -46.668928  -23.473877
     -46.668433  -23.473492
     -46.667900  -23.473176
     -46.667734  -23.472701
     -46.667112  -23.471668
     -46.666857  -23.471221
     -46.666810  -23.470933
     -46.666857  -23.470608
     -46.666974  -23.470138
     -46.667158  -23.469421
     -46.667068  -23.469234
     -46.667898  -23.468404
     -46.667439  -23.467512
     -46.667115  -23.466567
     -46.666924  -23.465814
     -46.666621  -23.465467
     -46.666262  -23.465253
     -46.665167  -23.464961
     -46.664899  -23.464692
     -46.664695  -23.464358
     -46.664593  -23.463802
     -46.664355  -23.463364
     -46.663974  -23.463017
     -46.663498  -23.462863
     -46.663159  -23.462837
     -46.663056  -23.462461
     -46.663259  -23.461986
     -46.662927  -23.461493
     -46.662645  -23.460978
     -46.662284  -23.460258
     -46.662275  -23.459979
     -46.662493  -23.459477
     -46.663006  -23.458949
     -46.663333  -23.458639
     -46.663433  -23.458412
     -46.663065  -23.458551
     -46.662444  -23.458488
     -46.661902  -23.458424
     -46.661600  -23.458116
     -46.661657  -23.457998
     -46.661592  -23.457858
     -46.661761  -23.457589
     -46.661837  -23.457439
     -46.661828  -23.457220
     -46.661675  -23.456838
     -46.661443  -23.456302
     -46.661156  -23.455706
     -46.660967  -23.455279
     -46.660933  -23.455035
     -46.661139  -23.454851
     -46.662295  -23.454371
     -46.662200  -23.454148
     -46.661842  -23.454020
     -46.660518  -23.453781
     -46.660222  -23.453975
     -46.659693  -23.454629
     -46.659457  -23.454687
     -46.658959  -23.454429
     -46.658503  -23.454238
     -46.657138  -23.454076
     -46.656145  -23.455013
     -46.655978  -23.455438
     -46.655604  -23.455592
     -46.654626  -23.455396
     -46.654039  -23.455706
     -46.653680  -23.455770
     -46.653262  -23.455571
     -46.652988  -23.455371
     -46.652425  -23.455173
     -46.652283  -23.454260
     -46.652186  -23.454126
     -46.651800  -23.451085
     -46.652937  -23.448939
     -46.652143  -23.448053
     -46.652433  -23.447374
     -46.652422  -23.446380
     -46.653860  -23.445996
     -46.654182  -23.444510
     -46.653334  -23.443210
     -46.654149  -23.441980
     -46.654364  -23.440681
     -46.654997  -23.439785
     -46.654353  -23.438387
     -46.652583  -23.437501
     -46.651832  -23.436586
     -46.651596  -23.435660
     -46.651092  -23.434902
     -46.651167  -23.432500
     -46.653001  -23.430679
     -46.654246  -23.430797
     -46.654825  -23.430473
     -46.650876  -23.428795
     -46.639240  -23.427110
     -46.631687  -23.427672
     -46.630666  -23.425798
     -46.627030  -23.423525
     -46.622864  -23.422736
     -46.621316  -23.421426
     -46.620128  -23.422303
     -46.619862  -23.423904
     -46.620506  -23.425070
     -46.619581  -23.426789
     -46.619993  -23.427618
     -46.619546  -23.429533
     -46.618953  -23.430691
     -46.618900  -23.432028
     -46.618668  -23.433853
     -46.619093  -23.434786
     -46.619136  -23.435899
     -46.618521  -23.437555
     -46.617034  -23.438648
     -46.616192  -23.438697
     -46.616180  -23.441154
     -46.616542  -23.441527
     -46.616169  -23.441708
     -46.615343  -23.442879
     -46.615381  -23.443154
     -46.615760  -23.443391
     -46.617410  -23.443401
     -46.617851  -23.443576
     -46.621514  -23.443195
     -46.622748  -23.443029
     -46.623265  -23.442991
     -46.624030  -23.443418
     -46.625507  -23.443933
     -46.625673  -23.444287
     -46.625689  -23.444695
     -46.625794  -23.445026
     -46.626129  -23.445266
     -46.627064  -23.445673
     -46.627526  -23.446577
     -46.627371  -23.446722
     -46.627212  -23.447050
     -46.627240  -23.447316
     -46.627626  -23.448022
     -46.627523  -23.448657
     -46.627821  -23.450007
     -46.628051  -23.450945
     -46.628264  -23.451898
     -46.628437  -23.452316
     -46.628809  -23.452821
     -46.628992  -23.453396
     -46.629403  -23.454792
     -46.629687  -23.455543
     -46.629845  -23.456015
     -46.629399  -23.457097
     -46.628790  -23.458413
     -46.628718  -23.458753
     -46.629138  -23.459791
     -46.629637  -23.461023
     -46.629656  -23.461983
     -46.629486  -23.462456
     -46.629371  -23.463363
     -46.629313  -23.464074
     -46.629442  -23.464490
     -46.629836  -23.465106
     -46.630027  -23.466034
     -46.630319  -23.466382
     -46.630617  -23.466569
     -46.630944  -23.467063
     -46.630858  -23.467756
     -46.630724  -23.468437
     -46.630519  -23.469461
     -46.630471  -23.470038
     -46.630345  -23.470396
     -46.629921  -23.470841
     -46.629817  -23.471207
     -46.629937  -23.471850
     -46.630331  -23.472736
     -46.630354  -23.473203
     -46.631955  -23.473069 
     -46.633218  -23.473052
     -46.634887  -23.473723
     -46.636461  -23.474372
     -46.637532  -23.474786
     -46.638488  -23.475341
     -46.639427  -23.475821
     -46.641112  -23.476653
     -46.642914  -23.477526
     -46.643741  -23.478123
     -46.644265  -23.478560
     -46.645127  -23.479258
     -46.645563  -23.479783
     -46.646264  -23.481133
     -46.646588  -23.481545
     -46.647409  -23.482232
     -46.646332  -23.482873
     -46.645125  -23.483808
     -46.643779  -23.483749
     -46.642244  -23.483953
     -46.641896  -23.484594
     -46.641476  -23.484818
     -46.641165  -23.485405
     -46.640712  -23.485661
     -46.640307  -23.486136
     -46.640231  -23.486446
     -46.641013  -23.486628
     -46.643665  -23.486718
     -46.645645  -23.486863
     -46.646800  -23.487248
     -46.647847  -23.488001
     -46.649164  -23.488191
     -46.651493  -23.488595
     -46.652191  -23.488005
     -46.652619  -23.487382
     -46.652904  -23.486304
     -46.652961  -23.485566
     -46.653241  -23.484905
     -46.653260  -23.484429
     -46.654080  -23.483277
     -46.654672  -23.482470
     -46.655589  -23.481659
     -46.656355  -23.480483
     -46.656652  -23.480323
     -46.656701  -23.480394 
     -46.656986  -23.480332
     -46.657550  -23.480680
     -46.657833  -23.480723
     -46.658029  -23.480585
     -46.658174  -23.480268
     -46.658138  -23.480006
     -46.659625  -23.479700
     -46.660454  -23.479984
     -46.661587  -23.479944
     -46.661986  -23.479676
     -46.662515  -23.478746
     -46.662572  -23.478254
     -46.662572  -23.477675
     -46.662870  -23.477145
     -46.663036  -23.476499
     -46.663120  -23.476333
END
END