vilasantamaria_40
first_area
     -46.689684  -23.509123
     -46.684648  -23.509996
     -46.682438  -23.510873
     -46.680363  -23.512553
     -46.678333  -23.513653
     -46.675482  -23.514149
     -46.668192  -23.515001
     -46.666710  -23.515218
     -46.666541  -23.513927
     -46.666347  -23.512964
     -46.666198  -23.511866
     -46.666028  -23.510781
     -46.665886  -23.509680
     -46.665844  -23.509479
     -46.665560  -23.509237
     -46.665457  -23.509014
     -46.665524  -23.508846
     -46.665707  -23.508694
     -46.665943  -23.508672
     -46.666122  -23.508734
     -46.666621  -23.507897
     -46.666908  -23.507362
     -46.667235  -23.506819
     -46.666811  -23.506604
     -46.666578  -23.506551
     -46.666249  -23.506508
     -46.665910  -23.506538
     -46.665688  -23.506547
     -46.665224  -23.506693
     -46.664578  -23.506794
     -46.664320  -23.506758
     -46.663878  -23.506196
     -46.663454  -23.505674
     -46.662991  -23.505199
     -46.662578  -23.504797
     -46.663154  -23.504328
     -46.662984  -23.503210
     -46.662810  -23.501900
     -46.662651  -23.500868
     -46.662559  -23.500144
     -46.662486  -23.499553
     -46.662443  -23.499278
     -46.662350  -23.499131
     -46.662200  -23.498969
     -46.661567  -23.498283
     -46.661068  -23.497897
     -46.661013  -23.497802
     -46.660908  -23.497547
     -46.660900  -23.497153
     -46.661090  -23.496464
     -46.661296  -23.495635
     -46.661400  -23.495251
     -46.661616  -23.494487
     -46.661855  -23.493584
     -46.662076  -23.492769
     -46.662278  -23.492033
     -46.662437  -23.491464
     -46.662905  -23.490698
     -46.663485  -23.489844
     -46.663610  -23.489397
     -46.663785  -23.488544
     -46.664485  -23.488044
     -46.664785  -23.487537
     -46.664784  -23.487375
     -46.664934  -23.486058
     -46.664723  -23.485627
     -46.664051  -23.484229
     -46.663057  -23.483545
     -46.662786  -23.483254
     -46.662074  -23.482338
     -46.661655  -23.481831
     -46.661379  -23.481483
     -46.660342  -23.480935
     -46.660380  -23.480417
     -46.660396  -23.479982
     -46.660704  -23.479987
     -46.661699  -23.479864
     -46.661954  -23.479697
     -46.662536  -23.478784
     -46.662557  -23.478346
     -46.662469  -23.477790
     -46.662850  -23.477185
     -46.663040  -23.476496
     -46.663115  -23.476330
     -46.663364  -23.476168
     -46.664231  -23.476205
     -46.665514  -23.476260
     -46.666316  -23.476288
     -46.667673  -23.476356
     -46.669083  -23.476448
     -46.670602  -23.476496
     -46.670803  -23.476698
     -46.671444  -23.477703
     -46.671897  -23.478378
     -46.672828  -23.479683
     -46.672974  -23.479827
     -46.673147  -23.479878
     -46.673350  -23.479749
     -46.673395  -23.480072
     -46.673542  -23.480467
     -46.673738  -23.480786
     -46.674058  -23.481142
     -46.674428  -23.481421
     -46.675182  -23.481756
     -46.675897  -23.482108
     -46.677595  -23.482898
     -46.678761  -23.483529
     -46.679126  -23.483827
     -46.680022  -23.484770
     -46.681026  -23.485840
     -46.682298  -23.487221
     -46.683581  -23.488586
     -46.684239  -23.489239
     -46.684659  -23.489830
     -46.684852  -23.490212
     -46.685099  -23.490970
     -46.685217  -23.491330
     -46.685201  -23.491734
     -46.685197  -23.492081
     -46.685157  -23.492292
     -46.685028  -23.492807
     -46.684806  -23.493945
     -46.684554  -23.495024
     -46.684346  -23.495868
     -46.684331  -23.496378
     -46.684333  -23.496696
     -46.684403  -23.497115
     -46.684498  -23.497519
     -46.684775  -23.498120
     -46.685777  -23.499576
     -46.686243  -23.500265
     -46.686757  -23.501324
     -46.687150  -23.502148
     -46.687939  -23.503830
     -46.688584  -23.504951
     -46.688724  -23.505390
     -46.688963  -23.506375
     -46.689148  -23.506935
     -46.689243  -23.507444
     -46.689625  -23.509101
END
END