parquesaolucas_42
first_area
     -46.548273  -23.577388
     -46.547770  -23.577514
     -46.546852  -23.577716
     -46.545420  -23.578109
     -46.543849  -23.578475
     -46.542422  -23.578838
     -46.540700  -23.579273
     -46.540518  -23.579275
     -46.540146  -23.579682
     -46.539829  -23.579976
     -46.539220  -23.580404
     -46.538798  -23.580689
     -46.538133  -23.581132
     -46.537513  -23.581598
     -46.537177  -23.581818
     -46.536682  -23.581991
     -46.536155  -23.582173
     -46.535863  -23.582361
     -46.535532  -23.582720
     -46.535270  -23.583051
     -46.534990  -23.583427
     -46.534666  -23.583833
     -46.534461  -23.584048
     -46.533942  -23.584688
     -46.533566  -23.585510
     -46.533244  -23.586104
     -46.532817  -23.586810
     -46.532482  -23.587379
     -46.532369  -23.587713
     -46.532100  -23.589600
     -46.532050  -23.590104
     -46.531741  -23.590583
     -46.531092  -23.591026
     -46.530395  -23.591369
     -46.528974  -23.592588
     -46.528223  -23.593281
     -46.527141  -23.594329
     -46.526681  -23.594534
     -46.525844  -23.594689
     -46.524942  -23.594960
     -46.524601  -23.595218
     -46.524347  -23.595532
     -46.525409  -23.595814
     -46.526683  -23.596172
     -46.528535  -23.596673
     -46.530922  -23.597349
     -46.531888  -23.597552
     -46.532454  -23.597389
     -46.532962  -23.597223
     -46.533960  -23.596895
     -46.534486  -23.596717
     -46.535024  -23.596456
     -46.535533  -23.596143
     -46.536541  -23.595462
     -46.537306  -23.594935
     -46.537640  -23.594654
     -46.538193  -23.594142
     -46.539000  -23.593312
     -46.539573  -23.592747
     -46.540206  -23.591998
     -46.540458  -23.591467
     -46.541281  -23.590903
     -46.541666  -23.590645
     -46.542029  -23.590305
     -46.542559  -23.589531
     -46.542907  -23.589093
     -46.543331  -23.588564
     -46.543843  -23.587841
     -46.544159  -23.587356
     -46.544539  -23.586919
     -46.545116  -23.586273
     -46.545642  -23.585313
     -46.546227  -23.584932
     -46.547050  -23.584084
     -46.547445  -23.583649
     -46.548295  -23.583413
     -46.549207  -23.583066
     -46.550113  -23.582712
     -46.551476  -23.582206
     -46.552647  -23.581818
     -46.554275  -23.581458
     -46.555534  -23.581086
     -46.557577  -23.580867
     -46.559847  -23.580692
     -46.561542  -23.581016
     -46.563173  -23.581390
     -46.562866  -23.582531
     -46.562821  -23.582771
     -46.563010  -23.582846
     -46.563757  -23.583725
     -46.563950  -23.584042
     -46.564469  -23.584702
     -46.564018  -23.585754
     -46.563590  -23.586713
     -46.563342  -23.587243
     -46.562571  -23.588212
     -46.562013  -23.588882
     -46.561418  -23.589579
     -46.560882  -23.590235
     -46.560515  -23.590644
     -46.560082  -23.591212
     -46.559360  -23.592065
     -46.559017  -23.592494
     -46.559701  -23.592956
     -46.560110  -23.593181
     -46.559905  -23.593567
     -46.559626  -23.594046
     -46.558276  -23.594583
     -46.557453  -23.594928
     -46.556928  -23.595228
     -46.556659  -23.595455
     -46.556420  -23.595863
     -46.556273  -23.596194
     -46.557727  -23.595716
     -46.558115  -23.595669
     -46.558437  -23.595911
     -46.558645  -23.596255
     -46.558874  -23.596723
     -46.559250  -23.597165
     -46.559441  -23.597342
     -46.560215  -23.597580
     -46.560709  -23.597753
     -46.561304  -23.597769
     -46.562205  -23.597544
     -46.563036  -23.597343
     -46.563794  -23.597345
     -46.565248  -23.597352
     -46.565942  -23.598292
     -46.566156  -23.598639
     -46.566400  -23.598838
     -46.566813  -23.598908
     -46.567847  -23.598742
     -46.568297  -23.598869
     -46.568557  -23.599047
     -46.568753  -23.599358
     -46.568791  -23.599621
     -46.568739  -23.600082
     -46.568933  -23.601037
     -46.569089  -23.601916
     -46.569122  -23.602684
     -46.569393  -23.604229
     -46.567497  -23.605488
     -46.565882  -23.606814
     -46.563083  -23.608524
     -46.560566  -23.610037
     -46.557629  -23.611787
     -46.557002  -23.611885
     -46.555242  -23.610922
     -46.554263  -23.610290
     -46.553558  -23.608943
     -46.552592  -23.607754
     -46.551056  -23.606128
     -46.550442  -23.605577
     -46.549710  -23.605413
     -46.548959  -23.605408
     -46.548293  -23.605617
     -46.547883  -23.606027
     -46.546628  -23.605668
     -46.545079  -23.607638
     -46.544597  -23.608098
     -46.543595  -23.606259
     -46.542678  -23.604498
     -46.542507  -23.604056
     -46.542492  -23.603323
     -46.542655  -23.602854
     -46.542031  -23.602655
     -46.540673  -23.602237
     -46.539847  -23.601645
     -46.539512  -23.601242
     -46.539239  -23.600606
     -46.538963  -23.599598
     -46.538662  -23.598576
     -46.539106  -23.598331
     -46.540575  -23.597831
     -46.541101  -23.597510
     -46.540367  -23.597008
     -46.539586  -23.596439
     -46.538853  -23.595908
     -46.538302  -23.595512
     -46.537984  -23.595298
     -46.537732  -23.595180
     -46.537863  -23.595047
     -46.537645  -23.594649
     -46.537290  -23.594927
     -46.536713  -23.595351
     -46.535998  -23.595851
     -46.535385  -23.594595
     -46.534972  -23.593656
     -46.534413  -23.592503
     -46.534025  -23.591562
     -46.533756  -23.591012
     -46.533208  -23.589826
     -46.532804  -23.589001
     -46.532330  -23.588063
     -46.532402  -23.587532
     -46.533011  -23.586474
     -46.533693  -23.585249
     -46.534012  -23.584559
     -46.534796  -23.583663
     -46.535280  -23.583027
     -46.535528  -23.582722
     -46.535853  -23.582370
     -46.536140  -23.582170
     -46.536640  -23.581989
     -46.537196  -23.581805
     -46.537861  -23.581315
     -46.538666  -23.580767
     -46.539397  -23.580293
     -46.539835  -23.579972
     -46.540493  -23.579276
     -46.541797  -23.578996
     -46.542371  -23.578841
     -46.543839  -23.578474
     -46.545404  -23.578101
     -46.546841  -23.577723
     -46.547748  -23.577507
     -46.548272  -23.577384
END
END
    
    
