capaoredondo_v
first_area
     -46.792768         -23.656136
     -46.791615         -23.652252
     -46.791056         -23.652010
     -46.790739         -23.651686
     -46.790760         -23.651445
     -46.791879         -23.649485
     -46.791696         -23.649303
     -46.791041         -23.647885
     -46.790112         -23.647278
     -46.789352         -23.647274
     -46.787512         -23.648222
     -46.784891         -23.645769
     -46.784669         -23.645400
     -46.784546         -23.644883
     -46.783816         -23.643832
     -46.781499         -23.642004
     -46.781306         -23.641827
     -46.780485         -23.639591
     -46.779836         -23.639124
     -46.780098         -23.640680
     -46.780169         -23.641350
     -46.779836         -23.642264
     -46.778978         -23.648225
     -46.779453         -23.649729
     -46.778364         -23.652475
     -46.777146         -23.653760
     -46.776589         -23.655404 
     -46.776170         -23.657139
     -46.774858         -23.658763
     -46.774666         -23.659578
     -46.771882         -23.660190 
     -46.770204         -23.659827
     -46.767984         -23.660663
     -46.768889         -23.661845
     -46.769040         -23.662014
     -46.769415         -23.663042
     -46.771472         -23.666390
     -46.772710         -23.666975
     -46.772998         -23.667319
     -46.773096         -23.667713
     -46.773090         -23.667918
     -46.772562         -23.668044
     -46.771835         -23.667985
     -46.769659         -23.668971
     -46.769111         -23.669090
     -46.767274         -23.670124
     -46.767009         -23.670057
     -46.763527         -23.670177
     -46.762025         -23.669882
     -23.670339         -46.760979
     -46.760350         -23.670840
     -46.759981         -23.671416
     -46.759795         -23.672842
     -46.759088         -23.674334
     -46.758825         -23.675763
     -46.757197         -23.675594
     -46.756653         -23.675456
     -46.756815         -23.675578
     -46.758329         -23.676957
     -46.759164         -23.677205
     -46.760215         -23.676774
     -46.761897         -23.677314
     -46.761811         -23.677490
     -46.768479         -23.683054
     -46.769702         -23.683722
     -46.770292         -23.685805
     -46.776144         -23.691989
     -46.777421         -23.692274
     -46.779312         -23.693412
     -46.779834         -23.694441
     -46.779276         -23.697688
     -46.779362         -23.698415
     -46.779966         -23.699070
     -46.780183         -23.699265
     -46.780650         -23.699926
     -46.781567         -23.700511
     -46.781776         -23.700860
     -46.782025         -23.701668
     -46.782194         -23.701901
     -46.783144         -23.702505
     -46.784088         -23.702181
     -46.786327         -23.699711
     -46.786870         -23.699566
     -46.787535         -23.699692
     -46.788112         -23.699938
     -46.791119         -23.701935
     -46.791912         -23.701666
     -46.792377         -23.701109
     -46.793815         -23.700726
     -46.794448         -23.701266
     -46.794738         -23.701885
     -46.796862         -23.702455
     -46.798782         -23.701571
     -46.799318         -23.700559
     -46.801608         -23.698553
     -46.801390         -23.697846
     -46.802005         -23.692582
     -46.801252         -23.692029
     -46.801651         -23.691038
     -46.801565         -23.689696
     -46.802034         -23.688427
     -46.802412         -23.687457
     -46.802577         -23.686455 
     -46.797642         -23.683544
     -46.797412         -23.683174
     -46.797338         -23.682504
     -46.796370         -23.681055
     -46.796116         -23.679950
     -46.795754         -23.679311
     -46.796662         -23.679356
     -46.798257         -23.677914
     -46.798948         -23.676826
     -46.798696         -23.676403
     -46.798586         -23.675496
     -46.798539         -23.675114
     -46.798013         -23.674743
     -46.796401         -23.672167
     -46.795482         -23.670173
     -46.795072         -23.668192
     -46.795485         -23.665305
     -46.794339         -23.662991
     -46.794402         -23.659681
     -46.794197         -23.658996
     -46.793253         -23.657984
     -46.793166         -23.656993
END
END
