cidadedutra_v
first_area
     -46.701526         -23.701192
     -46.702840         -23.706112
     -46.703226         -23.706083
     -46.703575         -23.706235
     -46.706354         -23.708398
     -46.707061         -23.709008
     -46.708509         -23.709755
     -46.710863         -23.711316
     -46.710511         -23.711980
     -46.710082         -23.712427
     -46.703568         -23.717805
     -46.702821         -23.717932
     -46.699372         -23.717580
     -46.698943         -23.717556
     -46.698248         -23.719610
     -46.696424         -23.721473
     -46.695088         -23.722116
     -46.693132         -23.722009
     -46.692059         -23.722100
     -46.690613         -23.721773
     -46.689744         -23.721513
     -46.688869         -23.721491
     -46.688465         -23.723249
     -46.684468         -23.727827
     -46.683990         -23.727985
     -46.683333         -23.727760
     -46.682925         -23.727737
     -46.682649         -23.728152
     -46.682048         -23.728221
     -46.681015         -23.728233
     -46.680548         -23.728501
     -46.680054         -23.729515
     -46.679402         -23.730203
     -46.670847         -23.728743
     -46.665185         -23.718500
     -46.673244         -23.704408
     -46.671402         -23.700527
     -46.674112         -23.702797
     -23.699937         -46.684425
     -46.688148         -23.697903
     -46.695358         -23.687347
     -46.696806         -23.688143
     -46.697407         -23.689017
     -46.699963         -23.695796
     -46.701283         -23.700502
     -46.701798         -23.700414
     -46.702012         -23.701068

END
END
