saomateus_49
first_area
     -46.490981  -23.582300
     -46.489564  -23.584044
     -46.488307  -23.585717
     -46.487417  -23.586474
     -46.486189  -23.586901
     -46.483475  -23.586918
     -46.482301  -23.587272
     -46.481733  -23.587740
     -46.480555  -23.589080
     -46.479291  -23.589834
     -46.477666  -23.590291
     -46.476499  -23.591045
     -46.475421  -23.591837
     -46.473280  -23.592615
     -46.469618  -23.592807
     -46.467135  -23.593051
     -46.465910  -23.594082
     -46.464319  -23.594539
     -46.462866  -23.595386
     -46.461531  -23.596511
     -46.460586  -23.597813
     -46.459202  -23.597636
     -46.459288  -23.597169
     -46.457141  -23.594986
     -46.456019  -23.594018
     -46.453471  -23.593757
     -46.452649  -23.594522
     -46.452094  -23.595736
     -46.450863  -23.595084
     -46.448126  -23.594540
     -46.446800  -23.594582
     -46.446092  -23.594746
     -46.444197  -23.594749
     -46.442647  -23.594700
     -46.440522  -23.595014
     -46.436225  -23.596198
     -46.435331  -23.596733
     -46.434526  -23.597604
     -46.432673  -23.600475
     -46.430284  -23.603205
     -46.427920  -23.606044
     -46.426935  -23.607764
     -46.425514  -23.611158
     -46.424924  -23.612398
     -46.423401  -23.613854
     -46.422972  -23.615617
     -46.423366  -23.617964
     -46.423552  -23.619319
     -46.425430  -23.619810
     -46.426363  -23.620862
     -46.428605  -23.621993
     -46.430225  -23.621079
     -46.430483  -23.621953
     -46.429861  -23.622484
     -46.430408  -23.623182     
     -46.431051  -23.624804
     -46.432650  -23.623290
     -46.435031  -23.622378
     -46.439732  -23.619510
     -46.442366  -23.621469
     -46.444958  -23.623589
     -46.445967  -23.622718
     -46.447511  -23.622508
     -46.449776  -23.622683
     -46.452481  -23.621117
     -46.454044  -23.620813
     -46.455524  -23.619895
     -46.456621  -23.619726
     -46.458937  -23.621193
     -46.459664  -23.621175
     -46.460053  -23.620754
     -46.460480  -23.619772
     -46.461303  -23.619755
     -46.462114  -23.621421
     -46.462215  -23.622350
     -46.461545  -23.624074
     -46.461647  -23.624968
     -46.462445  -23.625600
     -46.463338  -23.625395
     -46.464103  -23.624775
     -46.466298  -23.621105
     -46.468116  -23.619498
     -46.468403  -23.618802
     -46.468531  -23.617434
     -46.469341  -23.616031
     -46.471503  -23.613840
     -46.473430  -23.612162
     -46.475006  -23.611829
     -46.475216  -23.611432
     -46.475544  -23.611292
     -46.475898  -23.611292
     -46.476662  -23.610284
     -46.477931  -23.608325
     -46.479330  -23.606308
     -46.483024  -23.602040
     -46.485008  -23.599684
     -46.486724  -23.597714
     -46.487630  -23.595715
     -46.489352  -23.591173
     -46.491055  -23.586513
     -46.492134  -23.584175
     -46.492099  -23.583745
     -46.491930  -23.583113
     -46.491316  -23.582535
     -46.491002  -23.582316
END
END