itaimpaulista_v
first_area
     -46.402929  -23.515584
     -46.402887  -23.516174
     -46.402692  -23.516520
     -46.400343  -23.519121
     -46.399978  -23.519680
     -46.399743  -23.520421
     -46.399915  -23.520474
     -46.399422  -23.520470
     -46.399298  -23.520421
     -46.398720  -23.520405
     -46.398476  -23.520358
     -46.398221  -23.520171
     -46.398120  -23.520201
     -46.396440  -23.522145
     -46.395692  -23.521777
     -46.395198  -23.521561
     -46.394938  -23.521529
     -46.393438  -23.521616
     -46.391591  -23.521650
     -46.391209  -23.521633
     -46.390775  -23.521544
     -46.390212  -23.521310
     -46.389952  -23.521167
     -46.389802  -23.520944
     -46.389781  -23.520783
     -46.389653  -23.520631
     -46.389587  -23.520592
     -46.389527  -23.520542
     -46.389401  -23.520534
     -46.389309  -23.520591
     -46.388795  -23.521072
     -46.388612  -23.521209
     -46.388467  -23.521271
     -46.388284  -23.521263
     -46.386806  -23.521024
     -46.386390  -23.522512
     -46.386106  -23.522889
     -46.385837  -23.523072
     -46.384937  -23.523239
     -46.384032  -23.523668
     -46.383449  -23.522524
     -46.382775  -23.519105
     -46.379376  -23.516434
     -46.375977  -23.515320
     -46.374278  -23.513762
     -46.375492  -23.513094
     -46.373064  -23.511314
     -46.370151  -23.511536
     -46.366024  -23.512427
     -46.366024  -23.508197
     -46.367238  -23.499292
     -46.370151  -23.497288
     -46.369908  -23.494839
     -46.378162  -23.483039
     -46.378162  -23.481480
     -46.380094  -23.482185
     -46.385332  -23.484774
     -46.389715  -23.487091
     -46.390153  -23.487429
     -46.394917  -23.492244
     -46.396154  -23.493327
     -46.404367  -23.494121
     -46.404446  -23.494638
     -46.404819  -23.495249
     -46.404948  -23.495967
     -46.405045  -23.496459
     -46.405506  -23.497266
     -46.406143  -23.499952
     -46.405772  -23.502492
     -46.404841  -23.503172
     -46.404069  -23.504613
     -46.403619  -23.506014
     -46.402538  -23.507941
     -46.402297  -23.508563
     -46.402053  -23.509188
     -46.401729  -23.509707
     -46.400625  -23.511057
     -46.400807  -23.511490
     -46.402255  -23.512307
     -46.402319  -23.512681
     -46.402791  -23.515072  
     
END
END
