butantã_51
first_area
      -46.700992  -23.572174
      -46.701949  -23.571110
      -46.702773  -23.569422
      -46.703487  -23.567284
      -46.704106  -23.565426
      -46.704786  -23.563648
      -46.705908  -23.562073
      -46.707060  -23.560789
      -46.710240  -23.559108
      -46.711492  -23.558376
      -46.711875  -23.559067
      -46.712060  -23.559534
      -46.712080  -23.559896
      -46.712033  -23.560210
      -46.712035  -23.560564
      -46.712017  -23.561030
      -46.711999  -23.561574
      -46.711930  -23.562518
      -46.711904  -23.563089
      -46.711896  -23.563703
      -46.711879  -23.564291
      -46.711838  -23.564861
      -46.711814  -23.565463
      -46.712410  -23.565162
      -46.712663  -23.565060
      -46.712775  -23.565245
      -46.713091  -23.565378
      -46.713403  -23.565268
      -46.713547  -23.565050
      -46.713551  -23.564873
      -46.714624  -23.564367
      -46.716091  -23.563660
      -46.717373  -23.563043
      -46.718493  -23.562484
      -46.718765  -23.562569
      -46.719042  -23.562503
      -46.719252  -23.562534
      -46.720581  -23.563266
      -46.720680  -23.563408
      -46.720847  -23.563116
      -46.721134  -23.563052
      -46.721411  -23.563138
      -46.721580  -23.563391
      -46.721569  -23.563546
      -46.721854  -23.563722
      -46.722938  -23.564312
      -46.724236  -23.565008
      -46.725314  -23.565580
      -46.726872  -23.566450
      -46.728595  -23.567387
      -46.729282  -23.567720
      -46.729679  -23.567698
      -46.729950  -23.567734
      -46.730096  -23.567840
      -46.730180  -23.567969
      -46.730197  -23.568106
      -46.730315  -23.568260
      -46.730571  -23.568341
      -46.731232  -23.568312
      -46.731818  -23.568283
      -46.732274  -23.568426
      -46.732785  -23.568697
      -46.732655  -23.568841
      -46.732923  -23.569006
      -46.732925  -23.569099
      -46.733114  -23.569333
      -46.733600  -23.569486
      -46.733740  -23.569720
      -46.733985  -23.570022
      -46.734263  -23.570251
      -46.734726  -23.570476
      -46.734992  -23.570645
      -46.735250  -23.570990
      -46.735319  -23.571247
      -46.735186  -23.571716
      -46.735177  -23.571989
      -46.735236  -23.572676
      -46.735277  -23.573161
      -46.735385  -23.573604
      -46.735425  -23.573851
      -46.735525  -23.574021
      -46.735718  -23.573950
      -46.735766  -23.574019
      -46.735926  -23.574072
      -46.736295  -23.573985
      -46.736905  -23.573730
      -46.737309  -23.573633
      -46.737753  -23.573717
      -46.738736  -23.573994
      -46.738943  -23.574099
      -46.739111  -23.574235
      -46.739492  -23.574716
      -46.739708  -23.575001
      -46.740378  -23.575412
      -46.740899  -23.575635
      -46.741741  -23.576102
      -46.742287  -23.576350
      -46.743064  -23.576461
      -46.743852  -23.576599
      -46.744382  -23.576485
      -46.745017  -23.576023
      -46.745945  -23.575260
      -46.746771  -23.574535
      -46.747182  -23.574117
      -46.748097  -23.572496
      -46.748825  -23.571124
      -46.749147  -23.570532
      -46.749627  -23.569650
      -46.750083  -23.568824
      -46.750734  -23.567652
      -46.750941  -23.567310
      -46.752056  -23.566358
      -46.752284  -23.566121
      -46.752689  -23.566404
      -46.752859  -23.566530
      -46.753588  -23.566679
      -46.753923  -23.566727
      -46.754434  -23.566791
      -46.754482  -23.566089
      -46.755098  -23.565331
      -46.755184  -23.565225
      -46.754646  -23.564810
      -46.753884  -23.564260
      -46.753017  -23.563816
      -46.751716  -23.563471
      -46.751777  -23.563170
      -46.752247  -23.563315
      -46.753375  -23.563414
      -46.755333  -23.563389
      -46.756416  -23.563145
      -46.757773  -23.562306
      -46.759663  -23.561036
      -46.760590  -23.560624
      -46.761292  -23.560589
      -46.761675  -23.559680
      -46.763642  -23.558407
      -46.764420  -23.558909
      -46.764402  -23.559528
      -46.764214  -23.560516
      -46.764585  -23.560968
      -46.764723  -23.561331
      -46.764978  -23.562930
      -46.765080  -23.563137
      -46.765220  -23.563303
      -46.765415  -23.563444
      -46.765699  -23.563602
      -46.765996  -23.563781
      -46.767541  -23.563650
      -46.767678  -23.563281
      -46.768372  -23.563017
      -46.769024  -23.563076
      -46.769746  -23.563959
      -46.770888  -23.564258
      -46.771654  -23.565377
      -46.772558  -23.566786
      -46.773255  -23.567979
      -46.772704  -23.569863
      -46.774375  -23.570098
      -46.776048  -23.570200
      -46.776843  -23.570187
      -46.776742  -23.571289
      -46.776637  -23.571725
      -46.775767  -23.573632
      -46.775652  -23.573998
      -46.775149  -23.574448
      -46.774845  -23.575683
      -46.774352  -23.577352
      -46.774014  -23.578196
      -46.773718  -23.578658
      -46.772785  -23.578818
      -46.771981  -23.578728
      -46.770784  -23.578853
      -46.769412  -23.579253
      -46.768942  -23.579587
      -46.769302  -23.579871
      -46.769886  -23.580304
      -46.770059  -23.580656
      -46.770344  -23.580920
      -46.770776  -23.581264
      -46.769688  -23.581801
      -46.769836  -23.582381
      -46.770044  -23.583248
      -46.767772  -23.584397
      -46.765187  -23.585199
      -46.763437  -23.585344
      -46.761443  -23.585609
      -46.758154  -23.586307
      -46.755050  -23.586456
      -46.753517  -23.586442
      -46.749778  -23.586458
      -46.748323  -23.586143
      -46.746021  -23.585160
      -46.744866  -23.584886
      -46.741006  -23.585067
      -46.739144  -23.585008
      -46.736955  -23.584254
      -46.734761  -23.583371
      -46.733140  -23.582401
      -46.728951  -23.580472
      -46.728616  -23.579367
      -46.728222  -23.578943
      -46.726120  -23.578046
      -46.725111  -23.577674
      -46.722414  -23.576934
      -46.720400  -23.575720
      -46.720055  -23.575703
      -46.718549  -23.575835
      -46.717843  -23.575603
      -46.716842  -23.574881
      -46.715148  -23.574098
      -46.714572  -23.573922
      -46.711953  -23.573285
      -46.711921  -23.573396
      -46.711323  -23.573547
      -46.711111  -23.573452
      -46.709258  -23.574165
      -46.707587  -23.574772
      -46.707252  -23.574907
      -46.706973  -23.574902
      -46.706437  -23.573749
      -46.706268  -23.573459
      -46.705771  -23.573174
      -46.704563  -23.572601
      -46.704019  -23.572383
      -46.703161  -23.572113
      -46.702713  -23.572125
      -46.702094  -23.572306
      -46.701008  -23.572176
END
END