parquesaojose_v
first_area
     -46.584984      -23.528584
     -46.579068      -23.527128
     -46.576364      -23.526518
     -46.574637      -23.526498
     -46.571719      -23.526724
     -46.569895      -23.526301
     -46.566859      -23.524934
     -46.565078      -23.524009
     -46.563694      -23.523734
     -46.562589      -23.523645
     -46.560679      -23.523773
     -46.559756      -23.523734
     -46.558104      -23.523193
     -46.557305      -23.524728
     -46.556457      -23.525830
     -46.555588      -23.526843
     -46.553786      -23.529607
     -46.552149      -23.531894
     -46.551526      -23.532327
     -46.549920      -23.532937
     -46.548815      -23.533606
     -46.548343      -23.534786
     -46.553072      -23.535830
     -46.558233      -23.536882
     -46.562632      -23.537718
     -46.571395      -23.539308
     -46.574843      -23.540438
     -46.577911      -23.541015
     -46.579671      -23.541735
     -46.580527      -23.541902
     -46.581148      -23.539721
     -46.582017      -23.538206
     -46.584032      -23.530504
     -46.584912      -23.528610
END
END
