vilajacui_63
first_area
     -46.478018  -23.506954
     -46.475364  -23.505701
     -46.474232  -23.505214
     -46.472864  -23.504063
     -46.471619  -23.503104
     -46.470911  -23.501637
     -46.469505  -23.500150
     -46.468322  -23.499405
     -46.467638  -23.499004
     -46.467915  -23.497717
     -46.467995  -23.497131
     -46.468003  -23.496682
     -46.468140  -23.496051
     -46.468277  -23.495674
     -46.468452  -23.495439
     -46.468803  -23.495056
     -46.469204  -23.494727
     -46.470057  -23.494284
     -46.470292  -23.493970
     -46.470301  -23.493601
     -46.469980  -23.492159 
     -46.469763  -23.491523
     -46.469663  -23.490774
     -46.469623  -23.489899
     -46.469631  -23.489449
     -46.469469  -23.488852
     -46.469221  -23.488388
     -46.469233  -23.487783
     -46.469870  -23.486859
     -46.470296  -23.486623
     -46.470717  -23.486724
     -46.471627  -23.487285
     -46.471774  -23.486724
     -46.471532  -23.486054
     -46.471723  -23.485910
     -46.472373  -23.486126
     -46.472184  -23.485258
     -46.472540  -23.485119
     -46.473029  -23.485635
     -46.473202  -23.485570
     -46.472982  -23.484758
     -46.472891  -23.484300
     -46.472675  -23.483230
     -46.471745  -23.482913
     -46.470875  -23.482889
     -46.470122  -23.483042
     -46.469455  -23.481075
     -46.464934  -23.482600
     -46.460910  -23.482931
     -46.450524  -23.481312
     -46.443911  -23.479955
     -46.443827  -23.482703
     -46.443942  -23.487998
     -46.444132  -23.488974
     -46.444532  -23.490200
     -46.444532  -23.490200
     -46.445302  -23.490759
     -46.445318  -23.490951
     -46.446230  -23.491347
     -46.447196  -23.491851
     -46.448525  -23.492522
     -46.449256  -23.492960
     -46.450303  -23.493675
     -46.450995  -23.494203
     -46.451760  -23.494919
     -46.452367  -23.495523
     -46.453176  -23.496454
     -46.452883  -23.496831
     -46.452457  -23.497435
     -46.452385  -23.497832
     -46.452266  -23.498197
     -46.452034  -23.498571
     -46.451865  -23.498802
     -46.450166  -23.498229
     -46.449829  -23.498199
     -46.448399  -23.498355
     -46.448129  -23.498468
     -46.447910  -23.498795
     -46.447870  -23.499250
     -46.448096  -23.500489
     -46.448222  -23.501485
     -46.448120  -23.502480
     -46.446825  -23.503997
     -46.446624  -23.504536
     -46.446455  -23.505385
     -46.446213  -23.506118
     -46.445781  -23.507053
     -46.445065  -23.508095
     -46.444499  -23.509431
     -46.443858  -23.510759
     -46.443601  -23.511507
     -46.443684  -23.512469
     -46.443783  -23.513376
     -46.451733  -23.513986
     -46.455198  -23.515235
     -46.461325  -23.515304
     -46.463749  -23.515294
     -46.468009  -23.516062
     -46.469632  -23.518678
     -46.470121  -23.519113
     -46.471050  -23.519388
     -46.474157  -23.518897
     -46.475401  -23.517182
     -46.476319  -23.516670
     -46.476998  -23.512117
     -46.477441  -23.509480
     -46.478018  -23.506947
END
END