cidadeaecarvalho_v
first_area
     -46.443790  -23.513531
     -46.443862  -23.514887
     -46.443657  -23.515844
     -46.443695  -23.516719
     -46.444127  -23.520756
     -46.444059  -23.520965
     -46.443432  -23.522008
     -46.443304  -23.522437
     -46.443409  -23.522946
     -46.443663  -23.523399
     -46.444835  -23.524148
     -46.445668  -23.525654
     -46.446309  -23.527081
     -46.446661  -23.527499
     -46.446282  -23.527869
     -46.448549  -23.530922
     -46.453433  -23.534701
     -46.454688  -23.535773
     -46.456651  -23.538478
     -46.458732  -23.539894
     -46.459590  -23.540238
     -46.462370  -23.539977
     -46.463084  -23.540089
     -46.465125  -23.540838
     -46.473399  -23.542660
     -46.474706  -23.543322
     -46.482736  -23.541951
     -46.485732  -23.539611
     -46.487139  -23.536667
     -46.488799  -23.535906
     -46.488799  -23.535906
     -46.490784  -23.535608
     -46.490909  -23.535436
     -46.491061  -23.535275
     -46.490873  -23.535144
     -46.490845  -23.535042
     -46.489866  -23.534623
     -46.489478  -23.534448
     -46.487343  -23.533159
     -46.486978  -23.532805
     -46.487740  -23.531546
     -46.489365  -23.528539
     -46.491290  -23.525667
     -46.493830  -23.523501
     -46.494659  -23.522664
     -46.495001  -23.521843
     -46.494229  -23.521600
     -46.494639  -23.521141
     -46.490800  -23.516160
     -46.490230  -23.515096
     -46.487678  -23.514839
     -46.486793  -23.514873
     -46.482864  -23.516611
     -46.480710  -23.517668
     -46.479686  -23.517319
     -46.478910  -23.516848
     -46.477727  -23.516641
     -46.476299  -23.516881
     -46.475612  -23.517228
     -46.474564  -23.518863
     -46.474060  -23.519099
     -46.471272  -23.519535
     -46.470011  -23.519138
     -46.469475  -23.518627
     -46.467843  -23.516245
     -46.463736  -23.515415
     -46.455484  -23.515292
     -46.454933  -23.515345
     -46.451869  -23.514172
     -46.444369  -23.513629          
END
END
