teotoniovilela_69
first_area
     -46.502151  -23.580255
     -46.503267  -23.581809
     -46.504372  -23.583632
     -46.504767  -23.584462
     -46.504901  -23.585602
     -46.505035  -23.586543
     -46.505372  -23.587266
     -46.506560  -23.589018
     -46.506803  -23.589837
     -46.506851  -23.591709
     -46.506828  -23.594303
     -46.506832  -23.595358
     -46.506916  -23.596277
     -46.507183  -23.596562
     -46.507346  -23.597362
     -46.507633  -23.597531
     -46.509882  -23.597310
     -46.510178  -23.597506
     -46.510618  -23.598018
     -46.511540  -23.598119
     -46.512857  -23.598275
     -46.513062  -23.598922
     -46.513225  -23.599323
     -46.514362  -23.599238
     -46.514772  -23.599413
     -46.513630  -23.599884
     -46.512473  -23.600385
     -46.512160  -23.600604
     -46.510336  -23.602983
     -46.509489  -23.604066
     -46.509207  -23.604611
     -46.508990  -23.604818
     -46.508041  -23.606169
     -46.507369  -23.607093
     -46.506647  -23.608302
     -46.505157  -23.609450
     -46.504406  -23.610053
     -46.504203  -23.610676
     -46.504484  -23.611673
     -46.504450  -23.612307
     -46.504111  -23.612960
     -46.503564  -23.613956
     -46.502788  -23.614690
     -46.502152  -23.614966
     -46.501637  -23.614895
     -46.501393  -23.616074
     -46.501159  -23.617297
     -46.501732  -23.618340
     -46.502444  -23.619667
     -46.503280  -23.621143
     -46.504221  -23.622764
     -46.504304  -23.623037
     -46.503832  -23.624258
     -46.503663  -23.624860
     -46.503808  -23.625586
     -46.502801  -23.625415
     -46.501173  -23.624544
     -46.500377  -23.623906
     -46.498711  -23.623761
     -46.497698  -23.624801
     -46.496780  -23.624740
     -46.495715  -23.624338
     -46.494554  -23.624794
     -46.493953  -23.625277
     -46.493087  -23.625334
     -46.492288  -23.624311
     -46.490404  -23.624683
     -46.489726  -23.624618
     -46.489321  -23.624149
     -46.488624  -23.623963
     -46.487948  -23.624020
     -46.486696  -23.622851
     -46.485127  -23.622987
     -46.484486  -23.623660
     -46.483730  -23.623913
     -46.482905  -23.623609
     -46.481798  -23.623830
     -46.480797  -23.623381
     -46.479572  -23.622592
     -46.479063  -23.621990
     -46.478594  -23.621079
     -46.478525  -23.619897
     -46.478411  -23.619201
     -46.478101  -23.618591
     -46.476997  -23.616857
     -46.476818  -23.616352
     -46.476827  -23.615415
     -46.476636  -23.614653
     -46.476854  -23.613869
     -46.476556  -23.612611
     -46.476285  -23.611721
     -46.476094  -23.611404
     -46.476266  -23.610979
     -46.477355  -23.609384
     -46.478557  -23.607592
     -46.479391  -23.606351
     -46.480633  -23.604835
     -46.482105  -23.603153
     -46.483579  -23.601431
     -46.484989  -23.599750
     -46.486255  -23.598224
     -46.487029  -23.597259
     -46.487423  -23.596360
     -46.488097  -23.594536
     -46.488655  -23.593012
     -46.489367  -23.591183
     -46.490232  -23.588922
     -46.491065  -23.586691
     -46.491738  -23.584997
     -46.492105  -23.584314
     -46.492715  -23.583982
     -46.493583  -23.583879
     -46.494731  -23.583571
     -46.496231  -23.583012
     -46.496777  -23.582710
     -46.497889  -23.581820
     -46.498908  -23.581100
     -46.499603  -23.580763
     -46.500902  -23.580311
     -46.501618  -23.580369
     -46.502031  -23.580340
     -46.502157  -23.580244
END
END