santacecilia_v
first_area
     -46.644324	 -23.545521
     -46.64663		 -23.545462 
     -46.652132	 -23.545272
     -46.652186	 -23.545374
     -46.655233	 -23.544220
     -46.656706	 -23.543632
     -46.658981	 -23.542304
     -46.661530	 -23.540526
     -46.661339	 -23.537598
     -46.661280	 -23.537097
     -46.658630	 -23.531933
     -46.658223	 -23.531091
     -46.654739	 -23.527895
     -46.648167	 -23.528225
     -46.643843	 -23.528727
     -46.641386	 -23.531245
     -46.638800	 -23.533960
     -46.637012	 -23.534668
     -46.637174	 -23.535060
     -46.639968	 -23.534907
     -46.640317	 -23.535052
     -46.640719	 -23.535340
     -46.646062	 -23.539156
     -46.646751	 -23.541008
     -46.647550	 -23.541556
     -46.647609	 -23.541782
     -46.646545	 -23.541776
     -46.645543	 -23.541770
     -46.645444	 -23.541861
     -46.645550	 -23.543868
     -46.644683	 -23.543886
     -46.644431         -23.543783
     -46.644372	 -23.544186
     -46.643591	 -23.544929
     -46.644270	 -23.545527

END
END
