vilapereirabarreto_87
first_area
     -46.719430  -23.507729
     -46.718534  -23.507635
     -46.717459  -23.507409
     -46.716441  -23.507337
     -46.715363  -23.507295
     -46.713822  -23.507424
     -46.711289  -23.507672
     -46.709820  -23.507801
     -46.707911  -23.507951
     -46.705780  -23.507883
     -46.705982  -23.506861
     -46.706221  -23.505967
     -46.706343  -23.505179
     -46.706457  -23.503715
     -46.706574  -23.502288
     -46.706670  -23.501247
     -46.706980  -23.499311
     -46.707080  -23.498555
     -46.707259  -23.497389
     -46.707505  -23.496817
     -46.708153  -23.495842
     -46.708841  -23.494839
     -46.709799  -23.493394
     -46.710021  -23.492499
     -46.710176  -23.491429
     -46.710334  -23.490533
     -46.710461  -23.489709
     -46.710583  -23.488983
     -46.710721  -23.487995
     -46.710893  -23.486866
     -46.710800  -23.486222
     -46.710090  -23.485330
     -46.709455  -23.484572
     -46.708898  -23.483704
     -46.708356  -23.482856
     -46.708260  -23.482459
     -46.708372  -23.481536
     -46.708186  -23.480701
     -46.707854  -23.479430
     -46.707562  -23.478641
     -46.707287  -23.478167
     -46.706185  -23.477354
     -46.704973  -23.476495
     -46.704273  -23.476082
     -46.704536  -23.474753
     -46.704682  -23.474064
     -46.704695  -23.472958
     -46.704703  -23.472509
     -46.705146  -23.472027
     -46.705402  -23.471958
     -46.705841  -23.471885
     -46.706442  -23.471852
     -46.707193  -23.471695
     -46.708132  -23.471785
     -46.708501  -23.471544
     -46.708600  -23.470888
     -46.708868  -23.470456
     -46.709189  -23.470033
     -46.709216  -23.469465
     -46.709253  -23.469132
     -46.708989  -23.468235
     -46.709039  -23.467770
     -46.710601  -23.467347
     -46.711514  -23.466320
     -46.712475  -23.465265
     -46.712845  -23.464531
     -46.713437  -23.464245
     -46.713796  -23.463856
     -46.714179  -23.462825
     -46.714354  -23.462239
     -46.715031  -23.461425
     -46.715239  -23.460933
     -46.715394  -23.460573
     -46.715955  -23.460680
     -46.716215  -23.460770
     -46.716665  -23.460838
     -46.716805  -23.461055 
     -46.717274  -23.461461
     -46.717496  -23.460816
     -46.717703  -23.460289
     -46.717859  -23.459757
     -46.718051  -23.459375
     -46.717892  -23.459144
     -46.717618  -23.459066
     -46.717377  -23.458622
     -46.717192  -23.458204
     -46.717916  -23.457904
     -46.718982  -23.458189
     -46.723891  -23.459119
     -46.730583  -23.459234
     -46.740152  -23.460720
     -46.740918  -23.461705
     -46.739735  -23.462611
     -46.738937  -23.463391
     -46.738910  -23.464136
     -46.736788  -23.465178
     -46.736853  -23.466450
     -46.736318  -23.468523
     -46.736309  -23.469760
     -46.735786  -23.469479
     -46.735028  -23.470550
     -46.735900  -23.472719
     -46.735557  -23.474373
     -46.736211  -23.475283
     -46.733944  -23.479434
     -46.732206  -23.483014
     -46.727250  -23.487710
     -46.727864  -23.488254
     -46.728682  -23.488538
     -46.729579  -23.488643
     -46.730742  -23.488161
     -46.732519  -23.488060
     -46.733857  -23.487961
     -46.735128  -23.487416
     -46.736343  -23.486989
     -46.737129  -23.486799
     -46.736792  -23.487966
     -46.736101  -23.489108
     -46.734457  -23.491055
     -46.732525  -23.493247
     -46.730801  -23.495503
     -46.729821  -23.496977
     -46.728752  -23.498660
     -46.727310  -23.500537
     -46.725399  -23.502728
     -46.723253  -23.505125
     -46.721763  -23.506592
     -46.720430  -23.507473
     -46.719443  -23.507719
END
END