cagesp_v
first_area
     -46.734555  -23.545877
     -46.731689  -23.543112
     -46.729809  -23.541179
     -46.728903  -23.540770
     -46.729428  -23.540339
     -46.728835  -23.539842
     -46.727857  -23.539338
     -46.725912  -23.537535
     -46.725000  -23.537063
     -46.722286  -23.537181
     -46.720430  -23.537358
     -46.719642  -23.536863
     -46.718947  -23.536062
     -46.716415  -23.535619
     -46.714286  -23.535305
     -46.713546  -23.533403
     -46.713072  -23.532326
     -46.712528  -23.531692
     -46.712904  -23.530530
     -46.713055  -23.529137
     -46.713200  -23.527691
     -46.713594  -23.523964
     -46.713530  -23.523310
     -46.713206  -23.522912
     -46.712750  -23.522553
     -46.712391  -23.522037
     -46.712202  -23.521564
     -46.712150  -23.520776
     -46.712089  -23.520623
     -46.711922  -23.520508
     -46.711499  -23.520380
     -46.713516  -23.514202
     -46.714492  -23.511398
     -46.715189  -23.509066
     -46.715339  -23.508564
     -46.718193  -23.508554
     -46.719899  -23.509292
     -46.721895  -23.511850
     -46.722818  -23.512912
     -46.723569  -23.513424
     -46.731339  -23.517791
     -46.732905  -23.518175
     -46.741864  -23.517890
     -46.743935  -23.518274
     -46.745652  -23.519287
     -46.746575  -23.520290
     -46.747805  -23.523110
     -46.748274  -23.529198
     -46.747963  -23.532926
     -46.745592  -23.535297
     -46.735029  -23.544754

     
END
END
