sé_v
first_area
     -46.627964         -23.541469
     -46.627137         -23.542249
     -46.626945         -23.542664
     -46.626323         -23.544848
     -46.626484         -23.547395
     -46.626420         -23.547710
     -46.625976         -23.548692
     -46.625156         -23.550748
     -46.625194         -23.551375
     -46.625434         -23.552142
     -46.625204         -23.554338     
     -46.626851         -23.554518
     -46.626398         -23.558378
     -46.626945         -23.558457
     -46.629520         -23.559883 
     -46.629750         -23.559801
     -46.632638         -23.560106
     -46.633159         -23.559993
     -46.635248         -23.561450
     -46.638778         -23.562040
     -46.636373         -23.557058
     -46.635998         -23.555651    
     -46.634884         -23.553163
     -46.635547         -23.552905
     -46.635442         -23.552054
     -46.635431         -23.551870
     -46.634972         -23.551806
     -46.633894         -23.549672
     -46.633642         -23.549206
     -46.633462         -23.549022
     -46.633030         -23.548945
     -46.633193         -23.549365
     -46.633515         -23.549820
     -46.632684         -23.550135
     -46.631928         -23.549872
     -46.631735         -23.550103
     -46.630792         -23.549901
     -46.631087         -23.549271
     -46.632062         -23.549400
     -46.632301         -23.548624
     -46.632991         -23.548876
     -46.633122         -23.548465
     -46.633645         -23.545173
     -46.633064         -23.544562 
     -46.632595         -23.544300
     -46.631121         -23.544175
     -46.630801         -23.544301
     -46.630957         -23.544097
     -46.630959         -23.543959
     -46.630704         -23.543371
     -46.629844         -23.543586
     -46.629742         -23.543756
     -46.629704         -23.543982
     -46.629076         -23.543372
     -46.628733         -23.543220
     -46.628111         -23.541622          
END

second_area
    -46.633119          -23.535572
    -46.633046          -23.535956
    -46.626823          -23.537608
    -46.629302          -23.543259
    -46.629416          -23.543702
    -46.629832          -23.543592
    -46.630698          -23.543373
    -46.630989          -23.544029
    -46.630815          -23.544297
    -46.631112          -23.544178
    -46.632614          -23.544311
    -46.633078          -23.544579
    -46.633636          -23.545157
    -46.633249          -23.548098
    -46.633001          -23.548884
    -46.632304          -23.548643
    -46.632079          -23.549397
    -46.631062          -23.549267
    -46.630783          -23.549769
    -46.631724          -23.550106
    -46.631885          -23.550313
    -46.633073          -23.549986
    -46.633511          -23.549815
    -46.633260          -23.549353
    -46.633650          -23.549219
    -46.634950          -23.551801
    -46.635449          -23.551894
    -46.637750          -23.552519
    -46.641377          -23.550864
    -46.641991          -23.550510
    -46.642296          -23.549735
    -46.640593          -23.549212
    -46.639584          -23.549163
    -46.638983          -23.548612
    -46.636435          -23.544618
    -46.635749          -23.543429
    -46.635282          -23.542682
    -46.634374          -23.541551
    -46.633966          -23.539643
    -46.633666          -23.535846
    -46.633548          -23.535462
    
END
END

