bomretiro_v
first_area
     -46.633063	 -23.535965
     -46.635264	 -23.535445
     -46.636914	 -23.535026
     -46.636814	 -23.534730
     -46.639622	 -23.533573
     -46.640872	 -23.532186 
     -46.642542	 -23.529618
     -46.644165	 -23.528399
     -46.646354	 -23.527809
     -46.648108	 -23.527830
     -46.648306	 -23.526916
     -46.649536	 -23.524772
     -46.652982	 -23.518890
     -46.653395	 -23.518412
     -46.653953	 -23.518068
     -46.654157	 -23.517611
     -46.654082	 -23.517134
     -46.645115	 -23.518316
     -46.642499	 -23.518681
     -46.637617	 -23.518809
     -46.630160	 -23.519291
     -46.630793	 -23.524820
     -46.631303	 -23.528285
     -46.631436	 -23.528720
     -46.633082	 -23.534575
     -46.633102	 -23.535555     
     
END
END
