camposelisios_v
first_area
     -46.633249         -23.535887 
     -46.636858         -23.535041
     -46.640305         -23.535024
     -46.646167         -23.539106 
     -46.646692         -23.540930
     -46.647515         -23.541499
     -46.647623         -23.541779
     -46.645528         -23.541774
     -46.645456         -23.541875
     -46.645526         -23.543874
     -46.644568         -23.543879
     -46.643538         -23.544961
     -46.646188         -23.547051
     -46.642717         -23.547968
     -46.642542         -23.548121
     -46.642290         -23.549737
     -46.640827         -23.549221
     -46.639439         -23.549129
     -46.636372         -23.544625
     -46.635612         -23.543258
     -46.635226         -23.542638
     -46.634282         -23.541409
     -46.634153         -23.541084
     -46.633659         -23.535964
    
END
END
