aclimacao_v
first_area
     -46.654859         -23.560940
     -46.655304         -23.560556
     -46.653671			-23.558392
     -46.653043			-23.558092
     -46.650221			-23.556509
     -46.650010			-23.556124
   	 -46.649683			-23.556021
   	 -46.649432			-23.555687
     -46.648644			-23.554924
     -46.646716			-23.551551
     -46.642221			-23.549751
     -46.641991			-23.550529
     -46.637746			-23.552511
     -46.635443			-23.551892
     -46.635568			-23.552904
     -46.634911			-23.553147
     -46.636018			-23.555460
     -46.636490			-23.557250
     -46.638413			-23.560693
     -46.638761			-23.562038
     -46.635281			-23.561462
     -46.633189			-23.559987
     -46.632813			-23.560071
     -46.632381			-23.566056
     -46.639067			-23.570988
     -46.639316			-23.573905
     -46.640708			-23.573514
 	 -46.641926			-23.573041
 	 -46.642983			-23.572231
 	 -46.643764			-23.571612
 	 -46.643912			-23.568501
 	 -46.644732			-23.566066
 	 -46.645231			-23.566497
 	 -46.647355			-23.565076
 	 -46.648332			-23.566459
 	 -46.654826			-23.560966

     
END
END
