socorro_102
first_area
     -46.695716  -23.687482
     -46.696693  -23.688046
     -46.697020  -23.688335
     -46.697266  -23.688688
     -46.697501  -23.689156
     -46.698060  -23.690971
     -46.698453  -23.692338
     -46.698850  -23.693382
     -46.699251  -23.694194
     -46.699890  -23.695546
     -46.700212  -23.696271
     -46.700850  -23.698669
     -46.701497  -23.701169
     -46.701960  -23.702921
     -46.702429  -23.704694
     -46.702639  -23.705147
     -46.702745  -23.705404
     -46.702748  -23.705705
     -46.702859  -23.706102
     -46.703233  -23.706072
     -46.703472  -23.706151
     -46.704020  -23.706633
     -46.704792  -23.707372
     -46.706202  -23.708263
     -46.707060  -23.709005
     -46.707829  -23.709449
     -46.708543  -23.709749
     -46.709181  -23.710144
     -46.710897  -23.711326
     -46.711616  -23.709842
     -46.712518  -23.707940
     -46.713569  -23.705765
     -46.714570  -23.703718
     -46.722545  -23.704243
     -46.724734  -23.681096
     -46.724905  -23.668598
     -46.722459  -23.659086
     -46.719927  -23.656727
     -46.712760  -23.661601
     -46.706881  -23.671546
     -46.702418  -23.678581
     -46.699328  -23.681882
     -46.695718  -23.687546
END
END
     