cohabitaquera_103
first_area
     -46.425072  -23.542528
     -46.424885  -23.542692
     -46.425319  -23.543362
     -46.425391  -23.543508
     -46.425487  -23.543981
     -46.425486  -23.544147
     -46.425397  -23.544666
     -46.425464  -23.544908
     -46.425577  -23.545124
     -46.425848  -23.545591
     -46.426162  -23.545974
     -46.426231  -23.546174
     -46.426417  -23.546937
     -46.426453  -23.547449
     -46.426340  -23.548166
     -46.425873  -23.549756
     -46.425377  -23.551260
     -46.424887  -23.552808
     -46.424095  -23.554381
     -46.423140  -23.556143
     -46.422394  -23.557564
     -46.420588  -23.559791
     -46.420239  -23.560771
     -46.419153  -23.562615
     -46.419706  -23.563014
     -46.420217  -23.563405
     -46.420895  -23.562640
     -46.421723  -23.563267
     -46.422577  -23.563873
     -46.423276  -23.563142
     -46.424096  -23.563745
     -46.424399  -23.563639
     -46.425623  -23.563881
     -46.426202  -23.563998
     -46.426496  -23.563598
     -46.426914  -23.563362
     -46.427403  -23.563298
     -46.427824  -23.563341
     -46.428530  -23.563499
     -46.428941  -23.563438
     -46.430023  -23.562891
     -46.430608  -23.562616
     -46.430923  -23.562658
     -46.431305  -23.563062
     -46.431554  -23.563291
     -46.432023  -23.563454
     -46.432313  -23.563410
     -46.433265  -23.562835
     -46.433662  -23.562960
     -46.433981  -23.563543
     -46.434244  -23.563577
     -46.434466  -23.563353
     -46.434882  -23.561320
     -46.435059  -23.560433
     -46.435230  -23.559802
     -46.435963  -23.559883
     -46.436357  -23.559843
     -46.437832  -23.559197
     -46.438133  -23.558604
     -46.438350  -23.558476
     -46.439042  -23.558641
     -46.441684  -23.558085
     -46.443282  -23.557748
     -46.444115  -23.557547
     -46.445095  -23.557033
     -46.445196  -23.556857
     -46.445211  -23.556475
     -46.444986  -23.555164
     -46.444930  -23.554666
     -46.444968  -23.553514
     -46.445070  -23.552032
     -46.445122  -23.550639
     -46.444977  -23.548817
     -46.445031  -23.548441
     -46.445576  -23.546112
     -46.445818  -23.545032
     -46.446350  -23.542867
     -46.446765  -23.541749
     -46.446481  -23.541678
     -46.445293  -23.541012
     -46.444355  -23.540476
     -46.443442  -23.539843
     -46.442475  -23.539245
     -46.441558  -23.538678
     -46.441940  -23.538108
     -46.442290  -23.537660
     -46.442806  -23.536973
     -46.443435  -23.536087
     -46.442502  -23.535473
     -46.441969  -23.535164
     -46.441242  -23.534750
     -46.440967  -23.535011
     -46.440801  -23.535012
     -46.440838  -23.534306
     -46.440905  -23.533514
     -46.440926  -23.533290
     -46.440953  -23.532675
     -46.441147  -23.532432
     -46.441190  -23.532091
     -46.441152  -23.532003
     -46.441220  -23.531935
     -46.441403  -23.531843
     -46.441816  -23.531569
     -46.442624  -23.531039
     -46.443714  -23.530613
     -46.444157  -23.530428
     -46.444379  -23.530381
     -46.444049  -23.530144
     -46.442768  -23.529335
     -46.441597  -23.528583
     -46.440343  -23.527801
     -46.439070  -23.527013
     -46.437882  -23.526273
     -46.437329  -23.526021
     -46.435545  -23.525351
     -46.435029  -23.525163
     -46.434203  -23.525077
     -46.433565  -23.525364
     -46.433119  -23.525929
     -46.432827  -23.526481
     -46.432520  -23.526345
     -46.431760  -23.527776
     -46.431005  -23.529362
     -46.430435  -23.530477
     -46.429900  -23.531927
     -46.429431  -23.533324
     -46.429312  -23.533895
     -46.428481  -23.534876
     -46.426376  -23.536152
     -46.425527  -23.536799
     -46.424650  -23.537814
     -46.423958  -23.538637
     -46.423556  -23.539119
     -46.423100  -23.539443
     -46.424081  -23.541002
     -46.425072  -23.542527
END
END