saomiguelpaulista_22
first_area
     -46.443796  -23.513594
     -46.443665  -23.512522
     -46.443600  -23.511530
     -46.444078  -23.510306
     -46.444582  -23.509248
     -46.444954  -23.508262
     -46.445415  -23.507564
     -46.445761  -23.507067
     -46.446029  -23.506585
     -46.446238  -23.506039
     -46.446512  -23.505119
     -46.446697  -23.504224
     -46.446939  -23.503865
     -46.447448  -23.503326
     -46.448060  -23.502625
     -46.448183  -23.502286
     -46.448218  -23.501508
     -46.448105  -23.500478
     -46.447864  -23.499312
     -46.447880  -23.498943
     -46.448014  -23.498574
     -46.448376  -23.498350
     -46.449956  -23.498206
     -46.450211  -23.498235
     -46.451877  -23.498799
     -46.452290  -23.498139
     -46.452376  -23.497827
     -46.452402  -23.497500
     -46.453092  -23.496558
     -46.452200  -23.495495
     -46.451212  -23.494521
     -46.449556  -23.493237
     -46.449266  -23.492950
     -46.447470  -23.492023
     -46.447122  -23.491792
     -46.445697  -23.491037
     -46.445338  -23.490936
     -46.445273  -23.490464
     -46.445556  -23.490446
     -46.445509  -23.490157
     -46.445210  -23.490153
     -46.444609  -23.490193
     -46.444476  -23.490173
     -46.444386  -23.489965
     -46.444312  -23.489687
     -46.444172  -23.489159
     -46.443084  -23.484715
     -46.441855  -23.479427
     -46.437456  -23.478354
     -46.436394  -23.475934
     -46.433487  -23.476337
     -46.431316  -23.477967
     -46.431380  -23.476211
     -46.429772  -23.475907
     -46.430027  -23.473648
     -46.426953  -23.471916
     -46.421975  -23.473058
     -46.417898  -23.476984
     -46.418889  -23.477660
     -46.421371  -23.479287
     -46.421569  -23.479469
     -46.420560  -23.479395
     -46.420456  -23.480579
     -46.420332  -23.481783
     -46.420257  -23.482592
     -46.420217  -23.483104
     -46.420135  -23.484140
     -46.420185  -23.484141
     -46.420097  -23.485211
     -46.420019  -23.486253
     -46.419924  -23.487298
     -46.419861  -23.488320
     -46.419778  -23.489390
     -46.419682  -23.490418
     -46.419622  -23.491443
     -46.419615  -23.491655
     -46.419506  -23.492858
     -46.418785  -23.492935
     -46.418810  -23.493820
     -46.418139  -23.493815
     -46.417985  -23.496380
     -46.417625  -23.496464
     -46.417661  -23.496594
     -46.417514  -23.497056
     -46.416978  -23.498522
     -46.417107  -23.499176
     -46.417181  -23.500225
     -46.417417  -23.501602
     -46.417492  -23.502180
     -46.417515  -23.505179
     -46.418099  -23.505596
     -46.418936  -23.505946
     -46.419421  -23.505016
     -46.420451  -23.505235
     -46.421191  -23.505432
     -46.423039  -23.505831
     -46.423069  -23.505710
     -46.423560  -23.505221
     -46.424006  -23.504705
     -46.424219  -23.504716
     -46.424862  -23.504655
     -46.424864  -23.504736
     -46.424968  -23.504890
     -46.425561  -23.505620
     -46.427214  -23.504889
     -46.428016  -23.504456
     -46.428587  -23.503869
     -46.428501  -23.503538
     -46.428990  -23.503359
     -46.429564  -23.504798
     -46.430645  -23.506432
     -46.431939  -23.508655
     -46.432326  -23.509489
     -46.431701  -23.511295
     -46.431956  -23.511590
     -46.432142  -23.511945
     -46.432362  -23.512174
     -46.432867  -23.512583
     -46.433166  -23.512710
     -46.433652  -23.512661
     -46.434809  -23.512225
     -46.436398  -23.511807
     -46.436654  -23.511684
     -46.437532  -23.511068
     -46.437769  -23.510741
     -46.439452  -23.511272
     -46.439753  -23.511421
     -46.440908  -23.512367
     -46.441115  -23.512623
     -46.441292  -23.513372
     -46.443787  -23.513536
END
END