ponterasa_24
first_area
     -46.502047  -23.512373
     -46.500992  -23.513736
     -46.500992  -23.513736
     -46.498990  -23.515361
     -46.497223  -23.514658
     -46.495755  -23.514244
     -46.493699  -23.514154
     -46.490252  -23.515110
     -46.490786  -23.516136
     -46.491762  -23.517356
     -46.492455  -23.518291
     -46.492432  -23.518966
     -46.492566  -23.519414
     -46.493500  -23.520651
     -46.494187  -23.521588
     -46.494699  -23.521704
     -46.494949  -23.521944
     -46.494721  -23.522751
     -46.493880  -23.523613
     -46.492092  -23.524947
     -46.491096  -23.526022
     -46.489965  -23.527639
     -46.488817  -23.529856
     -46.487969  -23.531450
     -46.487390  -23.532135
     -46.486993  -23.532807
     -46.487308  -23.533156
     -46.489461  -23.534456
     -46.490859  -23.535056
     -46.490984  -23.535707
     -46.494345  -23.535416
     -46.495767  -23.534978
     -46.497049  -23.534157
     -46.500166  -23.532012
     -46.502596  -23.530567
     -46.505391  -23.528545
     -46.507623  -23.527576
     -46.509726  -23.527473
     -46.513701  -23.528128
     -46.515708  -23.528945
     -46.518629  -23.530353
     -46.520301  -23.531095
     -46.522334  -23.531523
     -46.524630  -23.531680
     -46.524823  -23.530711
     -46.524991  -23.529596
     -46.523871  -23.526728
     -46.522957  -23.524389
     -46.522413  -23.523014
     -46.523579  -23.522783
     -46.524649  -23.522569
     -46.525431  -23.522449
     -46.526066  -23.522258
     -46.524158  -23.519339
     -46.522770  -23.517359
     -46.520988  -23.516354
     -46.520059  -23.515088
     -46.519481  -23.514584
     -46.517478  -23.513607
     -46.516177  -23.512977
     -46.514342  -23.512456
     -46.512877  -23.512313
     -46.510328  -23.511485
     -46.507548  -23.510442
     -46.506505  -23.510233
     -46.503061  -23.510845
     -46.502507  -23.511242
     -46.502268  -23.511659
     -46.502050  -23.512378
END
second_area
     -46.493677  -23.508209
     -46.491830  -23.507755
     -46.491817  -23.507963
     -46.491511  -23.508960
     -46.491112  -23.510350
     -46.491115  -23.510616
     -46.491511  -23.512131
     -46.491737  -23.512988
     -46.491932  -23.513532
     -46.492321  -23.513849
     -46.493013  -23.514181
     -46.493706  -23.513993
     -46.494704  -23.513972
     -46.495815  -23.514097
     -46.497264  -23.514532
     -46.499165  -23.515287
     -46.499681  -23.515152
     -46.500851  -23.513725
     -46.501594  -23.513012
     -46.502071  -23.512357
     -46.502347  -23.511492
     -46.503012  -23.510852
     -46.503559  -23.510626
     -46.505678  -23.510257
     -46.506580  -23.510277
     -46.507363  -23.510385
     -46.510302  -23.511438
     -46.512641  -23.512200
     -46.514396  -23.512446
     -46.516504  -23.513120
     -46.518058  -23.513862
     -46.519867  -23.514682
     -46.520080  -23.513694
     -46.520152  -23.513020
     -46.520546  -23.513076
     -46.521067  -23.511851
     -46.521157  -23.511458
     -46.521207  -23.511040
     -46.521428  -23.510241
     -46.521378  -23.509542
     -46.521366  -23.508680
     -46.521653  -23.507355
     -46.521879  -23.506501
     -46.522205  -23.505930
     -46.522690  -23.505521
     -46.523707  -23.504444
     -46.524517  -23.503465
     -46.524651  -23.502796
     -46.524560  -23.501522
     -46.524404  -23.499997
     -46.524425  -23.496435
     -46.531936  -23.496524
     -46.534232  -23.497045
     -46.535852  -23.498010
     -46.539714  -23.501807
     -46.542069  -23.504461
     -46.544022  -23.505956
     -46.546372  -23.506960
     -46.548518  -23.507308
     -46.548668  -23.506673
     -46.546129  -23.505900
     -46.543645  -23.503578
     -46.540630  -23.500326
     -46.537711  -23.497463
     -46.534811  -23.494859
     -46.533728  -23.493412
     -46.530133  -23.491725
     -46.528458  -23.490986
     -46.522937  -23.484731
     -46.520519  -23.484168
     -46.518823  -23.482381
     -46.514276  -23.480295
     -46.510933  -23.478802
     -46.507893  -23.481775
     -46.503118  -23.486375
     -46.501417  -23.487475
     -46.499839  -23.488501
     -46.498708  -23.489207
     -46.498716  -23.489567
     -46.498074  -23.490770
     -46.497072  -23.491688
     -46.496982  -23.492305
     -46.497312  -23.493226
     -46.497147  -23.494573
     -46.497007  -23.495888
     -46.496279  -23.497154
     -46.495240  -23.498789
     -46.494022  -23.499788
     -46.493821  -23.500440
     -46.494025  -23.501260
     -46.493976  -23.502603
     -46.493851  -23.503821
     -46.494204  -23.505588
     -46.494517  -23.506391
     -46.493676  -23.508208
END