campo_belo_27
first_area
     -46.658889  -23.600049
     -46.655338  -23.602836
     -46.652821  -23.607544
     -46.650224  -23.613851
     -46.648102  -23.618862
     -46.645962  -23.624268
     -46.644218  -23.628209
     -46.646273  -23.629433
     -46.646841  -23.630185
     -46.646911  -23.630897
     -46.646752  -23.631544
     -46.647310  -23.632827
     -46.647381  -23.634650
     -46.647455  -23.634862
     -46.647622  -23.635081
     -46.647996  -23.635268
     -46.648618  -23.635412
     -46.649976  -23.635682
     -46.650384  -23.635835
     -46.650755  -23.636064
     -46.651861  -23.636988
     -46.652758  -23.637760
     -46.653092  -23.637892
     -46.655438  -23.637817
     -46.655835  -23.637881
     -46.657744  -23.638451
     -46.659323  -23.639049
     -46.659947  -23.639336
     -46.660887  -23.639858
     -46.662014  -23.640345
     -46.663254  -23.640694
     -46.664144  -23.640932
     -46.664385  -23.640202
     -46.665166  -23.640826
     -46.666357  -23.641806
     -46.666276  -23.642023
     -46.667814  -23.642400
     -46.667640  -23.643025
     -46.669443  -23.643421
     -46.670016  -23.643542
     -46.670294  -23.643720
     -46.670767  -23.644135
     -46.670874  -23.644286
     -46.671010  -23.644622
     -46.671954  -23.644857
     -46.672198  -23.644465
     -46.672683  -23.643910
     -46.673069  -23.643464
     -46.673740  -23.642696
     -46.674308  -23.642018
     -46.674591  -23.641750
     -46.675215  -23.641311
     -46.675943  -23.640809
     -46.676208  -23.640534
     -46.676327  -23.640334
     -46.676436  -23.640044
     -46.676665  -23.639072
     -46.677079  -23.637457
     -46.677250  -23.637017
     -46.677730  -23.636183
     -46.678823  -23.634708
     -46.679423  -23.634014
     -46.680727  -23.632942
     -46.682053  -23.632028
     -46.682581  -23.631582
     -46.683902  -23.630313
     -46.684473  -23.629710
     -46.684980  -23.628675
     -46.685267  -23.628181
     -46.685722  -23.627340
     -46.686221  -23.626875
     -46.687204  -23.626253
     -46.685644  -23.624114
     -46.684119  -23.621887
     -46.682712  -23.619787
     -46.681783  -23.618460
     -46.681088  -23.617506
     -46.679834  -23.615724
     -46.678666  -23.613906
     -46.678097  -23.612963
     -46.677353  -23.611041
     -46.676644  -23.608686
     -46.676140  -23.609118
     -46.675968  -23.609329
     -46.675565  -23.609872
     -46.675015  -23.610598
     -46.674819  -23.610881
     -46.674575  -23.611128
     -46.673734  -23.611718
     -46.673192  -23.612012
     -46.672139  -23.612481
     -46.671830  -23.612653
     -46.670982  -23.613034
     -46.669645  -23.611618
     -46.668170  -23.610107
     -46.667041  -23.608885
     -46.665547  -23.607278
     -46.664825  -23.606492
     -46.662629  -23.604122
     -46.661127  -23.602527
     -46.659627  -23.600930
     -46.658871  -23.600173
END
END