frequesiadoo_28
first_area 
     -46.705681  -23.508657
     -46.695976  -23.507958
     -46.689684  -23.509106
     -46.689007  -23.506369
     -46.688574  -23.504993
     -46.687601  -23.503102
     -46.685659  -23.499388
     -46.684887  -23.498295
     -46.684443  -23.497356
     -46.684317  -23.496322
     -46.684486  -23.495242
     -46.684792  -23.493914
     -46.685139  -23.492314
     -46.685162  -23.491211
     -46.684856  -23.490193
     -46.684177  -23.489175
     -46.682534  -23.487446
     -46.679778  -23.484559
     -46.678834  -23.483517
     -46.677580  -23.482891
     -46.675003  -23.481698
     -46.674177  -23.481200
     -46.673552  -23.480481
     -46.673204  -23.480358
     -46.673142  -23.479888
     -46.672958  -23.479811
     -46.672455  -23.479143
     -46.671450  -23.477711
     -46.672244  -23.477296
     -46.672564  -23.477102
     -46.672369  -23.476519
     -46.671938  -23.476088
     -46.671280  -23.475669
     -46.670646  -23.475339
     -46.670273  -23.474940
     -46.670097  -23.474520
     -46.670049  -23.474201
     -46.670888  -23.474405
     -46.671772  -23.474402
     -46.672515  -23.474227
     -46.673508  -23.474869
     -46.674884  -23.476328
     -46.675651  -23.476882
     -46.676404  -23.477273
     -46.678097  -23.477290
     -46.679435  -23.476995
     -46.680768  -23.477106
     -46.681471  -23.477366
     -46.682490  -23.478235
     -46.682751  -23.478648
     -46.682278  -23.479790
     -46.682088  -23.480323
     -46.682455  -23.481167
     -46.682807  -23.480936
     -46.684135  -23.481298
     -46.684582  -23.481330
     -46.685222  -23.481164
     -46.686444  -23.480831
     -46.687173  -23.480614
     -46.686712  -23.479280
     -46.686603  -23.478855
     -46.686982  -23.478678
     -46.688591  -23.478485
     -46.688484  -23.477973
     -46.691026  -23.477698
     -46.690928  -23.478545
     -46.691069  -23.479217
     -46.693705  -23.479165
     -46.694420  -23.479256
     -46.695600  -23.479282
     -46.695839  -23.479168
     -46.696048  -23.479064
     -46.696326  -23.479272
     -46.696758  -23.479170
     -46.697636  -23.479308
     -46.698525  -23.479453
     -46.699338  -23.479587
     -46.699546  -23.479535
     -46.699830  -23.479375
     -46.700366  -23.479292
     -46.700347  -23.478791
     -46.702917  -23.478773
     -46.703335  -23.478748
     -46.703617  -23.478250
     -46.703776  -23.477924
     -46.703979  -23.477221
     -46.704237  -23.476210
     -46.704781  -23.476514
     -46.706012  -23.477362
     -46.707016  -23.478065
     -46.707373  -23.478531
     -46.707523  -23.478837
     -46.707868  -23.480035
     -46.708198  -23.481147
     -46.708251  -23.481763
     -46.708160  -23.482583
     -46.708318  -23.483062
     -46.709355  -23.484633
     -46.710412  -23.485828
     -46.710592  -23.486108
     -46.710702  -23.486409
     -46.710452  -23.488117
     -46.710195  -23.489251
     -46.710109  -23.489986
     -46.709553  -23.492998
     -46.707292  -23.496617
     -46.706896  -23.497419
     -46.706536  -23.499820
     -46.706281  -23.502230
     -46.706211  -23.503348
     -46.706144  -23.503719
     -46.706035  -23.505490
     -46.705911  -23.506063
     -46.705649  -23.508672
END
END

END
END
