viladiva_v
first_area
     -46.575900      -23.577629
     -46.573692      -23.578783
     -46.572479      -23.579392
     -46.572198      -23.579490
     -46.571916      -23.578728
     -46.571531      -23.577764
     -46.570834      -23.574549
     -46.570904      -23.573684
     -46.571505      -23.572897
     -46.572873      -23.571860
     -46.573463      -23.571255
     -46.573726      -23.570557
     -46.573570      -23.569520
     -46.573549      -23.568905
     -46.573898      -23.567976
     -46.575030      -23.566201
     -46.575603      -23.564920
     -46.576837      -23.560632
     -46.577295      -23.559458
     -46.577700      -23.558760
     -46.577828      -23.558201
     -46.577770      -23.557527
     -46.577137      -23.555245
     -46.576081      -23.555767
     -46.572380      -23.557429
     -46.567206      -23.559806
     -46.564731      -23.560893
     -46.561805      -23.562196
     -46.560341      -23.562816
     -46.560324      -23.562921
     -46.559628      -23.563408
     -46.559500      -23.564100
     -46.559358      -23.564295
     -46.558741      -23.564669
     -46.557687      -23.564942
     -46.557134      -23.565367
     -46.556651      -23.565891
     -46.556402      -23.566048
     -46.555981      -23.566151
     -46.555769      -23.566018
     -46.555607      -23.566203
     -46.555701      -23.566343
     -46.555210      -23.566763
     -46.554797      -23.567056
     -46.554183      -23.567589
     -46.553644      -23.568154
     -46.552963      -23.568896
     -46.552397      -23.569287
     -46.551702      -23.569653
     -46.550970      -23.569928
     -46.550289      -23.570257
     -46.549935      -23.570505
     -46.549696      -23.570751
     -46.549945      -23.570906
     -46.550175      -23.571020
     -46.547510      -23.573406
     -46.546757      -23.574067 
     -46.547056      -23.574838
     -46.547265      -23.575020
     -46.547630      -23.575684
     -46.547713      -23.575741
     -46.547683      -23.575891
     -46.548289      -23.577420
     -46.548952      -23.578573
     -46.549325      -23.579333
     -46.550789      -23.582479
     -46.551702      -23.582159
     -46.554730      -23.581326
     -46.555467      -23.581129
     -46.560161      -23.580706
     -46.563177      -23.581437
     -46.564940      -23.581387
     -46.565408      -23.581392
     -46.567323      -23.581117
     -46.569857      -23.580008
     -46.572013      -23.579540
     -46.572348      -23.579445
     -46.574589      -23.578338
     -46.575771      -23.577703
END
END
