itaquera_32
first_area
     -46.430471  -23.524221
     -46.430284  -23.523963
     -46.430265  -23.523337
     -46.430206  -23.522183
     -46.430095  -23.520915
     -46.429988  -23.520497
     -46.429283  -23.519609
     -46.428951  -23.519463
     -46.427187  -23.519472
     -46.426169  -23.519504
     -46.425719  -23.517811
     -46.425507  -23.517494
     -46.424679  -23.516992
     -46.424064  -23.516602
     -46.423766  -23.515589
     -46.424609  -23.514846
     -46.425326  -23.513887
     -46.425547  -23.513674
     -46.426220  -23.513343
     -46.427023  -23.512979
     -46.427239  -23.512738
     -46.427577  -23.512160
     -46.428298  -23.511547
     -46.428886  -23.510945
     -46.429229  -23.510478
     -46.429409  -23.510366
     -46.430180  -23.510576
     -46.430787  -23.510831
     -46.431589  -23.511215
     -46.432066  -23.511786
     -46.432274  -23.512109
     -46.432905  -23.512616
     -46.433144  -23.512711
     -46.433702  -23.512649
     -46.434761  -23.512231
     -46.435847  -23.511905
     -46.436550  -23.511727
     -46.437271  -23.511207
     -46.437600  -23.510969
     -46.437782  -23.510725
     -46.439306  -23.511198
     -46.439711  -23.511385
     -46.440934  -23.512395
     -46.441116  -23.512626
     -46.441194  -23.512914
     -46.443707  -23.512616
     -46.443782  -23.513354
     -46.443848  -23.514518  
     -46.443881  -23.514948
     -46.443725  -23.515506
     -46.443623  -23.516180
     -46.443752  -23.517169
     -46.443961  -23.518826
     -46.444134  -23.520326
     -46.444124  -23.520806
     -46.443987  -23.521147
     -46.443493  -23.521840
     -46.443343  -23.522413
     -46.443386  -23.522896
     -46.443552  -23.523225
     -46.443884  -23.523541
     -46.444781  -23.524118
     -46.445064  -23.524412
     -46.445309  -23.524959
     -46.445627  -23.525630
     -46.445988  -23.526451
     -46.446361  -23.527176
     -46.446671  -23.527496
     -46.446248  -23.527896
     -46.447160  -23.529097
     -46.448122  -23.530376
     -46.450220  -23.532204
     -46.451342  -23.533056
     -46.453419  -23.534532
     -46.454338  -23.535274
     -46.454633  -23.535690
     -46.455314  -23.536783
     -46.455622  -23.537221
     -46.456137  -23.537929
     -46.456034  -23.538108
     -46.456180  -23.538412
     -46.456512  -23.539165
     -46.456657  -23.539465
     -46.456678  -23.539759
     -46.456719  -23.540188
     -46.456762  -23.540463
     -46.456822  -23.540687
     -46.457265  -23.541190
     -46.458177  -23.542036
     -46.458689  -23.542613
     -46.459552  -23.542958
     -46.459922  -23.543188
     -46.460195  -23.543438
     -46.460376  -23.543740
     -46.460531  -23.544200
     -46.460716  -23.544982
     -46.461008  -23.546023
     -46.461326  -23.547038
     -46.461617  -23.548069
     -46.461928  -23.549083
     -46.462296  -23.550458
     -46.461017  -23.551185
     -46.460115  -23.551702
     -46.459920  -23.551471
     -46.458090  -23.552528
     -46.457120  -23.553092
     -46.455261  -23.554151
     -46.454332  -23.554691
     -46.452489  -23.555764
     -46.451484  -23.556347
     -46.448969  -23.556413
     -46.447358  -23.556487
     -46.446235  -23.556505
     -46.445865  -23.556605
     -46.445234  -23.556496
     -46.444947  -23.554687
     -46.444990  -23.553485
     -46.445006  -23.552405
     -46.445071  -23.552041
     -46.445111  -23.551230
     -46.445095  -23.550369
     -46.444982  -23.548611
     -46.445245  -23.547340
     -46.445551  -23.546108
     -46.445808  -23.545039
     -46.446004  -23.544163
     -46.446321  -23.542902
     -46.446570  -23.542191
     -46.446752  -23.541741
     -46.446463  -23.541679
     -46.445252  -23.541004
     -46.444356  -23.540455
     -46.443414  -23.539851
     -46.442481  -23.539250
     -46.441538  -23.538674
     -46.442473  -23.537406
     -46.443442  -23.536093
     -46.442553  -23.535482
     -46.441264  -23.534736
     -46.440983  -23.535006
     -46.440802  -23.535016
     -46.440885  -23.533890
     -46.440953  -23.532657
     -46.441136  -23.532420
     -46.441178  -23.532099
     -46.441178  -23.531944
     -46.441288  -23.531909
     -46.441871  -23.531547
     -46.442692  -23.530999
     -46.443673  -23.530633
     -46.444369  -23.530375
     -46.441604  -23.528596
     -46.439817  -23.527445
     -46.437928  -23.526269
     -46.436779  -23.525876
     -46.435497  -23.525320
     -46.434540  -23.525059
     -46.433840  -23.525177
     -46.433268  -23.525629
     -46.432808  -23.526480
     -46.432409  -23.526293
     -46.432093  -23.525948
     -46.431931  -23.525642
     -46.431860  -23.525345
     -46.431640  -23.524871
     -46.431532  -23.524370
     -46.431327  -23.524132
     -46.430708  -23.524185
     -46.430473  -23.524222
END
END