pirituba_33
first_area
     -46.746986  -23.520314
     -46.748143  -23.520389
     -46.749546  -23.520491
     -46.750135  -23.520718
     -46.750135  -23.520718
     -46.751973  -23.520549
     -46.753247  -23.519659
     -46.753096  -23.518044
     -46.753060  -23.517200
     -46.754607  -23.516565
     -46.757013  -23.516293
     -46.757863  -23.515770
     -46.757940  -23.514571
     -46.757543  -23.514002
     -46.757646  -23.513847
     -46.758030  -23.513845
     -46.758118  -23.513628
     -46.758030  -23.513105
     -46.758609  -23.512807
     -46.759110  -23.512780
     -46.759824  -23.512425
     -46.759843  -23.511848
     -46.760290  -23.511031
     -46.760290  -23.511031
     -46.760446  -23.509904
     -46.760457  -23.508804
     -46.761000  -23.508290
     -46.762168  -23.508488
     -46.762445  -23.508596
     -46.763722  -23.506600
     -46.763679  -23.505897
     -46.763282  -23.505218
     -46.762450  -23.503737
     -46.761828  -23.502724
     -46.761490  -23.501784
     -46.760235  -23.500948
     -46.759650  -23.499989
     -46.759074  -23.499863
     -46.758672  -23.500424
     -46.757409  -23.499798
     -46.756573  -23.500518
     -46.755329  -23.501249
     -46.754981  -23.500896
     -46.754679  -23.500532
     -46.754778  -23.497149
     -46.754953  -23.496098
     -46.755550  -23.495229
     -46.756544  -23.494510
     -46.756473  -23.493070
     -46.756239  -23.491124
     -46.755892  -23.489438
     -46.755948  -23.488746
     -46.756004  -23.488440
     -46.756220  -23.488076
     -46.756728  -23.487579
     -46.756851  -23.487197
     -46.756804  -23.486722
     -46.756533  -23.486338
     -46.755767  -23.486019
     -46.755527  -23.485310
     -46.755242  -23.483999
     -46.755397  -23.483426
     -46.755681  -23.483012
     -46.755752  -23.482414
     -46.755604  -23.481914
     -46.755354  -23.481464
     -46.754642  -23.480810
     -46.754423  -23.480415
     -46.754555  -23.479839
     -46.754520  -23.479496
     -46.754254  -23.479250
     -46.753588  -23.479060
     -46.753380  -23.478630
     -46.753260  -23.477835
     -46.753228  -23.476552
     -46.753466  -23.475549
     -46.753874  -23.474938
     -46.754436  -23.474298
     -46.754733  -23.473497
     -46.754576  -23.472202
     -46.754320  -23.469581
     -46.754295  -23.468450
     -46.754820  -23.467516
     -46.756098  -23.466302
     -46.756181  -23.465805
     -46.755417  -23.464360
     -46.753831  -23.463785
     -46.753540  -23.463348
     -46.753403  -23.462883
     -46.753405  -23.462612
     -46.753537  -23.462224
     -46.753280  -23.460847
     -46.753214  -23.460345
     -46.753296  -23.459948
     -46.753527  -23.459618
     -46.753885  -23.459367
     -46.755619  -23.458815
     -46.755819  -23.458594
     -46.755767  -23.458241
     -46.755871  -23.457330
     -46.756270  -23.456633
     -46.756207  -23.455728
     -46.755900  -23.454983
     -46.755410  -23.454152
     -46.754887  -23.453832
     -46.753701  -23.453588
     -46.752993  -23.453537
     -46.752713  -23.453719
     -46.752458  -23.454217
     -46.751266  -23.454418
     -46.750530  -23.454092
     -46.750273  -23.453584
     -46.749609  -23.453321
     -46.749141  -23.453598
     -46.749150  -23.453894
     -46.749245  -23.454243
     -46.749290  -23.454570
     -46.749251  -23.454831
     -46.748065  -23.454752
     -46.746723  -23.455206
     -46.744898  -23.454641
     -46.744034  -23.454630
     -46.743301  -23.454724
     -46.741908  -23.454554
     -46.740561  -23.454817
     -46.739697  -23.454935
     -46.738973  -23.454939
     -46.738232  -23.455998
     -46.737948  -23.457024
     -46.738096  -23.458392
     -46.738404  -23.459234
     -46.739028  -23.459934
     -46.741270  -23.461552
     -46.743416  -23.463309
     -46.745045  -23.464621
     -46.745587  -23.465606
     -46.745914  -23.466836
     -46.745125  -23.469210
     -46.743489  -23.470352
     -46.741708  -23.471075
     -46.739197  -23.472841
     -46.737121  -23.474362
     -46.736107  -23.475361
     -46.734976  -23.477403
     -46.733646  -23.479893
     -46.732683  -23.482238
     -46.731642  -23.483714
     -46.730108  -23.485053
     -46.728659  -23.486342
     -46.727170  -23.487702
     -46.727964  -23.488306
     -46.729013  -23.488657
     -46.729686  -23.488630
     -46.730268  -23.488338
     -46.730785  -23.488167
     -46.732544  -23.488055
     -46.733724  -23.487994
     -46.735864  -23.487155
     -46.737194  -23.486727
     -46.737071  -23.487119
     -46.736634  -23.488286
     -46.736110  -23.489035
     -46.733664  -23.491959
     -46.732327  -23.493500
     -46.731107  -23.495069
     -46.730401  -23.496231
     -46.729251  -23.497927
     -46.728682  -23.498834
     -46.727155  -23.500721
     -46.725459  -23.502579
     -46.723311  -23.504987
     -46.721765  -23.506513
     -46.720376  -23.507953
     -46.720028  -23.508921
     -46.720805  -23.509603
     -46.722486  -23.511851
     -46.723543  -23.513053
     -46.732321  -23.517621
     -46.742564  -23.517536
     -46.744746  -23.518158
     -46.746053  -23.519169
     -46.746993  -23.520307
END
END

