vilasonia_34
first_area
     -46.700757  -23.618141
     -46.700055  -23.614799
     -46.699281  -23.611588
     -46.698720  -23.608390
     -46.697754  -23.605205
     -46.696317  -23.601390
     -46.695072  -23.598156
     -46.694085  -23.595187
     -46.693194  -23.592483
     -46.692283  -23.589877
     -46.691499  -23.587567
     -46.691800  -23.584981
     -46.693463  -23.582247
     -46.696263  -23.577252
     -46.698062  -23.575067
     -46.698985  -23.574152
     -46.700879  -23.572293
     -46.701686  -23.572374
     -46.702437  -23.572414
     -46.703021  -23.572399
     -46.704149  -23.572604
     -46.704919  -23.573015
     -46.705836  -23.573452
     -46.706311  -23.573858
     -46.706810  -23.574529
     -46.707089  -23.574722
     -46.707313  -23.574895
     -46.707696  -23.574720
     -46.708375  -23.574500
     -46.708791  -23.574336
     -46.709456  -23.574081
     -46.710188  -23.573759
     -46.711140  -23.573418
     -46.711804  -23.573246
     -46.712254  -23.573335
     -46.712792  -23.573458
     -46.713344  -23.573620
     -46.713928  -23.573849
     -46.714790  -23.574134
     -46.715322  -23.574300
     -46.715961  -23.574601
     -46.716457  -23.574782
     -46.716902  -23.575023
     -46.717390  -23.575443
     -46.717741  -23.575706
     -46.718061  -23.575840
     -46.718472  -23.575950
     -46.718880  -23.575964
     -46.719473  -23.575896
     -46.720168  -23.575840
     -46.720564  -23.575919
     -46.721144  -23.576312
     -46.721594  -23.576623
     -46.722127  -23.576927
     -46.722529  -23.577123
     -46.723236  -23.577320
     -46.724285  -23.577579
     -46.725205  -23.577808
     -46.726180  -23.578196
     -46.726840  -23.578457
     -46.727883  -23.578869
     -46.728361  -23.579251
     -46.728511  -23.579732
     -46.728723  -23.580287
     -46.728966  -23.580638
     -46.729273  -23.580822
     -46.730241  -23.581255
     -46.730903  -23.581550
     -46.731756  -23.581922
     -46.732596  -23.582291
     -46.733273  -23.582614
     -46.734032  -23.583127
     -46.734745  -23.583513
     -46.735500  -23.583826
     -46.736499  -23.584227
     -46.737682  -23.584694
     -46.738531  -23.585004
     -46.739389  -23.585182
     -46.740223  -23.585228
     -46.741550  -23.585169
     -46.742998  -23.585087
     -46.744459  -23.585032
     -46.745010  -23.585020
     -46.745781  -23.585190
     -46.746747  -23.585589
     -46.747408  -23.585890
     -46.748239  -23.586251
     -46.748529  -23.586440
     -46.749618  -23.586605
     -46.750928  -23.586572
     -46.752471  -23.586572
     -46.753444  -23.586581
     -46.753338  -23.587750
     -46.753338  -23.589018
     -46.753362  -23.590484
     -46.753350  -23.591231
     -46.753252  -23.591860
     -46.753256  -23.592468
     -46.753244  -23.592924
     -46.753156  -23.593562
     -46.753220  -23.594722
     -46.753135  -23.595823
     -46.753124  -23.596797
     -46.753034  -23.597706
     -46.752950  -23.598668
     -46.752885  -23.599765
     -46.752885  -23.600925
     -46.752876  -23.601744
     -46.752293  -23.601926
     -46.750732  -23.601808
     -46.749257  -23.601814
     -46.748238  -23.601894
     -46.748624  -23.603009
     -46.748924  -23.604186
     -46.747898  -23.604954
     -46.746902  -23.605654
     -46.746586  -23.605436
     -46.745892  -23.604853
     -46.745332  -23.604322
     -46.744796  -23.603570
     -46.744439  -23.602983
     -46.744007  -23.602393
     -46.743681  -23.601992
     -46.743026  -23.601308
     -46.742464  -23.600634
     -46.742057  -23.600113
     -46.741610  -23.599585
     -46.741339  -23.599177
     -46.741025  -23.598619
     -46.740751  -23.598056
     -46.740419  -23.597623
     -46.740165  -23.597212
     -46.739700  -23.596533
     -46.739544  -23.595882
     -46.739203  -23.595448
     -46.738173  -23.594996
     -46.737027  -23.594476
     -46.736282  -23.594127
     -46.735225  -23.593702
     -46.735046  -23.593913
     -46.734869  -23.594297
     -46.735505  -23.594575
     -46.735772  -23.594759
     -46.735985  -23.595116
     -46.736066  -23.595443
     -46.736011  -23.595849
     -46.735675  -23.596212
     -46.735271  -23.596468
     -46.734615  -23.596770
     -46.734325  -23.597070
     -46.734254  -23.597366
     -46.734310  -23.597694
     -46.734387  -23.597934
     -46.734353  -23.598381
     -46.734047  -23.599007
     -46.734164  -23.599590
     -46.733593  -23.600280
     -46.733317  -23.600423
     -46.733235  -23.600689
     -46.732745  -23.601344
     -46.732043  -23.602265
     -46.731732  -23.602719
     -46.731596  -23.603280
     -46.731563  -23.603623
     -46.731583  -23.604185
     -46.731665  -23.604456
     -46.731858  -23.604511
     -46.731911  -23.604727
     -46.731755  -23.604893
     -46.731489  -23.604818
     -46.731336  -23.604830
     -46.730304  -23.605123
     -46.729878  -23.605528
     -46.729514  -23.606188
     -46.729316  -23.606366
     -46.728573  -23.606457
     -46.728101  -23.606495
     -46.727298  -23.606594
     -46.726378  -23.606691
     -46.725377  -23.606754
     -46.723156  -23.606971
     -46.722782  -23.607070
     -46.721954  -23.607804
     -46.720977  -23.607661
     -46.720605  -23.607853
     -46.720578  -23.608767
     -46.720428  -23.609087
     -46.718555  -23.609900
     -46.717507  -23.610351
     -46.716053  -23.611292
     -46.713572  -23.611938
     -46.713252  -23.612164
     -46.713312  -23.612782
     -46.713913  -23.613374
     -46.714035  -23.614084
     -46.713845  -23.614576
     -46.712832  -23.616094
     -46.712544  -23.616577
     -46.710216  -23.616941
     -46.708069  -23.617226
     -46.706116  -23.617434
     -46.704283  -23.617543
     -46.702533  -23.617848
     -46.700756  -23.618141
END
END