jabaquara_35
first_area
     -46.630170  -23.635989
     -46.630106  -23.634867
     -46.630038  -23.633490
     -46.629817  -23.632774
     -46.629666  -23.631897
     -46.629592  -23.631282
     -46.628800  -23.631012
     -46.627599  -23.630632
     -46.627525  -23.630861
     -46.627461  -23.631268
     -46.626991  -23.631182
     -46.626388  -23.631085
     -46.625748  -23.631001
     -46.625776  -23.630682
     -46.624655  -23.630550
     -46.623526  -23.630380
     -46.622624  -23.630264
     -46.621117  -23.629227
     -46.621453  -23.628756
     -46.621833  -23.628278
     -46.621406  -23.627659
     -46.621174  -23.627092
     -46.620827  -23.626111
     -46.622566  -23.625745
     -46.624419  -23.625388
     -46.626202  -23.624779
     -46.625971  -23.623698
     -46.625879  -23.623181
     -46.625777  -23.622544
     -46.627059  -23.622199
     -46.627750  -23.622306
     -46.629046  -23.622576
     -46.629367  -23.622612
     -46.630460  -23.621998
     -46.631593  -23.621510
     -46.632444  -23.621242
     -46.633875  -23.621189
     -46.634577  -23.621160
     -46.635088  -23.621090
     -46.636476  -23.620634
     -46.636878  -23.620489
     -46.637736  -23.620070
     -46.638077  -23.619872
     -46.639178  -23.619320
     -46.639318  -23.619273
     -46.639593  -23.620550
     -46.640016  -23.622356
     -46.640553  -23.624733
     -46.640870  -23.626043
     -46.641015  -23.626796
     -46.641451  -23.626840
     -46.642314  -23.627267
     -46.643162  -23.627746
     -46.644249  -23.628399
     -46.646182  -23.629446
     -46.646561  -23.629903
     -46.646755  -23.630381
     -46.646780  -23.630780
     -46.646613  -23.631540
     -46.646870  -23.631640
     -46.647099  -23.632291
     -46.647309  -23.632901
     -46.647354  -23.634431
     -46.647415  -23.634764
     -46.647661  -23.635095
     -46.648143  -23.635312
     -46.649898  -23.635640
     -46.650334  -23.635785
     -46.650825  -23.636124
     -46.651423  -23.636607
     -46.652436  -23.637461
     -46.653067  -23.637901
     -46.654127  -23.637872
     -46.655509  -23.637838
     -46.657204  -23.638304
     -46.657994  -23.638454
     -46.658174  -23.638577
     -46.659355  -23.639078
     -46.659967  -23.639347
     -46.661988  -23.640328
     -46.664121  -23.640945
     -46.664360  -23.640192
     -46.665164  -23.640830
     -46.666342  -23.641811
     -46.666283  -23.642015
     -46.667814  -23.642383
     -46.667643  -23.643034
     -46.668722  -23.643272
     -46.670009  -23.643567
     -46.670800  -23.644148
     -46.671020  -23.644631
     -46.671943  -23.644837
     -46.670693  -23.647185
     -46.670457  -23.648029
     -46.670291  -23.648387
     -46.670075  -23.649033
     -46.670019  -23.649537
     -46.669349  -23.651561
     -46.668982  -23.652700
     -46.668513  -23.653488
     -46.667296  -23.654437
     -46.666305  -23.655581
     -46.665014  -23.656924
     -46.663522  -23.658499
     -46.663278  -23.658921
     -46.663155  -23.659599
     -46.663143  -23.660426
     -46.662672  -23.661283
     -46.662302  -23.661778
     -46.661760  -23.662448
     -46.661342  -23.663028
     -46.660946  -23.663586
     -46.660104  -23.664233
     -46.658659  -23.664988
     -46.657090  -23.665774
     -46.655553  -23.666435
     -46.653208  -23.667478
     -46.652826  -23.666750
     -46.651764  -23.666189
     -46.651327  -23.665558
     -46.651094  -23.664729
     -46.650750  -23.664239
     -46.650216  -23.663895
     -46.649518  -23.663336
     -46.648909  -23.663072
     -46.648182  -23.662924
     -46.648034  -23.662851
     -46.648132  -23.662679
     -46.649012  -23.661749
     -46.649425  -23.661674
     -46.648983  -23.659929
     -46.648499  -23.657971
     -46.648217  -23.656628
     -46.648043  -23.656173
     -46.648214  -23.654646
     -46.648418  -23.652846
     -46.648191  -23.652311
     -46.647471  -23.651021
     -46.646633  -23.649696
     -46.645524  -23.649366
     -46.645384  -23.649479
     -46.644917  -23.649116
     -46.643566  -23.648434
     -46.641841  -23.647473
     -46.641214  -23.647085
     -46.641106  -23.646793
     -46.640883  -23.646991
     -46.640749  -23.647136
     -46.640477  -23.647250
     -46.640279  -23.647280
     -46.640068  -23.647251
     -46.639479  -23.647297
     -46.639082  -23.647469
     -46.638830  -23.646966
     -46.638708  -23.646656
     -46.639253  -23.646474
     -46.639906  -23.646152
     -46.639576  -23.645432
     -46.639279  -23.644809
     -46.638917  -23.644066
     -46.638502  -23.643789
     -46.637969  -23.643253
     -46.637802  -23.642887
     -46.637708  -23.642528
     -46.637744  -23.642178
     -46.637665  -23.640657
     -46.637484  -23.639824
     -46.637072  -23.638962
     -46.636826  -23.638624
     -46.636307  -23.638192
     -46.635789  -23.637955
     -46.634107  -23.637271
     -46.633265  -23.636951
     -46.632683  -23.636697
     -46.631490  -23.636298
     -46.630405  -23.635998
     -46.630169  -23.635988
END
END