campolimpo_37
first_area
     -46.736995  -23.642757
     -46.736680  -23.642501
     -46.736575  -23.642011
     -46.736920  -23.640552
     -46.736657  -23.639283
     -46.736821  -23.638191
     -46.737816  -23.637662
     -46.738630  -23.637530
     -46.738125  -23.636735
     -46.737837  -23.636266
     -46.737741  -23.635533
     -46.737751  -23.635255
     -46.737780  -23.634531
     -46.737792  -23.633564
     -46.737812  -23.633223
     -46.738127  -23.632707
     -46.738452  -23.632330
     -46.739085  -23.631970
     -46.739138  -23.631909
     -46.739181  -23.631720
     -46.738745  -23.631544
     -46.738443  -23.631185
     -46.738051  -23.630410
     -46.738856  -23.629792
     -46.739851  -23.629617
     -46.741924  -23.629500
     -46.743018  -23.629263
     -46.743647  -23.628874
     -46.743975  -23.628340
     -46.744167  -23.627761
     -46.744108  -23.627154
     -46.743956  -23.626849
     -46.742682  -23.625842
     -46.742098  -23.625387
     -46.741709  -23.625283
     -46.740979  -23.625175
     -46.740756  -23.624987
     -46.740675  -23.624065
     -46.740628  -23.623639
     -46.740525  -23.623293
     -46.740320  -23.623051
     -46.740200  -23.622971
     -46.740176  -23.622464
     -46.740152  -23.622066
     -46.740872  -23.621839
     -46.741942  -23.621126
     -46.742644  -23.619552
     -46.743148  -23.618541
     -46.743141  -23.617894
     -46.743113  -23.617504
     -46.743394  -23.617480
     -46.743448  -23.617738
     -46.744067  -23.617848
     -46.744069  -23.618089
     -46.745678  -23.618385
     -46.745708  -23.618658
     -46.745873  -23.618955
     -46.746179  -23.619176
     -46.746846  -23.619498
     -46.748158  -23.618833
     -46.749241  -23.618269
     -46.750116  -23.617830
     -46.750308  -23.617827
     -46.751207  -23.618162
     -46.751519  -23.617993
     -46.752334  -23.617422
     -46.753114  -23.616989
     -46.753921  -23.616517
     -46.754678  -23.616163
     -46.755181  -23.616013
     -46.755707  -23.615676
     -46.755884  -23.615459
     -46.755941  -23.615053
     -46.756044  -23.614951
     -46.755539  -23.614087
     -46.755095  -23.613047
     -46.754507  -23.612394
     -46.754299  -23.611563
     -46.755467  -23.611330
     -46.757959  -23.611737
     -46.759256  -23.614021
     -46.760866  -23.616261
     -46.761063  -23.617459
     -46.763099  -23.619085
     -46.764242  -23.620575
     -46.765092  -23.621135
     -46.765742  -23.622208
     -46.766933  -23.623382
     -46.767715  -23.624247
     -46.768807  -23.626197
     -46.769953  -23.627375
     -46.769877  -23.627747
     -46.769907  -23.628115
     -46.770898  -23.627673
     -46.771595  -23.628034
     -46.772540  -23.628265
     -46.772764  -23.628425
      -46.77299  -23.628888
     -46.773838  -23.629219
     -46.775050  -23.629606
     -46.776182  -23.630309
     -46.776878  -23.631387
     -46.777588  -23.633189
     -46.777856  -23.633396
     -46.777777  -23.633589
     -46.777896  -23.634126
     -46.777682  -23.635086
     -46.777743  -23.635183
     -46.778088  -23.635383
     -46.778775  -23.635805
     -46.778689  -23.635976
     -46.778374  -23.636598
     -46.779467  -23.637265
     -46.779768  -23.638324
     -46.779828  -23.639100
     -46.779873  -23.639673
     -46.780146  -23.640885
     -46.780157  -23.641462
     -46.779850  -23.642206
     -46.779656  -23.643658
     -46.779489  -23.645093
     -46.779036  -23.647173
     -46.778934  -23.647798
     -46.779120  -23.648681
     -46.779423  -23.649678
     -46.778600  -23.651676
     -46.778307  -23.652508
     -46.777186  -23.653719
     -46.776530  -23.655592
     -46.776433  -23.656467
     -46.776020  -23.657467
     -46.774974  -23.658627
     -46.774727  -23.658979
     -46.774671  -23.659600
     -46.771939  -23.660202
     -46.770375  -23.659852
     -46.769212  -23.659975
     -46.768438  -23.660293
     -46.767800  -23.660357
     -46.767295  -23.660152
     -46.766695  -23.659553
     -46.766365  -23.659188
     -46.765571  -23.658675
     -46.765172  -23.658295
     -46.764101  -23.657084
     -46.763544  -23.656578
     -46.762752  -23.656072
     -46.761473  -23.655306
     -46.760713  -23.654791
     -46.759280  -23.653196
     -46.758732  -23.652555
     -46.758426  -23.652293
     -46.757442  -23.651142
     -46.755994  -23.649927
     -46.755250  -23.649328
     -46.754657  -23.648987
     -46.753883  -23.648853
     -46.752824  -23.648943
     -46.751858  -23.649346
     -46.751335  -23.649398
     -46.750873  -23.649235
     -46.749830  -23.648598
     -46.748638  -23.648077
     -46.747679  -23.647646
     -46.747367  -23.647271
     -46.746878  -23.646055
     -46.746525  -23.645571
     -46.745847  -23.644957
     -46.745356  -23.644496
     -46.744234  -23.644097
     -46.743192  -23.644079
     -46.742699  -23.643877
     -46.742321  -23.643176
     -46.741972  -23.642794
     -46.741359  -23.642508
     -46.740539  -23.642312
     -46.739469  -23.642325
     -46.738097  -23.642595
     -46.737023  -23.642763
END
END