vilarica_41
first_area
     -46.520955  -23.559079
     -46.521440  -23.559924
     -46.521716  -23.560408
     -46.521984  -23.560964
     -46.522225  -23.561773
     -46.522559  -23.562797
     -46.522771  -23.563301
     -46.523100  -23.563750
     -46.523766  -23.564527
     -46.525011  -23.565340
     -46.526205  -23.566038
     -46.526927  -23.566882
     -46.527310  -23.567533
     -46.527725  -23.568488
     -46.528542  -23.569514
     -46.529502  -23.570225
     -46.530666  -23.570777
     -46.531407  -23.571196
     -46.531892  -23.571553
     -46.532268  -23.572160
     -46.532600  -23.572720
     -46.533016  -23.573008
     -46.533917  -23.572942
     -46.534736  -23.574293
     -46.535050  -23.574789
     -46.535334  -23.575287
     -46.535846  -23.576143
     -46.536277  -23.576858
     -46.537004  -23.578126
     -46.536212  -23.578529
     -46.535775  -23.578715
     -46.535296  -23.578986
     -46.535982  -23.579996
     -46.536640  -23.580990
     -46.537183  -23.581813
     -46.536140  -23.582159
     -46.535461  -23.582796
     -46.534775  -23.583675
     -46.533971  -23.584627
     -46.533560  -23.585587
     -46.532718  -23.586983
     -46.532450  -23.587437
     -46.532351  -23.587857
     -46.532118  -23.589615
     -46.532121  -23.589789
     -46.532038  -23.590082
     -46.531853  -23.590424
     -46.531675  -23.590624
     -46.531071  -23.591013
     -46.530603  -23.591243
     -46.530324  -23.591413
     -46.529392  -23.592222
     -46.528659  -23.592842
     -46.528232  -23.593224
     -46.527242  -23.594254
     -46.526698  -23.594544
     -46.525819  -23.594705
     -46.525186  -23.594844
     -46.524737  -23.595095
     -46.524213  -23.595710
     -46.523926  -23.596045
     -46.523436  -23.596727
     -46.523037  -23.597267
     -46.522438  -23.598093
     -46.522291  -23.598235
     -46.522042  -23.598340
     -46.521520  -23.598385
     -46.520412  -23.598523
     -46.519068  -23.598688
     -46.517853  -23.598831
     -46.516350  -23.599012
     -46.515542  -23.599108
     -46.515217  -23.599115
     -46.514568  -23.599239
     -46.513351  -23.599355
     -46.513105  -23.599189
     -46.512856  -23.598284
     -46.511235  -23.598095
     -46.510610  -23.598001
     -46.510202  -23.597472
     -46.509979  -23.597339
     -46.509788  -23.597318
     -46.507625  -23.597502
     -46.507323  -23.597290
     -46.507183  -23.596539
     -46.506910  -23.596235
     -46.507056  -23.592178
     -46.506876  -23.589820
     -46.505426  -23.586804
     -46.505066  -23.584595
     -46.502705  -23.581011
     -46.502153  -23.580221
     -46.502339  -23.579913
     -46.503765  -23.576948
     -46.504884  -23.574624
     -46.505701  -23.572826
     -46.506490  -23.571246
     -46.508831  -23.569100
     -46.511059  -23.566979
     -46.513062  -23.565082
     -46.514844  -23.563403
     -46.515670  -23.562597
     -46.516396  -23.562419
     -46.518593  -23.561273
     -46.519788  -23.560128
     -46.520773  -23.559213
     -46.520956  -23.559082
END
END