parquedamooca_57
first_area
    -46.580483  -23.543090
    -46.581157  -23.543134
    -46.581798  -23.543385
    -46.582180  -23.543799
    -46.582741  -23.544431
    -46.583516  -23.545198
    -46.584568  -23.546260
    -46.585579  -23.547313
    -46.586462  -23.548220
    -46.587239  -23.548965
    -46.588363  -23.550101
    -46.589451  -23.551232
    -46.590450  -23.552216
    -46.591024  -23.552927
    -46.591070  -23.553967
    -46.591984  -23.555233
    -46.592493  -23.556216
    -46.593015  -23.557267
    -46.594627  -23.556539
    -46.596071  -23.555871
    -46.598018  -23.555738
    -46.599899  -23.555531
    -46.599144  -23.556255
    -46.598297  -23.556783
    -46.596117  -23.558053
    -46.595594  -23.558361
    -46.594324  -23.559708
    -46.593181  -23.560879
    -46.592381  -23.561720
    -46.591128  -23.563162
    -46.590176  -23.564200
    -46.589313  -23.565177
    -46.588612  -23.565935
    -46.587672  -23.566784
    -46.587264  -23.567136
    -46.587525  -23.567535
    -46.587752  -23.567939
    -46.588052  -23.568414
    -46.588333  -23.568864
    -46.587978  -23.569231
    -46.587671  -23.569722
    -46.587435  -23.570251
    -46.587368  -23.570804
    -46.587445  -23.571739
    -46.587453  -23.572945
    -46.587306  -23.574450
    -46.587144  -23.575885
    -46.586966  -23.577360
    -46.586880  -23.578937
    -46.586645  -23.581006
    -46.586593  -23.581499
    -46.585615  -23.581166
    -46.585239  -23.580464
    -46.584959  -23.579853
    -46.584809  -23.579854
    -46.583802  -23.579417
    -46.582948  -23.579059
    -46.581701  -23.578520
    -46.580913  -23.578167
    -46.579543  -23.577537
    -46.578589  -23.577117
    -46.579237  -23.575829
    -46.578323  -23.575998
    -46.577820  -23.575864
    -46.577493  -23.576165
    -46.576733  -23.577689
    -46.575930  -23.577635
    -46.574360  -23.576936
    -46.572774  -23.576240
    -46.572224  -23.575909
    -46.571676  -23.575392
    -46.570814  -23.574514
    -46.570841  -23.573914
    -46.571168  -23.573251
    -46.571660  -23.572736
    -46.573206  -23.571555
    -46.573525  -23.571093
    -46.573726  -23.570395
    -46.573605  -23.569616
    -46.573559  -23.569011
    -46.573745  -23.568215
    -46.574143  -23.567551
    -46.575099  -23.566097
    -46.575456  -23.565360
    -46.575744  -23.564554
    -46.576233  -23.562906
    -46.576526  -23.561828
    -46.576931  -23.560301
    -46.577178  -23.559648
    -46.577675  -23.558757
    -46.577781  -23.558278
    -46.577808  -23.557760
    -46.577432  -23.556341
    -46.577000  -23.554686
    -46.576954  -23.553820
    -46.577083  -23.553038
    -46.577178  -23.552666
    -46.578157  -23.550920
    -46.578809  -23.549731
    -46.579097  -23.548990
    -46.579446  -23.547557
    -46.579791  -23.545996
    -46.580156  -23.544289
    -46.580452  -23.543092
END
END
    