vilaformosa_58
first_area
     -46.548385  -23.577521
     -46.548271  -23.577371
     -46.548271  -23.577371
     -46.547818  -23.576272
     -46.547695  -23.575738
     -46.547601  -23.575653
     -46.547250  -23.574991
     -46.547047  -23.574814
     -46.546770  -23.574065
     -46.547486  -23.573405
     -46.548438  -23.572562
     -46.549877  -23.571281
     -46.550148  -23.571006
     -46.549685  -23.570752
     -46.549954  -23.570489
     -46.550310  -23.570228
     -46.550989  -23.569924
     -46.551761  -23.569620
     -46.552442  -23.569250
     -46.552970  -23.568853
     -46.553632  -23.568147
     -46.554205  -23.567555
     -46.554868  -23.567008
     -46.555502  -23.566548
     -46.555691  -23.566330
     -46.555884  -23.566316
     -46.555968  -23.566151
     -46.556412  -23.566049
     -46.556775  -23.565784
     -46.557281  -23.565171
     -46.557746  -23.564911
     -46.558490  -23.564751
     -46.558753  -23.564652
     -46.559003  -23.564532
     -46.559442  -23.564217
     -46.559510  -23.564009
     -46.559533  -23.563803
     -46.559632  -23.563401
     -46.560050  -23.563078
     -46.560344  -23.562879
     -46.560346  -23.562812
     -46.559882  -23.562865
     -46.559241  -23.562828
     -46.558134  -23.562520
     -46.556517  -23.562168
     -46.556059  -23.562077
     -46.555923  -23.561988
     -46.555291  -23.561805
     -46.554829  -23.561506
     -46.554087  -23.561079
     -46.553529  -23.560344
     -46.552995  -23.559683
     -46.553011  -23.559325
     -46.553101  -23.558490
     -46.553204  -23.557349
     -46.553378  -23.557039
     -46.554127  -23.556092
     -46.554072  -23.555394
     -46.553962  -23.554139
     -46.553854  -23.552800
     -46.554223  -23.551418
     -46.554654  -23.549865
     -46.552382  -23.549443
     -46.550684  -23.549111
     -46.549898  -23.548970
     -46.547773  -23.549778
     -46.547175  -23.550112
     -46.547741  -23.551327
     -46.548294  -23.552335
     -46.547001  -23.552759
     -46.546891  -23.552595
     -46.545845  -23.553039
     -46.544852  -23.553485
     -46.543532  -23.553720
     -46.543253  -23.554374
     -46.543029  -23.554967
     -46.542580  -23.556110
     -46.542055  -23.557439
     -46.541425  -23.559083
     -46.541046  -23.560114
     -46.540608  -23.561185
     -46.540690  -23.561651
     -46.539777  -23.561769
     -46.538756  -23.561718
     -46.537861  -23.562285
     -46.537396  -23.562222
     -46.536989  -23.561942
     -46.536873  -23.561678
     -46.536258  -23.561756
     -46.535726  -23.561857
     -46.535743  -23.561491
     -46.535658  -23.561167
     -46.534968  -23.561526
     -46.534026  -23.562023
     -46.532119  -23.562997
     -46.532349  -23.563413
     -46.531933  -23.563623
     -46.531440  -23.563858
     -46.531165  -23.563486
     -46.529697  -23.564265
     -46.529459  -23.563899
     -46.528948  -23.563037
     -46.528422  -23.562181
     -46.527836  -23.561219
     -46.526792  -23.559512
     -46.525718  -23.557778
     -46.526027  -23.557617
     -46.525259  -23.556464
     -46.525064  -23.556708
     -46.524788  -23.556979
     -46.524405  -23.557262
     -46.523878  -23.557458
     -46.523310  -23.557618
     -46.522800  -23.557765
     -46.521688  -23.558486
     -46.520906  -23.559006
     -46.521279  -23.559655
     -46.521698  -23.560403
     -46.521984  -23.560996
     -46.522231  -23.561772
     -46.522551  -23.562780
     -46.523055  -23.563744
     -46.523819  -23.564573
     -46.524910  -23.565259
     -46.526293  -23.566131
     -46.527026  -23.567049
     -46.527644  -23.568357
     -46.528577  -23.569539
     -46.530861  -23.570863
     -46.531858  -23.571562
     -46.532666  -23.572790
     -46.533150  -23.573024
     -46.533916  -23.572939
     -46.534319  -23.573553
     -46.535057  -23.574806
     -46.535839  -23.576141
     -46.536254  -23.576862
     -46.537012  -23.578124
     -46.536208  -23.578542
     -46.535731  -23.578729
     -46.535301  -23.578979
     -46.535560  -23.579366
     -46.535987  -23.580008
     -46.536361  -23.580573
     -46.537032  -23.581616
     -46.537176  -23.581804
     -46.537651  -23.581500
     -46.538184  -23.581118
     -46.539854  -23.579957
     -46.540297  -23.579528
     -46.541508  -23.579206
     -46.542897  -23.578852
     -46.544008  -23.578603
     -46.545457  -23.578231
     -46.547072  -23.577834
     -46.548384  -23.577527
END
END