ermelinomatarazzo_v
first_area
     -46.476484  -23.516634
     -46.476869  -23.512856
     -46.478087  -23.506934
     -46.474037  -23.505024
     -46.471602  -23.503066
     -46.470945  -23.501735
     -46.469455  -23.500194
     -46.467720  -23.499085
     -46.468330  -23.495656
     -46.469384  -23.494790
     -46.470168  -23.494587
     -46.470314  -23.494101
     -46.470296  -23.493604
     -46.469980  -23.492143
     -46.469696  -23.491137
     -46.469633  -23.489967
     -46.469609  -23.489236
     -46.469235  -23.488494
     -46.469224  -23.487766
     -46.469787  -23.486871
     -46.470044  -23.486664
     -46.470409  -23.486586
     -46.471638  -23.487274
     -46.471775  -23.486759
     -46.471545  -23.486095
     -46.472376  -23.486120
     -46.472177  -23.485327
     -46.472600  -23.485149
     -46.473051  -23.485643
     -46.473212  -23.485574
     -46.472904  -23.484298
     -46.472534  -23.483186
     -46.471746  -23.482888
     -46.470126  -23.483075
     -46.469434  -23.481067
     -46.475999  -23.477919
     -46.488278  -23.477759
     -46.496017  -23.477258
     -46.510673  -23.479147
     -46.511912  -23.480000
     -46.503104  -23.486379
     -46.498706  -23.489216
     -46.498718  -23.489527
     -46.498017  -23.490864
     -46.497666  -23.491214
     -46.497378  -23.491402
     -46.497095  -23.491703
     -46.496935  -23.492189
     -46.496995  -23.492628
     -46.497263  -23.493203
     -46.497140  -23.494330
     -46.497017  -23.495838
     -46.496950  -23.496020
     -46.495157  -23.498885
     -46.494444  -23.499365
     -46.494163  -23.499547
     -46.493906  -23.499877
     -46.493831  -23.500359
     -46.493989  -23.501285
     -46.493995  -23.501568
     -46.493867  -23.503966
     -46.494212  -23.505593
     -46.494505  -23.506376
     -46.493663  -23.508225
     -46.491824  -23.507760
     -46.491801  -23.507934
     -46.491149  -23.510297
     -46.491098  -23.510432
     -46.491103  -23.510592
     -46.491519  -23.512126
     -46.491588  -23.512332
     -46.491895  -23.513484
     -46.492257  -23.513818
     -46.492981  -23.514148
     -46.490264  -23.514961
     -46.487662  -23.514692
     -46.486829  -23.514790
     -46.482855  -23.516565
     -46.482541  -23.516730
     -46.482321  -23.516929
     -46.481932  -23.517136
     -46.481137  -23.517409
     -46.481139  -23.517599
     -46.480687  -23.517678
     -46.480522  -23.517679
     -46.480090  -23.517600
     -46.478913  -23.516870
     -46.478183  -23.516668
     -46.477689  -23.516631
     -46.476670  -23.516783        
END
END
