arturalvim_65
first_area
     -46.502290  -23.549405
     -46.501678  -23.549616
     -46.501301  -23.549714
     -46.500791  -23.549815
     -46.500353  -23.549857
     -46.499735  -23.549815
     -46.499247  -23.549814
     -46.498753  -23.549888
     -46.498040  -23.550121
     -46.497517  -23.550278
     -46.496808  -23.550689
     -46.496080  -23.551228
     -46.495098  -23.551845
     -46.494102  -23.552452
     -46.493261  -23.553007
     -46.492575  -23.553280
     -46.491714  -23.553513
     -46.491292  -23.553596
     -46.490286  -23.553685
     -46.488765  -23.553857
     -46.487365  -23.553982
     -46.486557  -23.554085
     -46.485726  -23.554316
     -46.484885  -23.554638
     -46.484211  -23.554692
     -46.483039  -23.554480
     -46.482401  -23.554394
     -46.481323  -23.554458
     -46.480907  -23.554498
     -46.479713  -23.554793
     -46.479284  -23.555060
     -46.478504  -23.555789
     -46.477703  -23.556242
     -46.476950  -23.556595
     -46.476298  -23.556746
     -46.474057  -23.556903
     -46.473269  -23.556990
     -46.472428  -23.556990
     -46.471409  -23.556771
     -46.470044  -23.556262
     -46.469480  -23.556126
     -46.469004  -23.555902
     -46.468073  -23.555148
     -46.466864  -23.554182
     -46.465885  -23.553351
     -46.465215  -23.552749
     -46.464223  -23.551678
     -46.463537  -23.550967
     -46.463275  -23.550767
     -46.462326  -23.550591
     -46.462189  -23.549994
     -46.461914  -23.549072
     -46.461604  -23.548058
     -46.461331  -23.547056
     -46.461047  -23.546043
     -46.460722  -23.544993
     -46.460506  -23.544205
     -46.460363  -23.543712
     -46.460143  -23.543401
     -46.459923  -23.543180
     -46.459551  -23.542967
     -46.458736  -23.542638
     -46.457985  -23.541873
     -46.457278  -23.541197
     -46.456913  -23.540820
     -46.456780  -23.540615
     -46.456728  -23.540172
     -46.456703  -23.539805
     -46.456618  -23.539417
     -46.456487  -23.539130
     -46.456144  -23.538438
     -46.456020  -23.537989
     -46.456067  -23.537855
     -46.456509  -23.538343
     -46.456883  -23.538683
     -46.457556  -23.539108
     -46.458223  -23.539588
     -46.458984  -23.540039
     -46.459537  -23.540156
     -46.460025  -23.540220
     -46.460628  -23.540133
     -46.461150  -23.539999
     -46.461884  -23.539939
     -46.462341  -23.539975
     -46.463084  -23.540086
     -46.464063  -23.540403
     -46.464818  -23.540723
     -46.465379  -23.540912
     -46.466028  -23.540982
     -46.466627  -23.540897
     -46.467168  -23.540625
     -46.467869  -23.540010
     -46.468414  -23.539608
     -46.468683  -23.539453
     -46.469555  -23.539189
     -46.470627  -23.539141
     -46.472011  -23.539189
     -46.472505  -23.539339
     -46.473322  -23.539794
     -46.473859  -23.540315
     -46.474942  -23.541259
     -46.475770  -23.542021
     -46.476064  -23.542259
     -46.476652  -23.542437
     -46.477183  -23.542489
     -46.478191  -23.542867
     -46.482106  -23.542025
     -46.483244  -23.541615
     -46.484116  -23.541128
     -46.485581  -23.539493
     -46.486810  -23.537198
     -46.487439  -23.536370
     -46.488752  -23.535814
     -46.490310  -23.535861
     -46.490396  -23.537499
     -46.490487  -23.538652
     -46.491002  -23.539847
     -46.491528  -23.540905
     -46.492531  -23.542193
     -46.493049  -23.542813
     -46.493304  -23.543322
     -46.494187  -23.543177
     -46.494809  -23.543067
     -46.495731  -23.542892
     -46.496661  -23.542733
     -46.497155  -23.542765
     -46.497741  -23.542857
     -46.498149  -23.542963
     -46.498796  -23.543273
     -46.499003  -23.543399
     -46.499193  -23.543517
     -46.499395  -23.543693
     -46.499542  -23.543837
     -46.499743  -23.544065
     -46.500006  -23.544456
     -46.500380  -23.545086
     -46.500549  -23.545323
     -46.501076  -23.545787
     -46.501186  -23.545885
     -46.501299  -23.546066
     -46.501429  -23.546470
     -46.501594  -23.547080
     -46.501726  -23.547583
     -46.501871  -23.548013
     -46.502010  -23.548467
     -46.502136  -23.548888
     -46.502288  -23.549407
END
END