valedoaricanduva_66
first_area
     -46.521519  -23.558621
     -46.521200  -23.558837
     -46.520914  -23.559014
     -46.520489  -23.559371
     -46.519720  -23.560121
     -46.518913  -23.560874
     -46.518629  -23.561134
     -46.518418  -23.561280
     -46.517458  -23.561787
     -46.516800  -23.562140
     -46.516371  -23.562369
     -46.515651  -23.562590
     -46.515449  -23.562696
     -46.514933  -23.563165
     -46.514349  -23.563741
     -46.513800  -23.564264
     -46.513317  -23.564741
     -46.512609  -23.565401
     -46.511747  -23.566216
     -46.511085  -23.566852
     -46.510296  -23.567595
     -46.509668  -23.568212
     -46.509038  -23.568793
     -46.508340  -23.569462
     -46.507559  -23.570212
     -46.506787  -23.570940
     -46.506475  -23.571256
     -46.506386  -23.571380
     -46.505243  -23.573871
     -46.504168  -23.576012
     -46.502361  -23.579876
     -46.502108  -23.580185
     -46.500848  -23.580210
     -46.499374  -23.580767
     -46.498637  -23.581179
     -46.497849  -23.581783
     -46.496670  -23.582701
     -46.495628  -23.583180
     -46.494481  -23.583591
     -46.493455  -23.583830
     -46.492788  -23.583881
     -46.492120  -23.583041
     -46.491405  -23.582405
     -46.490730  -23.581946
     -46.489869  -23.581289
     -46.489078  -23.580792
     -46.487878  -23.580272
     -46.487405  -23.579617
     -46.487223  -23.579292
     -46.487058  -23.578406
     -46.486760  -23.577675
     -46.485535  -23.576643
     -46.485029  -23.576042
     -46.484934  -23.574807
     -46.484828  -23.573382
     -46.484513  -23.572559
     -46.483872  -23.571674
     -46.483220  -23.570770
     -46.482745  -23.571125
     -46.482405  -23.571648
     -46.482259  -23.572382
     -46.481966  -23.572186
     -46.481807  -23.571915
     -46.481855  -23.571296
     -46.481799  -23.571048
     -46.481704  -23.570892
     -46.481667  -23.570393
     -46.481661  -23.569981
     -46.481836  -23.569814
     -46.482361  -23.569770
     -46.482561  -23.569700
     -46.482610  -23.569534
     -46.482578  -23.569247
     -46.482634  -23.568957
     -46.482893  -23.568577
     -46.482283  -23.568282
     -46.482160  -23.568657
     -46.481942  -23.569018
     -46.481029  -23.569451
     -46.479727  -23.570031
     -46.479303  -23.569678
     -46.478791  -23.569450
     -46.477964  -23.569269
     -46.476871  -23.569059
     -46.475698  -23.568816
     -46.475199  -23.568529
     -46.474896  -23.568122
     -46.474759  -23.567719
     -46.474573  -23.566744
     -46.474469  -23.566092
     -46.474439  -23.565688
     -46.474429  -23.564473
     -46.474433  -23.563166
     -46.474433  -23.563166
     -46.474455  -23.561630
     -46.474417  -23.560368
     -46.474465  -23.559698
     -46.475144  -23.558556
     -46.475645  -23.557855
     -46.476240  -23.556925
     -46.476851  -23.556794
     -46.477818  -23.556376
     -46.478768  -23.555753
     -46.479658  -23.554949
     -46.480217  -23.554750
     -46.482702  -23.554513
     -46.484622  -23.554705
     -46.487122  -23.554051
     -46.490233  -23.553717
     -46.491965  -23.553484
     -46.493252  -23.553056
     -46.496128  -23.551202
     -46.497447  -23.550312
     -46.499212  -23.549830
     -46.500784  -23.549850
     -46.502720  -23.549284
     -46.505338  -23.548787
     -46.506363  -23.548842
     -46.507559  -23.549545
     -46.508375  -23.550159
     -46.511139  -23.550353
     -46.513006  -23.551912
     -46.513963  -23.553670
     -46.516533  -23.554821
     -46.517563  -23.555321
     -46.518190  -23.556173
     -46.518965  -23.556852
     -46.519798  -23.557314
     -46.521396  -23.558255
     -46.521557  -23.558488
     -46.521519  -23.558624
END
END