vilaema_70
first_area
     -46.501627  -23.614893
     -46.501517  -23.615526
     -46.501392  -23.616058
     -46.501154  -23.617284
     -46.501563  -23.618098
     -46.501909  -23.618754
     -46.502354  -23.619536
     -46.502895  -23.620465
     -46.503527  -23.621615
     -46.504289  -23.622904
     -46.503632  -23.624793
     -46.503782  -23.625562
     -46.506186  -23.625790
     -46.507323  -23.625338
     -46.508457  -23.624444
     -46.509889  -23.623668
     -46.510844  -23.622267
     -46.511579  -23.621957
     -46.512248  -23.620554
     -46.512898  -23.619650
     -46.513494  -23.618800
     -46.515194  -23.618274
     -46.516157  -23.618248
     -46.517380  -23.617771
     -46.518071  -23.617108
     -46.518398  -23.616218
     -46.519924  -23.615439
     -46.520839  -23.615139
     -46.521287  -23.614309
     -46.521773  -23.613923
     -46.522633  -23.613733
     -46.523668  -23.614033
     -46.525134  -23.613851
     -46.527023  -23.613851
     -46.529329  -23.613819
     -46.531048  -23.614595
     -46.532181  -23.614057
     -46.534263  -23.614346
     -46.535511  -23.613698
     -46.537464  -23.612564
     -46.539016  -23.611675
     -46.541894  -23.609823
     -46.544591  -23.608112
     -46.544279  -23.607519
     -46.543781  -23.606560
     -46.543172  -23.605421
     -46.542605  -23.604349
     -46.542508  -23.604100
     -46.542519  -23.603332 
     -46.542662  -23.602793
     -46.541359  -23.602503
     -46.540847  -23.602331
     -46.540206  -23.601990
     -46.539528  -23.601229
     -46.539268  -23.600602
     -46.539069  -23.599962
     -46.538644  -23.598576
     -46.539105  -23.598336
     -46.540593  -23.597842
     -46.541107  -23.597528
     -46.540351  -23.596976
     -46.539600  -23.596441
     -46.538300  -23.595503
     -46.537986  -23.595290
     -46.537744  -23.595175
     -46.537861  -23.595057
     -46.537647  -23.594643
     -46.537069  -23.595095
     -46.536224  -23.595672
     -46.535999  -23.595847
     -46.535394  -23.594570
     -46.534768  -23.593211
     -46.533835  -23.591167
     -46.533019  -23.589435
     -46.532328  -23.588068
     -46.532089  -23.589666
     -46.531702  -23.590624
     -46.530330  -23.591405
     -46.528846  -23.592669
     -46.527254  -23.594247
     -46.524987  -23.594949
     -46.524987  -23.594949
     -46.523433  -23.596757
     -46.522464  -23.598085
     -46.522025  -23.598330
     -46.520269  -23.598525
     -46.518286  -23.598780
     -46.516519  -23.598988
     -46.515451  -23.599112
     -46.513759  -23.599835
     -46.512117  -23.600578
     -46.510998  -23.602127
     -46.509807  -23.603558
     -46.509042  -23.604461
     -46.507682  -23.606181
     -46.507202  -23.606882
     -46.506503  -23.608182
     -46.504679  -23.609607
     -46.504228  -23.610108
     -46.504040  -23.610865
     -46.504281  -23.611784
     -46.504244  -23.612447
     -46.503341  -23.613923
     -46.502685  -23.614543
     -46.502270  -23.614729
     -46.501798  -23.614733
     -46.501629  -23.614892
END
END