jaçana_73
first_area
     -46.571571  -23.485268
     -46.571983  -23.484531
     -46.572406  -23.483778
     -46.573042  -23.482662
     -46.573342  -23.482094
     -46.573900  -23.481059
     -46.574044  -23.480852
     -46.574170  -23.480606
     -46.574785  -23.479504
     -46.575700  -23.477886
     -46.576556  -23.476374
     -46.577465  -23.474544
     -46.576274  -23.473983
     -46.575672  -23.473703
     -46.575892  -23.473361
     -46.576014  -23.473174
     -46.576371  -23.472493
     -46.576679  -23.471931
     -46.577073  -23.471121
     -46.577268  -23.470746
     -46.577878  -23.470687
     -46.578252  -23.470704
     -46.579406  -23.470832
     -46.580294  -23.470914
     -46.581039  -23.470992
     -46.581436  -23.471014
     -46.581848  -23.470858
     -46.582562  -23.470626
     -46.582995  -23.470447
     -46.584668  -23.469892
     -46.584574  -23.469484
     -46.584211  -23.467737
     -46.583928  -23.466556
     -46.583823  -23.465937
     -46.583477  -23.464738
     -46.583666  -23.464798
     -46.584762  -23.466023
     -46.585394  -23.466650
     -46.585705  -23.466923
     -46.587545  -23.467947
     -46.588158  -23.468113
     -46.589124  -23.467983
     -46.589769  -23.467992
     -46.590348  -23.468113
     -46.591098  -23.468442
     -46.591847  -23.468676
     -46.592684  -23.468500
     -46.593333  -23.468148
     -46.593779  -23.467939
     -46.594334  -23.467505
     -46.594911  -23.467022
     -46.595551  -23.466707
     -46.596797  -23.466024
     -46.598157  -23.465290
     -46.599007  -23.465148
     -46.599474  -23.465050
     -46.599886  -23.464672
     -46.600463  -23.463971
     -46.600935  -23.463727
     -46.601481  -23.463717
     -46.602316  -23.463765
     -46.602828  -23.463487
     -46.603053  -23.463221
     -46.603195  -23.462754
     -46.602852  -23.461827
     -46.602754  -23.461124
     -46.602544  -23.459867
     -46.602477  -23.459449
     -46.602371  -23.458679
     -46.602534  -23.457560
     -46.602687  -23.456155
     -46.602344  -23.455175
     -46.602044  -23.454480
     -46.601893  -23.453686
     -46.601820  -23.453337
     -46.601638  -23.452725
     -46.601174  -23.452029
     -46.600793  -23.451561
     -46.600310  -23.451215
     -46.599192  -23.450345
     -46.599072  -23.450035
     -46.599118  -23.449348
     -46.599114  -23.448674
     -46.599165  -23.448209
     -46.599199  -23.447719
     -46.599079  -23.447391
     -46.598820  -23.447093
     -46.598538  -23.446793
     -46.597778  -23.446261
     -46.597293  -23.445931
     -46.596597  -23.445280
     -46.596478  -23.445067
     -46.596272  -23.444244
     -46.596105  -23.443838
     -46.595143  -23.443305
     -46.594567  -23.442886
     -46.594301  -23.442392
     -46.594161  -23.441925
     -46.594048  -23.441559
     -46.592516  -23.440486
     -46.591392  -23.439191
     -46.591392  -23.438599
     -46.592325  -23.438057
     -46.592356  -23.437117
     -46.593259  -23.437019
     -46.594154  -23.437187
     -46.594311  -23.437023
     -46.594212  -23.436169
     -46.594541  -23.435955
     -46.595003  -23.435838
     -46.595091  -23.435134
     -46.595258  -23.434867
     -46.595463  -23.434574
     -46.595502  -23.434058
     -46.595686  -23.433816
     -46.596065  -23.433617
     -46.596081  -23.433025
     -46.595289  -23.432630
     -46.594382  -23.432050
     -46.594118  -23.431517
     -46.593868  -23.430894
     -46.593538  -23.429957
     -46.593862  -23.428427
     -46.593947  -23.427759
     -46.593771  -23.427518
     -46.592104  -23.426991
     -46.591637  -23.426396
     -46.591326  -23.425195
     -46.590647  -23.424433
     -46.589892  -23.423629
     -46.589430  -23.422807
     -46.589505  -23.421485
     -46.588921  -23.420851
     -46.588475  -23.419923
     -46.586556  -23.419099
     -46.585391  -23.416693
     -46.584367  -23.416207
     -46.583885  -23.415798
     -46.583512  -23.414571
     -46.576665  -23.414459
     -46.575097  -23.417090
     -46.572535  -23.416774
     -46.570356  -23.417055
     -46.568597  -23.418423
     -46.566418  -23.420984
     -46.564927  -23.423265
     -46.564643  -23.424633
     -46.565435  -23.425121
     -46.565286  -23.425692
     -46.565269  -23.426114
     -46.565827  -23.427346
     -46.566252  -23.428428
     -46.566980  -23.429206
     -46.567239  -23.430673
     -46.568512  -23.432354
     -46.568324  -23.432819
     -46.567596  -23.433014
     -46.567361  -23.433623
     -46.566901  -23.434189
     -46.566573  -23.435052
     -46.564862  -23.435767
     -46.565100  -23.436607
     -46.565070  -23.437459
     -46.565406  -23.438720
     -46.565232  -23.439847
     -46.565422  -23.441575
     -46.566554  -23.441993
     -46.567012  -23.443279
     -46.567018  -23.444088
     -46.566830  -23.444907
     -46.566952  -23.446115
     -46.567105  -23.446753
     -46.567838  -23.447508
     -46.568346  -23.448652
     -46.568644  -23.449732
     -46.568290  -23.450388
     -46.568497  -23.451631
     -46.569483  -23.452939
     -46.570297  -23.453523
     -46.570411  -23.454353
     -46.570329  -23.455567
     -46.570336  -23.456194
     -46.570729  -23.456865
     -46.570549  -23.458498
     -46.570180  -23.459642
     -46.569452  -23.460476
     -46.569107  -23.461732
     -46.568358  -23.463501
     -46.567874  -23.464672
     -46.566716  -23.465628
     -46.566378  -23.466428
     -46.565706  -23.467490
     -46.565615  -23.468233
     -46.565113  -23.468925
     -46.564242  -23.469663
     -46.562529  -23.471867
     -46.561748  -23.472741
     -46.561683  -23.474579
     -46.561046  -23.475581
     -46.560812  -23.477299
     -46.561291  -23.478962
     -46.561084  -23.481312
     -46.561388  -23.482406
     -46.561253  -23.483335
     -46.561519  -23.484223
     -46.561215  -23.486948
     -46.561531  -23.487096
     -46.562966  -23.486203
     -46.563937  -23.485497
     -46.564763  -23.485021
     -46.564710  -23.484864
     -46.564872  -23.484561
     -46.565123  -23.484098
     -46.565410  -23.483586
     -46.565674  -23.483072
     -46.565968  -23.482543
     -46.568870  -23.483904
     -46.571575  -23.485269
END
END