jardimarpoador_v
first_area
     -46.770039  -23.583213
     -46.769665  -23.581788
     -46.770740  -23.581346
     -46.770766  -23.581236
     -46.770374  -23.580916
     -46.770123  -23.580752
     -46.769973  -23.580533
     -46.769901  -23.580344
     -46.769599  -23.580020
     -46.769876  -23.579659
     -46.769638  -23.579459
     -46.769734  -23.579223
     -46.770413  -23.578968
     -46.770885  -23.578847
     -46.771467  -23.578808
     -46.772036  -23.578731
     -46.772623  -23.578830
     -46.773337  -23.578791
     -46.773700  -23.578640
     -46.774018  -23.578299
     -46.774105  -23.577931
     -46.774370  -23.577280
     -46.774604  -23.576459
     -46.775184  -23.574463
     -46.775750  -23.573643
     -46.776265  -23.572532
     -46.776789  -23.571151
     -46.777438  -23.570950
     -46.777620  -23.570970
     -46.778174  -23.571303
     -46.778524  -23.571470
     -46.778885  -23.571458
     -46.778971  -23.571660
     -46.779095  -23.571356
     -46.779207  -23.571151
     -46.779462  -23.571035
     -46.779839  -23.571108
     -46.779851  -23.570937
     -46.779805  -23.570644
     -46.780354  -23.570757
     -46.780365  -23.571150
     -46.780117  -23.571721
     -46.780101  -23.571898
     -46.780187  -23.572047
     -46.780332  -23.572187
     -46.781054  -23.572735
     -46.781247  -23.572930
     -46.781319  -23.573152
     -46.781094  -23.574159
     -46.781020  -23.574302
     -46.780619  -23.574614
     -46.780547  -23.574797
     -46.780338  -23.575480
     -46.780192  -23.575867
     -46.780256  -23.576017
     -46.780597  -23.576388
     -46.782326  -23.574773
     -46.782111  -23.574357
     -46.782131  -23.574263
     -46.782528  -23.574340
     -46.785366  -23.574080
     -46.785843  -23.574257
     -46.786846  -23.575383
     -46.787651  -23.576784
     -46.787801  -23.576980
     -46.788255  -23.577182
     -46.789424  -23.577258
     -46.791388  -23.578026
     -46.791597  -23.578211
     -46.793520  -23.580436
     -46.793922  -23.580819
     -46.794055  -23.581060
     -46.794390  -23.582639
     -46.794488  -23.582881
     -46.795325  -23.582419
     -46.797208  -23.582566
     -46.798957  -23.582979
     -46.801256  -23.583259
     -46.801531  -23.583271
     -46.802045  -23.583172
     -46.802280  -23.583218
     -46.803254  -23.583825
     -46.803649  -23.583904
     -46.804877  -23.584002
     -46.805226  -23.584056
     -46.807173  -23.584818
     -46.807693  -23.584936
     -46.807936  -23.589065
     -46.805621  -23.592130
     -46.807422  -23.593072
     -46.808652  -23.598220
     -46.809265  -23.602335
     -46.807632  -23.605890
     -46.808040  -23.607199
     -46.808856  -23.607386
     -46.809877  -23.607947
     -46.808244  -23.610192
     -46.808201  -23.609101
     -46.807732  -23.608927
     -46.807390  -23.608886
     -46.806417  -23.609228
     -46.806107  -23.608978
     -46.803806  -23.607754
     -46.802811  -23.607564
     -46.801922  -23.607604
     -46.801734  -23.607565
     -46.801348  -23.607300
     -46.800790  -23.606724
     -46.800592  -23.606596
     -46.799277  -23.606139
     -46.799095  -23.606006
     -46.798805  -23.604964
     -46.798526  -23.604758
     -46.796455  -23.604746
     -46.795290  -23.605520
     -46.794326  -23.605189
     -46.793514  -23.605046
     -46.792670  -23.604574
     -46.792047  -23.604568
     -46.791408  -23.604092
     -46.789983  -23.603799
     -46.789239  -23.603298
     -46.788999  -23.603248
     -46.788509  -23.604065
     -46.788327  -23.604201
     -46.787245  -23.603793
     -46.786993  -23.603537
     -46.786865  -23.602685
     -46.787359  -23.601427
     -46.787311  -23.600357
     -46.787083  -23.599881
     -46.786559  -23.599459
     -46.785856  -23.599046
     -46.785250  -23.598962
     -46.784993  -23.598896
     -46.781816  -23.597182
     -46.780790  -23.596609
     -46.779510  -23.595207
     -46.779298  -23.595071
     -46.777340  -23.594570
     -46.776251  -23.593339
     -46.776069  -23.592425
     -46.775790  -23.591982
     -46.775253  -23.591658
     -46.774728  -23.591638
     -46.773387  -23.590851
     -46.772614  -23.589642
     -46.771937  -23.589547
     -46.770596  -23.589980
     -46.769490  -23.589557
     -46.768982  -23.589582
     -46.768059  -23.590305
     -46.767598  -23.590275
     -46.767324  -23.589995
     -46.767168  -23.589297
     -46.767098  -23.589036
     -46.766830  -23.588712
     -46.763000  -23.587503
     -46.762337  -23.587218
     -46.761631  -23.586772
     -46.761362  -23.586708
     -46.760622  -23.586669
     -46.759720  -23.586113
     -46.762609  -23.585526
     -46.765753  -23.585084
     -46.767523  -23.584562
     -46.769980  -23.583245
     -46.771214  -23.582960

     
END
END
