jardisn_78
first_area
     -46.660790  -23.554061
     -46.659080  -23.555491
     -46.658726  -23.555851
     -46.658232  -23.556280
     -46.657303  -23.557096
     -46.656356  -23.557678
     -46.656267  -23.557865
     -46.656314  -23.558900
     -46.656288  -23.559381
     -46.656045  -23.559864
     -46.655082  -23.560753
     -46.654030  -23.561688
     -46.652830  -23.562679
     -46.651328  -23.563942
     -46.649848  -23.565147
     -46.648314  -23.566460
     -46.647337  -23.565088
     -46.646530  -23.565651
     -46.645229  -23.566509
     -46.644853  -23.566106
     -46.644108  -23.568183
     -46.644041  -23.568567
     -46.643933  -23.570030
     -46.643748  -23.571566
     -46.643051  -23.572198
     -46.642434  -23.573272
     -46.641973  -23.574278
     -46.641720  -23.574929
     -46.641860  -23.575219
     -46.642040  -23.575377
     -46.642673  -23.575635
     -46.643091  -23.574683
     -46.644078  -23.575067
     -46.645892  -23.575751
     -46.646318  -23.574834
     -46.646737  -23.573880
     -46.647198  -23.572939
     -46.648558  -23.571842
     -46.649414  -23.571198
     -46.650352  -23.570502
     -46.650773  -23.570151
     -46.651138  -23.569842
     -46.651503  -23.570204
     -46.652344  -23.570941
     -46.653549  -23.572046
     -46.654499  -23.572925
     -46.655456  -23.573777
     -46.656367  -23.574620
     -46.657381  -23.575551
     -46.658190  -23.576294
     -46.659480  -23.577423
     -46.660147  -23.578025
     -46.660796  -23.578625
     -46.661445  -23.579053
     -46.661799  -23.578905
     -46.662480  -23.578271
     -46.663091  -23.577698
     -46.663772  -23.577058
     -46.664463  -23.576402
     -46.665384  -23.575522
     -46.665884  -23.575041
     -46.666389  -23.574563
     -46.666995  -23.573981
     -46.668108  -23.572949
     -46.669182  -23.571974
     -46.670177  -23.570993
     -46.671191  -23.570049
     -46.671920  -23.569343
     -46.672847  -23.568485
     -46.673683  -23.567685
     -46.674584  -23.566852
     -46.675726  -23.565996
     -46.676550  -23.565308
     -46.677609  -23.564538
     -46.677784  -23.564280
     -46.676507  -23.563609
     -46.674908  -23.562397
     -46.674506  -23.562109
     -46.672973  -23.561176
     -46.671846  -23.560522
     -46.669126  -23.558999
     -46.667491  -23.558086
     -46.666662  -23.557491
     -46.665474  -23.556830
     -46.664618  -23.556596
     -46.663813  -23.556394
     -46.663306  -23.556072
     -46.661780  -23.554823
     -46.660796  -23.554073
END
END