belem_81
first_area
     -46.580677  -23.541870
     -46.582029  -23.542170
     -46.583396  -23.542436
     -46.584544  -23.542662
     -46.586390  -23.543026
     -46.589018  -23.543528
     -46.591373  -23.543995
     -46.593192  -23.544364
     -46.594941  -23.544772
     -46.596802  -23.545052
     -46.598417  -23.545559
     -46.599141  -23.545738
     -46.600096  -23.546085
     -46.600783  -23.546338
     -46.601552  -23.546764
     -46.602279  -23.547137
     -46.602657  -23.547329
     -46.602735  -23.547630
     -46.603502  -23.547206
     -46.603759  -23.546870
     -46.604603  -23.545610
     -46.606062  -23.543531
     -46.606789  -23.542461
     -46.606113  -23.542192
     -46.606358  -23.540817
     -46.606540  -23.539645
     -46.606649  -23.539034
     -46.605114  -23.538785
     -46.603931  -23.538605
     -46.603040  -23.538483
     -46.602162  -23.538364
     -46.601449  -23.538280
     -46.599770  -23.538147
     -46.598985  -23.538088
     -46.598993  -23.537918
     -46.599647  -23.536445
     -46.600277  -23.535056
     -46.600967  -23.533504
     -46.601264  -23.532845
     -46.601790  -23.531675
     -46.602112  -23.530858
     -46.602131  -23.530108
     -46.602225  -23.528955
     -46.602281  -23.528310
     -46.602281  -23.528310
     -46.602263  -23.527489
     -46.601659  -23.526451
     -46.601187  -23.525664
     -46.600997  -23.525468
     -46.598959  -23.527126
     -46.597365  -23.528463
     -46.595348  -23.529752
     -46.593465  -23.530441
     -46.591963  -23.530623
     -46.590290  -23.530490
     -46.589142  -23.530081
     -46.586937  -23.529516
     -46.584925  -23.528990
     -46.584117  -23.530602
     -46.583684  -23.532430
     -46.583053  -23.534820
     -46.582214  -23.538013
     -46.581582  -23.539038
     -46.581275  -23.539717
     -46.580627  -23.542082
END
END
