portaldomorumbi_89
first_area
     -46.700760  -23.618141
     -46.701578  -23.617987
     -46.704268  -23.617548
     -46.706168  -23.617420
     -46.708186  -23.617187
     -46.710841  -23.616912
     -46.712400  -23.616679
     -46.712837  -23.616082
     -46.713273  -23.615529
     -46.713956  -23.614490
     -46.714005  -23.613624
     -46.713850  -23.613304
     -46.713313  -23.612766
     -46.713226  -23.612319
     -46.713485  -23.611948
     -46.715204  -23.611583
     -46.716237  -23.611219
     -46.717637  -23.610300
     -46.719157  -23.609640
     -46.720523  -23.608966
     -46.720628  -23.607821
     -46.720999  -23.607635
     -46.721953  -23.607776
     -46.722794  -23.607057
     -46.725353  -23.606748
     -46.727361  -23.606593
     -46.729347  -23.606349
     -46.729523  -23.606180
     -46.729908  -23.605492
     -46.730236  -23.605144
     -46.731415  -23.604810
     -46.731713  -23.604895
     -46.731917  -23.604736
     -46.731840  -23.604502
     -46.731669  -23.604447
     -46.731562  -23.603583
     -46.731610  -23.603117
     -46.731730  -23.602713
     -46.732002  -23.602280
     -46.732755  -23.601323
     -46.733270  -23.600677
     -46.733323  -23.600426
     -46.733549  -23.600337
     -46.734158  -23.599588
     -46.734024  -23.599079
     -46.734251  -23.598658
     -46.734346  -23.598362
     -46.734385  -23.597918
     -46.734267  -23.597429
     -46.734326  -23.597074
     -46.734599  -23.596785
     -46.735428  -23.596392
     -46.735792  -23.596125
     -46.736007  -23.595875
     -46.736067  -23.595568
     -46.735988  -23.595128
     -46.735814  -23.594817
     -46.735461  -23.594553
     -46.734867  -23.594297
     -46.735164  -23.593666
     -46.735959  -23.593996
     -46.736318  -23.594137
     -46.736689  -23.594326
     -46.737485  -23.594667
     -46.738419  -23.595103
     -46.738986  -23.595396
     -46.739207  -23.595528
     -46.739378  -23.595719
     -46.739727  -23.596563
     -46.740825  -23.598204
     -46.741635  -23.599584
     -46.742471  -23.600630
     -46.743490  -23.601746
     -46.744260  -23.602685
     -46.745009  -23.604012
     -46.745578  -23.604779
     -46.746836  -23.605721
     -46.748424  -23.606481
     -46.751042  -23.607145
     -46.751610  -23.607680
     -46.752007  -23.609135
     -46.752361  -23.609715
     -46.752533  -23.610404
     -46.753037  -23.610851
     -46.754172  -23.611523
     -46.754285  -23.611820
     -46.754584  -23.612451
     -46.754987  -23.612967
     -46.755224  -23.613377
     -46.755524  -23.614138
     -46.755670  -23.614409
     -46.756038  -23.614964
     -46.755959  -23.615049
     -46.755902  -23.615468
     -46.755499  -23.615810
     -46.755190  -23.616024
     -46.754549  -23.616211
     -46.753807  -23.616561
     -46.753108  -23.616990
     -46.752507  -23.617327
     -46.751999  -23.617643
     -46.751210  -23.618170
     -46.750316  -23.617829
     -46.750041  -23.617855
     -46.749256  -23.618255
     -46.748677  -23.618549
     -46.747496  -23.619182
     -46.746841  -23.619499
     -46.746188  -23.619178
     -46.745936  -23.619017
     -46.745803  -23.618853
     -46.745714  -23.618653
     -46.745696  -23.618419
     -46.745606  -23.618356
     -46.744874  -23.618238
     -46.744074  -23.618079
     -46.744064  -23.617847
     -46.743534  -23.617759
     -46.743440  -23.617721
     -46.743412  -23.617509
     -46.743108  -23.617479
     -46.743189  -23.617731
     -46.743199  -23.617999
     -46.743186  -23.618299
     -46.743119  -23.618602
     -46.742669  -23.619533
     -46.742446  -23.620122
     -46.742045  -23.620989
     -46.741641  -23.621378
     -46.741158  -23.621726
     -46.740697  -23.621901
     -46.740147  -23.622067
     -46.740203  -23.622946
     -46.740410  -23.623105
     -46.740581  -23.623435
     -46.740649  -23.623738
     -46.740715  -23.624224
     -46.740744  -23.625013
     -46.741010  -23.625181
     -46.741269  -23.625261
     -46.741986  -23.625341
     -46.742271  -23.625466
     -46.742714  -23.625831
     -46.743402  -23.626399
     -46.743944  -23.626883
     -46.744092  -23.627117
     -46.744166  -23.627367
     -46.744169  -23.627772
     -46.744049  -23.628195
     -46.743963  -23.628325
     -46.743762  -23.628690
     -46.743581  -23.628948
     -46.743167  -23.629215
     -46.742888  -23.629310
     -46.742037  -23.629486
     -46.740486  -23.629587
     -46.739176  -23.629689
     -46.738837  -23.629794
     -46.738056  -23.630437
     -46.738242  -23.630795
     -46.738436  -23.631211
     -46.738742  -23.631549
     -46.739178  -23.631727
     -46.739122  -23.631909
     -46.738470  -23.632323
     -46.738347  -23.632437
     -46.738113  -23.632718
     -46.737922  -23.633001
     -46.737813  -23.633271
     -46.737776  -23.634061
     -46.737758  -23.634896
     -46.737748  -23.635252
     -46.737737  -23.635562
     -46.737832  -23.636258
     -46.738191  -23.636838
     -46.738646  -23.637555
     -46.738247  -23.637606
     -46.737835  -23.637655
     -46.737416  -23.637908
     -46.736938  -23.638210
     -46.736842  -23.638239
     -46.736718  -23.638783
     -46.736679  -23.639088
     -46.736681  -23.639437
     -46.736733  -23.639650
     -46.736834  -23.640002
     -46.736936  -23.640281
     -46.736932  -23.640567
     -46.736925  -23.640915
     -46.736525  -23.642235
     -46.736488  -23.642881
     -46.736268  -23.643120
     -46.735815  -23.643367
     -46.734786  -23.643984
     -46.734421  -23.644151
     -46.733906  -23.644233
     -46.733560  -23.644236
     -46.732928  -23.644110
     -46.732600  -23.644032
     -46.732298  -23.643987
     -46.731824  -23.644062
     -46.731204  -23.644149
     -46.730247  -23.644373
     -46.728820  -23.644437
     -46.727925  -23.644536
     -46.726981  -23.644630
     -46.726363  -23.644702
     -46.725964  -23.643102
     -46.724956  -23.640712
     -46.722819  -23.638176
     -46.719525  -23.634923
     -46.716419  -23.631118
     -46.712323  -23.626914
     -46.709733  -23.625032
     -46.707150  -23.624021
     -46.704706  -23.623173
     -46.702078  -23.621367
     -46.701070  -23.619532
     -46.700755  -23.618140
END
END