parquenovomundo_90
first_area
     -46.588936  -23.529376
     -46.588870  -23.529014
     -46.588876  -23.527672
     -46.588596  -23.526968
     -46.587910  -23.525914
     -46.586769  -23.524429
     -46.585402  -23.522659
     -46.583825  -23.520908
     -46.581754  -23.518744
     -46.579297  -23.516147
     -46.576637  -23.513421
     -46.573733  -23.510402
     -46.570782  -23.507369
     -46.568643  -23.505135
     -46.567118  -23.503932
     -46.567764  -23.503660
     -46.568210  -23.503938
     -46.568482  -23.503969
     -46.568865  -23.503860
     -46.569256  -23.503675
     -46.569700  -23.503376
     -46.569977  -23.503101
     -46.570680  -23.502416
     -46.570755  -23.502495
     -46.570791  -23.502418
     -46.570802  -23.502335
     -46.570787  -23.501680
     -46.570752  -23.501571
     -46.570698  -23.501383
     -46.570955  -23.501371
     -46.571586  -23.500754
     -46.572272  -23.500109
     -46.572703  -23.499693
     -46.572873  -23.499469
     -46.573569  -23.498794
     -46.574182  -23.498167
     -46.574403  -23.497945
     -46.574860  -23.497528
     -46.575409  -23.497014
     -46.575841  -23.496639
     -46.576302  -23.496220
     -46.576806  -23.495767
     -46.577131  -23.495495
     -46.577364  -23.495392
     -46.577961  -23.495270
     -46.579145  -23.495092
     -46.579542  -23.495016
     -46.580493  -23.494995
     -46.581329  -23.494953
     -46.582852  -23.494764
     -46.583273  -23.494769
     -46.583582  -23.494808
     -46.584264  -23.494925
     -46.584777  -23.495067
     -46.583744  -23.494113
     -46.582977  -23.493374
     -46.582229  -23.492699
     -46.582046  -23.492500
     -46.581502  -23.491986
     -46.580555  -23.491099
     -46.579801  -23.490352
     -46.579055  -23.489615
     -46.578582  -23.489180
     -46.577548  -23.488231
     -46.576876  -23.487847
     -46.576101  -23.487457
     -46.575315  -23.487105
     -46.574399  -23.486651
     -46.572816  -23.485856
     -46.571581  -23.485253
     -46.570716  -23.484848
     -46.569762  -23.484370
     -46.568821  -23.483926
     -46.567860  -23.483455
     -46.566883  -23.483002
     -46.565974  -23.482553
     -46.565406  -23.483602
     -46.564901  -23.484558
     -46.564717  -23.484829
     -46.564760  -23.485015
     -46.564589  -23.485123
     -46.564443  -23.485192
     -46.563911  -23.485509
     -46.562971  -23.486209
     -46.562024  -23.486794
     -46.561599  -23.487094
     -46.561149  -23.487276
     -46.561004  -23.488063
     -46.560780  -23.488361
     -46.560216  -23.488736
     -46.559981  -23.489329
     -46.560050  -23.491734
     -46.560105  -23.493910
     -46.560630  -23.496407
     -46.562017  -23.499014
     -46.562216  -23.499849
     -46.560739  -23.502322
     -46.559477  -23.504277
     -46.559402  -23.504828
     -46.559590  -23.505738
     -46.559370  -23.506832
     -46.558152  -23.508057
     -46.555561  -23.510010
     -46.556156  -23.511515
     -46.556427  -23.512956
     -46.556518  -23.514973
     -46.555980  -23.517624
     -46.555749  -23.518976
     -46.555835  -23.519857
     -46.556114  -23.520904
     -46.557187  -23.522178
     -46.559145  -23.523275
     -46.560336  -23.523531
     -46.563189  -23.523437
     -46.564793  -23.523669
     -46.566291  -23.524314
     -46.569183  -23.525706
     -46.571672  -23.526404
     -46.574327  -23.526203
     -46.576500  -23.526188
     -46.578748  -23.526691
     -46.582734  -23.527788
     -46.586441  -23.528678
     -46.588930  -23.529337
END
END